Model run using Apollo for R, version 0.0.8 
www.ApolloChoiceModelling.com

Model name                       : MNL_Modelo_3
Model description                : MNL modelo 3
Model run at                     : 2020-02-29 20:20:30
Estimation method                : bfgs
Model diagnosis                  : successful convergence 
Number of individuals            : 282
Number of observations           : 282

Number of cores used             :  1 
Model without mixing

LL(start)                        : -390.935
LL(0)                            : -390.935
LL(final)                        : -293.6538
Rho-square (0)                   :  0.2488 
Adj.Rho-square (0)               :  0.1926 
AIC                              :  631.31 
BIC                              :  711.43 
Estimated parameters             :  22
Time taken (hh:mm:ss)            :  00:00:33.98 
Iterations                       :  31 

Estimates:
                Estimate Std.err. t.ratio(0) Rob.std.err. Rob.t.ratio(0)
asc_ruta1        -0.4819   0.5093      -0.95       0.5513          -0.87
asc_ruta2        -1.4973   0.5263      -2.84       0.5696          -2.63
asc_ruta3        -2.1315   0.5498      -3.88       0.5676          -3.76
asc_rutaEC        0.0000       NA         NA           NA             NA
b_time            0.0662   0.0267       2.48       0.0352           1.88
b_dist           -0.2750   0.1145      -2.40       0.1072          -2.56
b_cong            0.0265   0.0843       0.31       0.0924           0.29
b_Sem_0           0.0000       NA         NA           NA             NA
b_Sem_1           0.1008   0.5102       0.20       0.4236           0.24
b_Sem_2           0.3022   0.3606       0.84       0.3134           0.96
b_Sem_3           0.5503   0.3576       1.54       0.2884           1.91
b_Sem_4           0.8580   0.3999       2.15       0.3081           2.78
b_ACC_0           0.0000       NA         NA           NA             NA
b_ACC_1          -0.4005   0.3082      -1.30       0.3149          -1.27
b_ACC_2          -3.0250   1.1719      -2.58       0.9276          -3.26
b_NO_CAMFD        0.0000       NA         NA           NA             NA
b_SI_CAMFD       -0.6153   0.2828      -2.18       0.2622          -2.35
b_NO_PANEL        0.0000       NA         NA           NA             NA
b_SI_PANEL       -0.3704   0.2130      -1.74       0.1815          -2.04
b_NO_ZER          0.0000       NA         NA           NA             NA
b_SI_ZER         -0.0297   0.2572      -0.12       0.2563          -0.12
b_CSECO           0.2467   0.3516       0.70       0.3574           0.69
b_CLLUVIA         0.0000       NA         NA           NA             NA
b_Hpico           0.0000       NA         NA           NA             NA
b_Hvalle          0.0128   0.2692       0.05       0.2702           0.05
b_Joven30        -1.0148   0.6178      -1.64       0.5975          -1.70
b_Adulto40       -0.4278   0.4465      -0.96       0.4538          -0.94
b_Adulto60       -0.5780   0.3928      -1.47       0.4117          -1.40
b_AdultoMayor     0.0000       NA         NA           NA             NA
b_USOCINTURON    -0.0012   0.3208       0.00       0.3304           0.00
b_NOUSOCINTURON   0.0000       NA         NA           NA             NA
b_USODISPMOB     -0.1794   0.2824      -0.64       0.2758          -0.65
b_NOUSODISPMOB    0.0000       NA         NA           NA             NA

Overview of choices for MNL model component:
                                  ruta1 ruta2  ruta3 rutaEC
Times available                  282.00 282.0 282.00 282.00
Times chosen                      83.00  33.0  18.00 148.00
Percentage chosen overall         29.43  11.7   6.38  52.48
Percentage chosen when available  29.43  11.7   6.38  52.48


Classical covariance matrix:
              asc_ruta1 asc_ruta2 asc_ruta3    b_time    b_dist    b_cong   b_Sem_1   b_Sem_2   b_Sem_3
asc_ruta1      0.259430  0.244149  0.240327  0.002258 -0.007048  0.001054  0.012751  0.012135  0.010480
asc_ruta2      0.244149  0.277042  0.244336  0.001384 -0.009080  0.002416  0.018362  0.009694  0.002508
asc_ruta3      0.240327  0.244336  0.302319  0.000426 -0.008342  0.002513  0.016562  0.012952  0.001435
b_time         0.002258  0.001384  0.000426  0.000711 -0.001030 -0.000913  0.001414  0.000154  0.000103
b_dist        -0.007048 -0.009080 -0.008342 -0.001030  0.013110  0.000922 -0.001901  0.000317 -0.000115
b_cong         0.001054  0.002416  0.002513 -0.000913  0.000922  0.007110 -0.000293  0.000124  0.001194
b_Sem_1        0.012751  0.018362  0.016562  0.001414 -0.001901 -0.000293  0.260300  0.120842  0.091466
b_Sem_2        0.012135  0.009694  0.012952  0.000154  0.000317  0.000124  0.120842  0.130044  0.091474
b_Sem_3        0.010480  0.002508  0.001435  0.000103 -0.000115  0.001194  0.091466  0.091474  0.127910
b_Sem_4        0.005279 -0.006880 -0.014065 -0.000052 -0.000867  0.000029  0.085738  0.087756  0.104704
b_ACC_1        0.016200  0.020491  0.021207 -0.000904  0.001411  0.001754 -0.008347 -0.001794 -0.005064
b_ACC_2        0.000241 -0.006378 -0.025626  0.003197  0.029440 -0.000191  0.037725  0.011266 -0.009197
b_SI_CAMFD    -0.012823 -0.007788 -0.007078 -0.000647 -0.001577 -0.000061  0.002729 -0.001174 -0.006493
b_SI_PANEL    -0.008023 -0.008190 -0.008597  0.000330 -0.000260 -0.001142  0.011333  0.007035  0.002807
b_SI_ZER      -0.002797 -0.000946 -0.001796 -0.000561  0.000195  0.001785 -0.003647 -0.002360 -0.002440
b_CSECO        0.090694  0.087576  0.086346  0.001007 -0.004025 -0.003565  0.007388  0.010485  0.014037
b_Hvalle       0.023251  0.025133  0.025370 -0.000674 -0.001028 -0.001392  0.001604  0.003048  0.003496
b_Joven30      0.111091  0.109065  0.105409  0.000290  0.001383  0.008293  0.008822  0.007839  0.008324
b_Adulto40     0.123312  0.121960  0.119121  0.001090  0.001804  0.003345  0.018095 -0.000111 -0.001087
b_Adulto60     0.109453  0.110128  0.108834  0.000044  0.001778  0.003622  0.005327 -0.001772 -0.005519
b_USOCINTURON  0.049293  0.052620  0.054801 -0.001097  0.001375  0.003961  0.002857  0.002358 -0.004471
b_USODISPMOB   0.020427  0.018588  0.018561  0.000343  0.001885 -0.002223 -0.010989 -0.004260 -0.001984
                b_Sem_4   b_ACC_1   b_ACC_2 b_SI_CAMFD b_SI_PANEL  b_SI_ZER   b_CSECO  b_Hvalle b_Joven30
asc_ruta1      0.005279  0.016200  0.000241  -0.012823  -0.008023 -0.002797  0.090694  0.023251  0.111091
asc_ruta2     -0.006880  0.020491 -0.006378  -0.007788  -0.008190 -0.000946  0.087576  0.025133  0.109065
asc_ruta3     -0.014065  0.021207 -0.025626  -0.007078  -0.008597 -0.001796  0.086346  0.025370  0.105409
b_time        -0.000052 -0.000904  0.003197  -0.000647   0.000330 -0.000561  0.001007 -0.000674  0.000290
b_dist        -0.000867  0.001411  0.029440  -0.001577  -0.000260  0.000195 -0.004025 -0.001028  0.001383
b_cong         0.000029  0.001754 -0.000191  -0.000061  -0.001142  0.001785 -0.003565 -0.001392  0.008293
b_Sem_1        0.085738 -0.008347  0.037725   0.002729   0.011333 -0.003647  0.007388  0.001604  0.008822
b_Sem_2        0.087756 -0.001794  0.011266  -0.001174   0.007035 -0.002360  0.010485  0.003048  0.007839
b_Sem_3        0.104704 -0.005064 -0.009197  -0.006493   0.002807 -0.002440  0.014037  0.003496  0.008324
b_Sem_4        0.159914 -0.007522 -0.023287  -0.004711   0.002869 -0.008332  0.012281  0.004039  0.006142
b_ACC_1       -0.007522  0.094998  0.033177  -0.005328  -0.005016 -0.001115  0.002940  0.001918  0.005519
b_ACC_2       -0.023287  0.033177  1.373398  -0.013404   0.004460 -0.018161 -0.010021 -0.021313  0.016789
b_SI_CAMFD    -0.004711 -0.005328 -0.013404   0.079967  -0.003431  0.007037 -0.002895 -0.001345  0.004614
b_SI_PANEL     0.002869 -0.005016  0.004460  -0.003431   0.045363  0.000256 -0.000496  0.000312 -0.000147
b_SI_ZER      -0.008332 -0.001115 -0.018161   0.007037   0.000256  0.066172 -0.000287 -0.005309  0.001663
b_CSECO        0.012281  0.002940 -0.010021  -0.002895  -0.000496 -0.000287  0.123611  0.001825 -0.013879
b_Hvalle       0.004039  0.001918 -0.021313  -0.001345   0.000312 -0.005309  0.001825  0.072485 -0.001185
b_Joven30      0.006142  0.005519  0.016789   0.004614  -0.000147  0.001663 -0.013879 -0.001185  0.381682
b_Adulto40    -0.002342  0.007264  0.033685  -0.003621  -0.001993 -0.005961  0.009702  0.002999  0.136294
b_Adulto60    -0.006579  0.004312  0.008368   0.002465  -0.002136 -0.000820 -0.003404  0.002046  0.127332
b_USOCINTURON -0.008414  0.008533  0.001392  -0.004672  -0.001446  0.004094 -0.023147 -0.005820  0.002128
b_USODISPMOB  -0.001807  0.006621  0.008323  -0.000727  -0.003798  0.003754  0.002415  0.001357 -0.031257
              b_Adulto40 b_Adulto60 b_USOCINTURON b_USODISPMOB
asc_ruta1       0.123312   0.109453      0.049293     0.020427
asc_ruta2       0.121960   0.110128      0.052620     0.018588
asc_ruta3       0.119121   0.108834      0.054801     0.018561
b_time          0.001090   0.000044     -0.001097     0.000343
b_dist          0.001804   0.001778      0.001375     0.001885
b_cong          0.003345   0.003622      0.003961    -0.002223
b_Sem_1         0.018095   0.005327      0.002857    -0.010989
b_Sem_2        -0.000111  -0.001772      0.002358    -0.004260
b_Sem_3        -0.001087  -0.005519     -0.004471    -0.001984
b_Sem_4        -0.002342  -0.006579     -0.008414    -0.001807
b_ACC_1         0.007264   0.004312      0.008533     0.006621
b_ACC_2         0.033685   0.008368      0.001392     0.008323
b_SI_CAMFD     -0.003621   0.002465     -0.004672    -0.000727
b_SI_PANEL     -0.001993  -0.002136     -0.001446    -0.003798
b_SI_ZER       -0.005961  -0.000820      0.004094     0.003754
b_CSECO         0.009702  -0.003404     -0.023147     0.002415
b_Hvalle        0.002999   0.002046     -0.005820     0.001357
b_Joven30       0.136294   0.127332      0.002128    -0.031257
b_Adulto40      0.199344   0.127478     -0.011118    -0.030458
b_Adulto60      0.127478   0.154308     -0.011961    -0.010653
b_USOCINTURON  -0.011118  -0.011961      0.102884     0.006859
b_USODISPMOB   -0.030458  -0.010653      0.006859     0.079775

Robust covariance matrix:
              asc_ruta1 asc_ruta2 asc_ruta3    b_time    b_dist    b_cong   b_Sem_1   b_Sem_2   b_Sem_3
asc_ruta1      0.303940  0.289512  0.264543  0.004811 -0.015197  0.004240  0.025517  0.018483  0.016590
asc_ruta2      0.289512  0.324455  0.273107  0.003361 -0.016988  0.006108  0.024222  0.015880  0.009445
asc_ruta3      0.264543  0.273107  0.322186 -0.000467 -0.010756  0.006111  0.018442  0.021062  0.008968
b_time         0.004811  0.003361 -0.000467  0.001241 -0.001727 -0.001468  0.002990  0.001063  0.000396
b_dist        -0.015197 -0.016988 -0.010756 -0.001727  0.011495  0.001249 -0.008437 -0.005494 -0.002614
b_cong         0.004240  0.006108  0.006111 -0.001468  0.001249  0.008529 -0.001796 -0.000722 -0.000116
b_Sem_1        0.025517  0.024222  0.018442  0.002990 -0.008437 -0.001796  0.179406  0.090841  0.066173
b_Sem_2        0.018483  0.015880  0.021062  0.001063 -0.005494 -0.000722  0.090841  0.098237  0.064878
b_Sem_3        0.016590  0.009445  0.008968  0.000396 -0.002614 -0.000116  0.066173  0.064878  0.083195
b_Sem_4        0.002615 -0.008040 -0.007644 -0.001000 -0.003411 -0.000995  0.053632  0.055820  0.061047
b_ACC_1        0.033619  0.040535  0.028915  0.000940 -0.002975  0.001902 -0.000686 -0.003167 -0.004722
b_ACC_2        0.037556  0.011815 -0.027082  0.008556  0.032018  0.007877  0.053956  0.006311  0.005356
b_SI_CAMFD    -0.031378 -0.024723 -0.017085 -0.001978  0.001165 -0.001355 -0.004597 -0.004944 -0.004168
b_SI_PANEL    -0.006250 -0.008916 -0.004166 -0.000047  0.002188 -0.001496  0.008330  0.009181  0.005696
b_SI_ZER       0.004220  0.003590  0.004916 -0.001094  0.001116  0.003840 -0.002536 -0.000584 -0.000903
b_CSECO        0.094118  0.098129  0.092844  0.000946 -0.005931 -0.004184  0.010115  0.011424  0.019125
b_Hvalle       0.026656  0.025425  0.027210  0.000170 -0.001760 -0.002650  0.003934  0.002846  0.003704
b_Joven30      0.133203  0.130993  0.119059  0.001321 -0.004864  0.008605  0.012195  0.001065 -0.001954
b_Adulto40     0.150743  0.142838  0.134166  0.001911 -0.000341  0.005683  0.014527 -0.002558 -0.006817
b_Adulto60     0.132442  0.125679  0.118792  0.000651  0.001354  0.006202 -0.000881 -0.007926 -0.014657
b_USOCINTURON  0.058615  0.063898  0.060120 -0.001376  0.000641  0.007651  0.007793  0.008626  0.002611
b_USODISPMOB   0.016237  0.016110  0.017774  0.001104  0.001239 -0.003231 -0.004845 -0.003947 -0.001158
                b_Sem_4   b_ACC_1   b_ACC_2 b_SI_CAMFD b_SI_PANEL  b_SI_ZER   b_CSECO  b_Hvalle b_Joven30
asc_ruta1      0.002615  0.033619  0.037556  -0.031378  -0.006250  0.004220  0.094118  0.026656  0.133203
asc_ruta2     -0.008040  0.040535  0.011815  -0.024723  -0.008916  0.003590  0.098129  0.025425  0.130993
asc_ruta3     -0.007644  0.028915 -0.027082  -0.017085  -0.004166  0.004916  0.092844  0.027210  0.119059
b_time        -0.001000  0.000940  0.008556  -0.001978  -0.000047 -0.001094  0.000946  0.000170  0.001321
b_dist        -0.003411 -0.002975  0.032018   0.001165   0.002188  0.001116 -0.005931 -0.001760 -0.004864
b_cong        -0.000995  0.001902  0.007877  -0.001355  -0.001496  0.003840 -0.004184 -0.002650  0.008605
b_Sem_1        0.053632 -0.000686  0.053956  -0.004597   0.008330 -0.002536  0.010115  0.003934  0.012195
b_Sem_2        0.055820 -0.003167  0.006311  -0.004944   0.009181 -0.000584  0.011424  0.002846  0.001065
b_Sem_3        0.061047 -0.004722  0.005356  -0.004168   0.005696 -0.000903  0.019125  0.003704 -0.001954
b_Sem_4        0.094929  0.001010 -0.066392   0.001433   0.003191 -0.008789  0.012395 -0.002616 -0.008945
b_ACC_1        0.001010  0.099156  0.020912  -0.016364  -0.009429 -0.009300  0.003672  0.004232  0.010528
b_ACC_2       -0.066392  0.020912  0.860526  -0.027272  -0.010159 -0.016109 -0.018827 -0.002859  0.037491
b_SI_CAMFD     0.001433 -0.016364 -0.027272   0.068757   0.001114  0.005255 -0.007898 -0.002732  0.006566
b_SI_PANEL     0.003191 -0.009429 -0.010159   0.001114   0.032936 -0.004576  0.000941  0.000605  0.006406
b_SI_ZER      -0.008789 -0.009300 -0.016109   0.005255  -0.004576  0.065714  0.002017 -0.003048  0.016273
b_CSECO        0.012395  0.003672 -0.018827  -0.007898   0.000941  0.002017  0.127706  0.006281 -0.002702
b_Hvalle      -0.002616  0.004232 -0.002859  -0.002732   0.000605 -0.003048  0.006281  0.073022 -0.011939
b_Joven30     -0.008945  0.010528  0.037491   0.006566   0.006406  0.016273 -0.002702 -0.011939  0.356975
b_Adulto40    -0.010012  0.015991  0.066637  -0.004681  -0.000415 -0.003730  0.015048  0.000719  0.144010
b_Adulto60    -0.012397  0.013560  0.050873  -0.002404  -0.001075  0.007763 -0.003101 -0.002501  0.139888
b_USOCINTURON -0.001820  0.012512  0.007175  -0.011641  -0.001847  0.005299 -0.024274 -0.004689 -0.000383
b_USODISPMOB  -0.000692  0.003698  0.000308   0.001370  -0.001456 -0.001550 -0.002167  0.001060 -0.019426
              b_Adulto40 b_Adulto60 b_USOCINTURON b_USODISPMOB
asc_ruta1       0.150743   0.132442      0.058615     0.016237
asc_ruta2       0.142838   0.125679      0.063898     0.016110
asc_ruta3       0.134166   0.118792      0.060120     0.017774
b_time          0.001911   0.000651     -0.001376     0.001104
b_dist         -0.000341   0.001354      0.000641     0.001239
b_cong          0.005683   0.006202      0.007651    -0.003231
b_Sem_1         0.014527  -0.000881      0.007793    -0.004845
b_Sem_2        -0.002558  -0.007926      0.008626    -0.003947
b_Sem_3        -0.006817  -0.014657      0.002611    -0.001158
b_Sem_4        -0.010012  -0.012397     -0.001820    -0.000692
b_ACC_1         0.015991   0.013560      0.012512     0.003698
b_ACC_2         0.066637   0.050873      0.007175     0.000308
b_SI_CAMFD     -0.004681  -0.002404     -0.011641     0.001370
b_SI_PANEL     -0.000415  -0.001075     -0.001847    -0.001456
b_SI_ZER       -0.003730   0.007763      0.005299    -0.001550
b_CSECO         0.015048  -0.003101     -0.024274    -0.002167
b_Hvalle        0.000719  -0.002501     -0.004689     0.001060
b_Joven30       0.144010   0.139888     -0.000383    -0.019426
b_Adulto40      0.205938   0.140023     -0.005163    -0.020525
b_Adulto60      0.140023   0.169457     -0.005356    -0.003986
b_USOCINTURON  -0.005163  -0.005356      0.109144     0.000011
b_USODISPMOB   -0.020525  -0.003986      0.000011     0.076075

Classical correlation matrix:
              asc_ruta1 asc_ruta2 asc_ruta3    b_time    b_dist    b_cong   b_Sem_1   b_Sem_2   b_Sem_3
asc_ruta1      1.000000  0.910696  0.858145  0.166286 -0.120856  0.024539  0.049068  0.066067  0.057531
asc_ruta2      0.910696  1.000000  0.844272  0.098623 -0.150672  0.054440  0.068377  0.051072  0.013325
asc_ruta3      0.858145  0.844272  1.000000  0.029072 -0.132505  0.054209  0.059040  0.065322  0.007298
b_time         0.166286  0.098623  0.029072  1.000000 -0.337586 -0.406191  0.103945  0.015993  0.010755
b_dist        -0.120856 -0.150672 -0.132505 -0.337586  1.000000  0.095492 -0.032539  0.007689 -0.002798
b_cong         0.024539  0.054440  0.054209 -0.406191  0.095492  1.000000 -0.006806  0.004083  0.039581
b_Sem_1        0.049068  0.068377  0.059040  0.103945 -0.032539 -0.006806  1.000000  0.656802  0.501269
b_Sem_2        0.066067  0.051072  0.065322  0.015993  0.007689  0.004083  0.656802  1.000000  0.709250
b_Sem_3        0.057531  0.013325  0.007298  0.010755 -0.002798  0.039581  0.501269  0.709250  1.000000
b_Sem_4        0.025916 -0.032687 -0.063966 -0.004913 -0.018936  0.000850  0.420236  0.608537  0.732095
b_ACC_1        0.103193  0.126309  0.125139 -0.110056  0.039975  0.067498 -0.053082 -0.016141 -0.045941
b_ACC_2        0.000404 -0.010340 -0.039770  0.102337  0.219398 -0.001935  0.063095  0.026659 -0.021943
b_SI_CAMFD    -0.089025 -0.052325 -0.045521 -0.085768 -0.048692 -0.002560  0.018918 -0.011509 -0.064204
b_SI_PANEL    -0.073957 -0.073059 -0.073412  0.058144 -0.010678 -0.063616  0.104296  0.091594  0.036848
b_SI_ZER      -0.021350 -0.006987 -0.012696 -0.081881  0.006636  0.082275 -0.027791 -0.025437 -0.026525
b_CSECO        0.506453  0.473244  0.446666  0.107483 -0.099986 -0.120255  0.041185  0.082695  0.111635
b_Hvalle       0.169553  0.177361  0.171379 -0.093922 -0.033343 -0.061296  0.011680  0.031390  0.036307
b_Joven30      0.353034  0.335398  0.310309  0.017587  0.019549  0.159203  0.027988  0.035184  0.037674
b_Adulto40     0.542242  0.518973  0.485236  0.091581  0.035294  0.088857  0.079438 -0.000687 -0.006806
b_Adulto60     0.547045  0.532637  0.503892  0.004181  0.039533  0.109366  0.026581 -0.012512 -0.039286
b_USOCINTURON  0.301718  0.311679  0.310731 -0.128361  0.037434  0.146471  0.017457  0.020389 -0.038972
b_USODISPMOB   0.141993  0.125036  0.119520  0.045570  0.058277 -0.093335 -0.076259 -0.041825 -0.019642
                b_Sem_4   b_ACC_1   b_ACC_2 b_SI_CAMFD b_SI_PANEL  b_SI_ZER   b_CSECO  b_Hvalle b_Joven30
asc_ruta1      0.025916  0.103193  0.000404  -0.089025  -0.073957 -0.021350  0.506453  0.169553  0.353034
asc_ruta2     -0.032687  0.126309 -0.010340  -0.052325  -0.073059 -0.006987  0.473244  0.177361  0.335398
asc_ruta3     -0.063966  0.125139 -0.039770  -0.045521  -0.073412 -0.012696  0.446666  0.171379  0.310309
b_time        -0.004913 -0.110056  0.102337  -0.085768   0.058144 -0.081881  0.107483 -0.093922  0.017587
b_dist        -0.018936  0.039975  0.219398  -0.048692  -0.010678  0.006636 -0.099986 -0.033343  0.019549
b_cong         0.000850  0.067498 -0.001935  -0.002560  -0.063616  0.082275 -0.120255 -0.061296  0.159203
b_Sem_1        0.420236 -0.053082  0.063095   0.018918   0.104296 -0.027791  0.041185  0.011680  0.027988
b_Sem_2        0.608537 -0.016141  0.026659  -0.011509   0.091594 -0.025437  0.082695  0.031390  0.035184
b_Sem_3        0.732095 -0.045941 -0.021943  -0.064204   0.036848 -0.026525  0.111635  0.036307  0.037674
b_Sem_4        1.000000 -0.061027 -0.049690  -0.041660   0.033688 -0.080999  0.087351  0.037515  0.024860
b_ACC_1       -0.061027  1.000000  0.091849  -0.061125  -0.076415 -0.014067  0.027127  0.023110  0.028986
b_ACC_2       -0.049690  0.091849  1.000000  -0.040446   0.017867 -0.060242 -0.024321 -0.067550  0.023188
b_SI_CAMFD    -0.041660 -0.061125 -0.040446   1.000000  -0.056973  0.096734 -0.029116 -0.017663  0.026409
b_SI_PANEL     0.033688 -0.076415  0.017867  -0.056973   1.000000  0.004663 -0.006622  0.005449 -0.001115
b_SI_ZER      -0.080999 -0.014067 -0.060242   0.096734   0.004663  1.000000 -0.003172 -0.076652  0.010466
b_CSECO        0.087351  0.027127 -0.024321  -0.029116  -0.006622 -0.003172  1.000000  0.019279 -0.063898
b_Hvalle       0.037515  0.023110 -0.067550  -0.017663   0.005449 -0.076652  0.019279  1.000000 -0.007125
b_Joven30      0.024860  0.028986  0.023188   0.026409  -0.001115  0.010466 -0.063898 -0.007125  1.000000
b_Adulto40    -0.013119  0.052786  0.064378  -0.028679  -0.020958 -0.051901  0.061805  0.024953  0.494112
b_Adulto60    -0.041882  0.035611  0.018176   0.022195  -0.025528 -0.008111 -0.024644  0.019343  0.524678
b_USOCINTURON -0.065600  0.086314  0.003703  -0.051512  -0.021174  0.049617 -0.205254 -0.067397  0.010737
b_USODISPMOB  -0.016002  0.076055  0.025144  -0.009101  -0.063127  0.051663  0.024316  0.017842 -0.179127
              b_Adulto40 b_Adulto60 b_USOCINTURON b_USODISPMOB
asc_ruta1       0.542242   0.547045      0.301718     0.141993
asc_ruta2       0.518973   0.532637      0.311679     0.125036
asc_ruta3       0.485236   0.503892      0.310731     0.119520
b_time          0.091581   0.004181     -0.128361     0.045570
b_dist          0.035294   0.039533      0.037434     0.058277
b_cong          0.088857   0.109366      0.146471    -0.093335
b_Sem_1         0.079438   0.026581      0.017457    -0.076259
b_Sem_2        -0.000687  -0.012512      0.020389    -0.041825
b_Sem_3        -0.006806  -0.039286     -0.038972    -0.019642
b_Sem_4        -0.013119  -0.041882     -0.065600    -0.016002
b_ACC_1         0.052786   0.035611      0.086314     0.076055
b_ACC_2         0.064378   0.018176      0.003703     0.025144
b_SI_CAMFD     -0.028679   0.022195     -0.051512    -0.009101
b_SI_PANEL     -0.020958  -0.025528     -0.021174    -0.063127
b_SI_ZER       -0.051901  -0.008111      0.049617     0.051663
b_CSECO         0.061805  -0.024644     -0.205254     0.024316
b_Hvalle        0.024953   0.019343     -0.067397     0.017842
b_Joven30       0.494112   0.524678      0.010737    -0.179127
b_Adulto40      1.000000   0.726838     -0.077632    -0.241528
b_Adulto60      0.726838   1.000000     -0.094926    -0.096017
b_USOCINTURON  -0.077632  -0.094926      1.000000     0.075707
b_USODISPMOB   -0.241528  -0.096017      0.075707     1.000000

Robust correlation matrix:
              asc_ruta1 asc_ruta2 asc_ruta3    b_time    b_dist    b_cong   b_Sem_1   b_Sem_2   b_Sem_3
asc_ruta1      1.000000  0.921926  0.845374  0.247679 -0.257095  0.083281  0.109276  0.106967  0.104331
asc_ruta2      0.921926  1.000000  0.844701  0.167457 -0.278165  0.116105  0.100395  0.088949  0.057488
asc_ruta3      0.845374  0.844701  1.000000 -0.023333 -0.176742  0.116583  0.076706  0.118386  0.054779
b_time         0.247679  0.167457 -0.023333  1.000000 -0.457258 -0.451160  0.200331  0.096283  0.038986
b_dist        -0.257095 -0.278165 -0.176742 -0.457258  1.000000  0.126090 -0.185790 -0.163502 -0.084514
b_cong         0.083281  0.116105  0.116583 -0.451160  0.126090  1.000000 -0.045909 -0.024957 -0.004362
b_Sem_1        0.109276  0.100395  0.076706  0.200331 -0.185790 -0.045909  1.000000  0.684266  0.541646
b_Sem_2        0.106967  0.088949  0.118386  0.096283 -0.163502 -0.024957  0.684266  1.000000  0.717647
b_Sem_3        0.104331  0.057488  0.054779  0.038986 -0.084514 -0.004362  0.541646  0.717647  1.000000
b_Sem_4        0.015395 -0.045810 -0.043710 -0.092132 -0.103270 -0.034971  0.410965  0.578035  0.686931
b_ACC_1        0.193658  0.225990  0.161776  0.084705 -0.088113  0.065403 -0.005146 -0.032085 -0.051992
b_ACC_2        0.073435  0.022360 -0.051434  0.261769  0.321926  0.091947  0.137322  0.021705  0.020019
b_SI_CAMFD    -0.217054 -0.165524 -0.114789 -0.214137  0.041454 -0.055942 -0.041391 -0.060158 -0.055114
b_SI_PANEL    -0.062472 -0.086248 -0.040444 -0.007312  0.112432 -0.089236  0.108362  0.161414  0.108809
b_SI_ZER       0.029863  0.024586  0.033785 -0.121082  0.040603  0.162210 -0.023360 -0.007264 -0.012211
b_CSECO        0.477717  0.482073  0.457714  0.075121 -0.154784 -0.126769  0.066825  0.101993  0.185542
b_Hvalle       0.178928  0.165179  0.177399  0.017816 -0.060738 -0.106191  0.034370  0.033602  0.047520
b_Joven30      0.404390  0.384902  0.351068  0.062750 -0.075923  0.155957  0.048188  0.005686 -0.011339
b_Adulto40     0.602527  0.552584  0.520859  0.119531 -0.007017  0.135602  0.075578 -0.017981 -0.052079
b_Adulto60     0.583583  0.535987  0.508397  0.044883  0.030673  0.163135 -0.005053 -0.061431 -0.123443
b_USOCINTURON  0.321820  0.339556  0.320604 -0.118201  0.018099  0.250779  0.055689  0.083303  0.027402
b_USODISPMOB   0.106781  0.102538  0.113527  0.113604  0.041900 -0.126833 -0.041470 -0.045654 -0.014558
                b_Sem_4   b_ACC_1   b_ACC_2 b_SI_CAMFD b_SI_PANEL  b_SI_ZER   b_CSECO  b_Hvalle b_Joven30
asc_ruta1      0.015395  0.193658  0.073435  -0.217054  -0.062472  0.029863  0.477717  0.178928  0.404390
asc_ruta2     -0.045810  0.225990  0.022360  -0.165524  -0.086248  0.024586  0.482073  0.165179  0.384902
asc_ruta3     -0.043710  0.161776 -0.051434  -0.114789  -0.040444  0.033785  0.457714  0.177399  0.351068
b_time        -0.092132  0.084705  0.261769  -0.214137  -0.007312 -0.121082  0.075121  0.017816  0.062750
b_dist        -0.103270 -0.088113  0.321926   0.041454   0.112432  0.040603 -0.154784 -0.060738 -0.075923
b_cong        -0.034971  0.065403  0.091947  -0.055942  -0.089236  0.162210 -0.126769 -0.106191  0.155957
b_Sem_1        0.410965 -0.005146  0.137322  -0.041391   0.108362 -0.023360  0.066825  0.034370  0.048188
b_Sem_2        0.578035 -0.032085  0.021705  -0.060158   0.161414 -0.007264  0.101993  0.033602  0.005686
b_Sem_3        0.686931 -0.051992  0.020019  -0.055114   0.108809 -0.012211  0.185542  0.047520 -0.011339
b_Sem_4        1.000000  0.010406 -0.232292   0.017733   0.057071 -0.111280  0.112573 -0.031417 -0.048594
b_ACC_1        0.010406  1.000000  0.071591  -0.198181  -0.165000 -0.115212  0.032629  0.049737  0.055958
b_ACC_2       -0.232292  0.071591  1.000000  -0.112117  -0.060346 -0.067743 -0.056792 -0.011406  0.067643
b_SI_CAMFD     0.017733 -0.198181 -0.112117   1.000000   0.023404  0.078177 -0.084281 -0.038551  0.041912
b_SI_PANEL     0.057071 -0.165000 -0.060346   0.023404   1.000000 -0.098363  0.014511  0.012330  0.059083
b_SI_ZER      -0.111280 -0.115212 -0.067743   0.078177  -0.098363  1.000000  0.022016 -0.044000  0.106248
b_CSECO        0.112573  0.032629 -0.056792  -0.084281   0.014511  0.022016  1.000000  0.065039 -0.012654
b_Hvalle      -0.031417  0.049737 -0.011406  -0.038551   0.012330 -0.044000  0.065039  1.000000 -0.073946
b_Joven30     -0.048594  0.055958  0.067643   0.041912   0.059083  0.106248 -0.012654 -0.073946  1.000000
b_Adulto40    -0.071609  0.111902  0.158295  -0.039337  -0.005035 -0.032066  0.092792  0.005862  0.531134
b_Adulto60    -0.097746  0.104610  0.133223  -0.022270  -0.014389  0.073561 -0.021083 -0.022484  0.568766
b_USOCINTURON -0.017884  0.120273  0.023411  -0.134374  -0.030808  0.062572 -0.205602 -0.052522 -0.001940
b_USODISPMOB  -0.008149  0.042584  0.001204   0.018942  -0.029089 -0.021922 -0.021986  0.014224 -0.117882
              b_Adulto40 b_Adulto60 b_USOCINTURON b_USODISPMOB
asc_ruta1       0.602527   0.583583      0.321820     0.106781
asc_ruta2       0.552584   0.535987      0.339556     0.102538
asc_ruta3       0.520859   0.508397      0.320604     0.113527
b_time          0.119531   0.044883     -0.118201     0.113604
b_dist         -0.007017   0.030673      0.018099     0.041900
b_cong          0.135602   0.163135      0.250779    -0.126833
b_Sem_1         0.075578  -0.005053      0.055689    -0.041470
b_Sem_2        -0.017981  -0.061431      0.083303    -0.045654
b_Sem_3        -0.052079  -0.123443      0.027402    -0.014558
b_Sem_4        -0.071609  -0.097746     -0.017884    -0.008149
b_ACC_1         0.111902   0.104610      0.120273     0.042584
b_ACC_2         0.158295   0.133223      0.023411     0.001204
b_SI_CAMFD     -0.039337  -0.022270     -0.134374     0.018942
b_SI_PANEL     -0.005035  -0.014389     -0.030808    -0.029089
b_SI_ZER       -0.032066   0.073561      0.062572    -0.021922
b_CSECO         0.092792  -0.021083     -0.205602    -0.021986
b_Hvalle        0.005862  -0.022484     -0.052522     0.014224
b_Joven30       0.531134   0.568766     -0.001940    -0.117882
b_Adulto40      1.000000   0.749553     -0.034435    -0.163978
b_Adulto60      0.749553   1.000000     -0.039381    -0.035105
b_USOCINTURON  -0.034435  -0.039381      1.000000     0.000124
b_USODISPMOB   -0.163978  -0.035105      0.000124     1.000000

 20 worst outliers in terms of lowest average per choice prediction:
                                     ID Avg prob per choice
 {01023F7A-67C3-E811-914C-74867AD5B714}          0.01761930
 {0C1D8C2A-12E2-E811-8FB7-74867AD5B714}          0.02251190
 {5EC39CAF-B5CC-E811-914C-74867AD5B714}          0.04183543
 {04B1F452-BDC5-E811-914C-74867AD5B714}          0.05299645
 {A5C8A79C-89C2-E811-914C-74867AD5B714}          0.05824758
 {9CE74908-B4CC-E811-914C-74867AD5B714}          0.05943012
 {34B59188-DEC5-E811-914C-74867AD5B714}          0.06072006
 {42F5F39B-A9CC-E811-914C-74867AD5B714}          0.06141933
 {116C5EFA-C6C5-E811-914C-74867AD5B714}          0.06368132
 {93122F95-D9DE-E811-8FB7-74867AD5B714}          0.06563379
 {B615F876-E6C8-E811-914C-74867AD5B714}          0.07052054
 {16644C52-46C0-E811-914C-74867AD5B714}          0.07183353
 {D9161238-0FDD-E811-8FB7-74867AD5B714}          0.07425586
 {348884D4-02E9-E811-8FB7-74867AD5B714}          0.07755685
 {8048E4FB-D9C8-E811-914C-74867AD5B714}          0.07968234
 {E0281A50-3DC0-E811-914C-74867AD5B714}          0.08224309
 {80300F0C-90E2-E811-8FB7-74867AD5B714}          0.08310551
 {FF2FE1DC-5CD1-E811-8FB7-74867AD5B714}          0.08601191
 {5528961E-D7C5-E811-914C-74867AD5B714}          0.09169975
 {375E5517-97C6-E811-914C-74867AD5B714}          0.09321586

Changes in parameter estimates from starting values:
                Initial Estimate Difference
asc_ruta1             0  -0.4819    -0.4819
asc_ruta2             0  -1.4973    -1.4973
asc_ruta3             0  -2.1315    -2.1315
asc_rutaEC            0   0.0000     0.0000
b_time                0   0.0662     0.0662
b_dist                0  -0.2750    -0.2750
b_cong                0   0.0265     0.0265
b_Sem_0               0   0.0000     0.0000
b_Sem_1               0   0.1008     0.1008
b_Sem_2               0   0.3022     0.3022
b_Sem_3               0   0.5503     0.5503
b_Sem_4               0   0.8580     0.8580
b_ACC_0               0   0.0000     0.0000
b_ACC_1               0  -0.4005    -0.4005
b_ACC_2               0  -3.0250    -3.0250
b_NO_CAMFD            0   0.0000     0.0000
b_SI_CAMFD            0  -0.6153    -0.6153
b_NO_PANEL            0   0.0000     0.0000
b_SI_PANEL            0  -0.3704    -0.3704
b_NO_ZER              0   0.0000     0.0000
b_SI_ZER              0  -0.0297    -0.0297
b_CSECO               0   0.2467     0.2467
b_CLLUVIA             0   0.0000     0.0000
b_Hpico               0   0.0000     0.0000
b_Hvalle              0   0.0128     0.0128
b_Joven30             0  -1.0148    -1.0148
b_Adulto40            0  -0.4278    -0.4278
b_Adulto60            0  -0.5780    -0.5780
b_AdultoMayor         0   0.0000     0.0000
b_USOCINTURON         0  -0.0012    -0.0012
b_NOUSOCINTURON       0   0.0000     0.0000
b_USODISPMOB          0  -0.1794    -0.1794
b_NOUSODISPMOB        0   0.0000     0.0000
