"","asc_ruta1","asc_ruta2","asc_rutaEC","b_tt","b_dt","b_CongCD","b_CongEF","b_Sem","b_ACC_1","b_ACC_2","b_SI_CAMFD","b_SI_PANEL","b_SI_ZER","b_Si_MTRP","lambda1","lambda2","lambda3","lambda4","zeta_FRbr","zeta_EnfCond","zeta_AFrSem","zeta_CulFr","zeta_OmLmVel","zeta_IgPare","zeta_UsoCel","zeta_PasoPeaton","zeta_UsoDirec","zeta_UsoPito","tau_FRbr_1","tau_FRbr_2","tau_FRbr_3","tau_FRbr_4","tau_EnfCond_1","tau_EnfCond_2","tau_EnfCond_3","tau_EnfCond_4","tau_AFrSem_1","tau_AFrSem_2","tau_AFrSem_3","tau_AFrSem_4","tau_CulFr_1","tau_CulFr_2","tau_CulFr_3","tau_CulFr_4","tau_OmLmVel_1","tau_OmLmVel_2","tau_OmLmVel_3","tau_OmLmVel_4","tau_IgPare_1","tau_IgPare_2","tau_IgPare_3","tau_IgPare_4","tau_UsoCel_1","tau_UsoCel_2","tau_UsoCel_3","tau_UsoCel_4","tau_PasoPeaton_1","tau_PasoPeaton_2","tau_PasoPeaton_3","tau_PasoPeaton_4","tau_UsoDirec_1","tau_UsoDirec_2","tau_UsoDirec_3","tau_UsoDirec_4","tau_UsoPito_1","tau_UsoPito_2","tau_UsoPito_3","tau_UsoPito_4"
"asc_ruta1",1,0.78008471826816,0.518586801741564,-0.0403785045336621,0.128551769272854,-0.0276426004987158,0.0233334804209877,0.160041178739552,-0.0317389006127573,0.00866290586089779,-0.0398954992489202,-0.00156191062358874,0.0103020118317843,0.0507972788649251,-0.00384661319556356,-0.00492839282140598,-0.00327531857283446,0.00803177042044327,0.00184388966362575,-0.000432372279795026,0.000180215237372112,0.00110933087035337,1.16062942945283e-09,1.50886698305139e-10,0.00096777942532472,0.00529008582515512,-0.00321576413097282,0.00137076229197929,-0.00157925942410925,0.00128424738535907,0.00131153302526699,0.0014440843728558,0.000615906491345854,-0.000861542373974015,-0.00083500073835321,-0.00135307795576152,-0.000505156596628041,-0.000813808466362847,-0.000878626237245854,-0.000429394783766415,-0.000583884731336223,-0.00043629889418,-0.000335488897630568,-0.000160389016573833,-8.67937722763697e-10,-8.82705533721449e-10,-7.56927559473088e-10,-5.99690921690132e-10,-7.20718197819775e-11,-2.85051343294016e-11,-4.52286772510357e-11,5.83098946222909e-11,-0.00051788590732124,-0.000328285961502105,-0.000180566853802429,-5.68989361316428e-05,-0.00525248533488321,-0.00526617206170314,-0.005237217869481,-0.00493777186427166,0.00320644902516633,0.00327041489742939,0.00321439678234616,0.00289642316211065,-0.000794001217899464,-2.28659931430792e-05,-1.85573899359887e-05,-0.000165367032935242
"asc_ruta2",0.78008471826816,1,0.476601146034937,-0.139089686964699,-5.16398267306978e-05,-0.00348209552267507,0.0635220305536761,0.0518976933697483,0.0195230196785802,0.0290109941992033,0.0319776736592341,-0.00924245992895976,0.0327276266661707,0.126206334484038,-0.00743648648450342,0.0181802770930902,0.00817487289875352,0.0101987716632313,0.000739949789882654,-0.000498302137222928,-0.000972215640542815,-0.00020759876083529,2.88595995768475e-09,-5.22756547814519e-11,-0.000133437751755423,0.0011612749970898,-0.000768443558580812,3.33078845695824e-05,-0.000439760471936587,0.000956706881935253,0.00095165505246049,0.000917280007865977,0.000367015246813746,-0.000479184518584383,-0.000389813471212362,-0.000475861775321683,0.00065477086626203,-0.000659482596343653,-0.000691441165134499,-0.000662142387510201,0.000264910524155882,0.000313411363832847,0.000252973380882405,7.07555502328854e-05,-2.23808341872971e-09,-2.10634745770415e-09,-1.79598791585377e-09,-1.38355816160823e-09,1.34922804759677e-10,5.29148222130331e-11,-4.51352266197687e-12,1.12618746784611e-10,0.000116670400558135,-5.30007694194239e-06,2.02095922815187e-06,7.01389929242259e-06,-0.00112954663282838,-0.00116664589550898,-0.0011600876495984,-0.00104843302535502,0.000802800739998918,0.000805656569949416,0.000757314455243562,0.000682639923366227,-7.0418983773124e-05,-3.73797370923719e-05,-3.07941743583803e-05,3.79463154016599e-05
"asc_rutaEC",0.518586801741564,0.476601146034937,1,0.0189942914615718,-0.05371155704179,0.168818892212299,0.450964124705731,0.0102500162348407,-0.0847770454464986,-0.0108343851028484,-0.0230910626359752,0.0425683270658,0.0505321449146615,0.0173196020897936,-0.130940555714033,0.267712358638995,0.573712773535099,0.0737922344344386,-0.062319510032864,0.0226519959427817,0.0129700056459826,-0.0283130675721364,-6.68452935033996e-10,1.13257179216277e-10,-0.0182413355431256,-0.0832434274753169,0.0446159442369325,-0.0394374750488006,0.0635924646115843,-0.0404688167285042,-0.0444210448478844,-0.0509426205980803,-0.0304700362304384,0.0256291729367491,0.029530870018484,0.041481181571955,0.0211413765891021,0.0454802936276869,0.0464921968393037,0.0322729837776651,0.0251642858544979,0.0235604259620189,0.0203859832647918,0.00905219044588935,8.86618905507465e-10,2.35368826865863e-10,2.11690084317066e-10,5.60020842709449e-11,2.00489504326224e-11,1.88379994825085e-11,-6.78381949390956e-11,1.74796213618058e-10,0.00939342487008618,0.00346223911858129,0.00143257978986068,0.000900494371117792,0.0834189303045971,0.0810922706277087,0.0786238672551915,0.0649725456863506,-0.0426471250753993,-0.0476355521772783,-0.0484303991198582,-0.0485900770945648,0.0200615084187747,-0.0145741887123725,-0.0153178878300056,-0.0081086254445879
"b_tt",-0.0403785045336621,-0.139089686964699,0.0189942914615718,1,-0.293445452461504,-0.0745102731560639,-0.213801297840386,-0.142257739174172,-0.0509339904591485,0.0220736858468326,-0.129749951527602,0.0592555570868143,-0.129107655848639,-0.134142204579625,0.0249933178719587,-0.105408477781978,-0.0721074004992498,0.0275899841056077,0.0102095884750983,0.00187991906471542,0.00530342493537674,0.00971549438989415,-4.0551841731844e-09,-1.30103937449007e-10,0.00416597797236005,0.0334383987783498,-0.0262077495074596,0.0066305532418813,-0.0090550586001457,0.00481163047376181,0.0051221798788127,0.00552775637347778,-0.000358677160379914,-0.00070687005423785,-0.000777786071990398,-0.00204204560392281,-0.00557156578044066,-0.00377048906126472,-0.00416228941449134,-0.00241416228983595,-0.00628243737965733,-0.0044780872198085,-0.00348417256439784,-0.00172441356826888,3.00740093564064e-09,3.01822869645405e-09,2.60038374355455e-09,2.0968187360622e-09,-5.71551697392615e-11,8.19421757196556e-11,1.83333935142811e-10,-1.5727996361744e-10,-0.00245678834585004,-0.00133013962187021,-0.000993368646143647,-0.000485956881991679,-0.0333156765042189,-0.0331028976210481,-0.0328931175058088,-0.0307731533381953,0.0254571057318229,0.0266420416495468,0.0267030607176486,0.0245327574679946,-0.0033867553717198,-0.000549541449715368,-0.000543596134247868,-0.00051947229485418
"b_dt",0.128551769272854,-5.16398267306978e-05,-0.05371155704179,-0.293445452461504,1,-0.0440675297886014,-0.0117959097378557,0.379197594543918,-0.0382641258776074,-0.0100402578615117,-0.0638506265896655,-0.0333263276600996,-0.0279524875646419,-0.117977121634865,-0.00633607635908893,-0.0274717386976821,-0.0915237762044908,-0.0457552012228841,0.0173997962308383,0.000801451314978132,-0.00285008294940577,0.00785205860048045,-1.05683084867331e-10,5.66918541526514e-10,0.00821173086499943,0.040465476964529,-0.0250613859401499,0.00527027670290596,-0.0160577087963777,0.0119261867887074,0.0126438857731819,0.0144887046865474,0.000422448696400104,-0.00109046607203938,-0.0013587441286237,-0.00536950426990968,-0.0040686948212772,-0.0116598125261069,-0.0119941600000332,-0.00734701032914003,-0.00608849341316006,-0.00508253226483755,-0.0045125549405437,-0.00218883902786215,2.48093227406452e-10,3.0712309937093e-10,2.83756793825198e-10,2.67399115847869e-10,-4.10195062962812e-10,-5.28663261002275e-11,2.01927661176983e-11,1.23396117122925e-10,-0.00513638812582285,-0.00248973683979365,-0.00108723703008579,2.2057719826314e-06,-0.0405268906018569,-0.0405091816494491,-0.0399367925955483,-0.0368772737743264,0.0248890524599575,0.025835399503002,0.0254700364969159,0.0229530079527385,-0.00298157313741402,-0.00010888514068637,-0.000259534653670786,-0.00289488813655457
"b_CongCD",-0.0276426004987158,-0.00348209552267507,0.168818892212299,-0.0745102731560639,-0.0440675297886014,1,0.512346778259564,0.0183674698304093,0.0612190090148068,0.0244055402457506,0.0661179549928981,-0.007606137114204,0.0540216372559929,-0.0569232176248477,-0.1459633220273,-0.0427101018847054,0.0954675782391194,0.0936223749662056,-0.00234813207745297,0.0132887707514508,0.00819542343592404,0.00147668725018681,1.26348711266946e-08,3.68472006727337e-10,0.000411995229124483,0.0357381424610256,-0.0392314661174454,-0.00751228246314732,0.00150988008743113,-0.0044092235764275,-0.00516478205571523,-0.00530753986913539,-0.00834170872252198,0.0141304075157379,0.0151197339130955,0.0176509980526665,-0.00382911294648897,0.00359781656528297,0.00378972179989356,0.00378618642367872,-0.00312482128817655,-0.00289672729512911,-0.0030122767783385,-0.00291085186040058,-8.10780527352157e-09,-7.30862679638057e-09,-6.09894920377176e-09,-4.37838980626541e-09,5.14063192012428e-10,1.4502807359125e-09,1.48394858623191e-09,1.77985882961831e-09,0.0012881472219075,0.00254612976435148,0.00267639800376515,0.00178296365142684,-0.0356402615070278,-0.0353042962212086,-0.0347123371147233,-0.0324530962469346,0.0384531805929148,0.0395635047393148,0.0392654574925032,0.0368292982440469,0.00921389543287985,0.000188735047075638,-0.000991357682446009,-0.000103101809176284
"b_CongEF",0.0233334804209877,0.0635220305536761,0.450964124705731,-0.213801297840386,-0.0117959097378557,0.512346778259564,1,0.0146738540241851,0.00865870848498297,0.0249823682916364,0.0354530435205095,-0.0355347313178601,0.090949849841829,0.0369496339646411,-0.176981344662673,-0.011066253363908,0.108567943744364,0.0909797278113682,0.00594282548753568,0.0137025321704695,0.0111167976626935,0.00515360209134954,-1.63304379242142e-10,5.67596645660883e-10,0.00371385258110963,0.0491378045426099,-0.0466654757899963,-0.00338548737209137,-0.00420411987847905,0.00203024646488533,0.00102356540506246,-0.000312265155519816,-0.0101816948005129,0.0124035119042025,0.0133966313599307,0.0142649154857153,-0.00511064302628036,0.00219563019352962,0.00187936361858203,0.00107101925567143,-0.00551394368770217,-0.00425248434134532,-0.00447581983833628,-0.00520164832464412,1.01703335045379e-09,1.25886447201004e-10,1.43503435343012e-10,-5.22159011995364e-11,-1.94477199422593e-10,2.6662634292087e-10,2.30764936809976e-10,6.89208300266469e-10,-0.0011739561918637,0.000530913271904464,0.00118860438761522,0.00130458711395646,-0.0485559693287345,-0.0483304993661144,-0.047841731950248,-0.0453642674622122,0.0462686756209877,0.047449920395486,0.0470199279238909,0.043653225954128,0.00528315191093667,-0.00162766322869224,-0.00288240905408927,-0.00233636351937289
"b_Sem",0.160041178739552,0.0518976933697483,0.0102500162348407,-0.142257739174172,0.379197594543918,0.0183674698304093,0.0146738540241851,1,-0.0649191404692251,0.0173628107799976,-0.0648432618347737,-0.0687509430535041,-0.0333434596310194,-0.128701295942873,-0.0167946316053474,0.0170777500000846,0.010926541815325,0.0258638954966946,-0.00874302943552947,-0.000873315461166341,-0.00230248761752289,-0.00656817880075427,-2.02565043634764e-09,7.73635704214777e-10,-0.00346837486448261,-0.0173795191196055,0.0115005366191449,-0.00329174117730915,0.00853361308947427,-0.00402498019150301,-0.00426008225938762,-0.00501600660078522,0.00225268587106341,0.000578657863943253,0.000689483240403957,0.00188103036369509,0.00446693854153174,0.00540932672543146,0.00547590282913098,0.00392591148560002,0.00579611494852279,0.00446374508610711,0.00397001370564485,0.00227667526815756,1.87530310586683e-09,1.44968031346512e-09,1.22318061035028e-09,8.80935714055113e-10,-5.99955574630852e-10,-1.60440968910498e-10,-7.72226423689548e-11,8.06084295944685e-11,0.00273399040507646,0.00179379547153417,0.00124510239250688,0.000359597173935132,0.0172573782181924,0.0171027501521862,0.0170701587788962,0.0163419117466353,-0.011167605951238,-0.012196672146759,-0.0122832338154948,-0.0107947523002733,0.00339340941701624,0.000868581739191097,0.000597409388362889,0.00107502049820312
"b_ACC_1",-0.0317389006127573,0.0195230196785802,-0.0847770454464986,-0.0509339904591485,-0.0382641258776074,0.0612190090148068,0.00865870848498297,-0.0649191404692251,1,0.122251860526521,-0.0464055343006066,-0.0345945980002935,-0.0232638100703872,0.0525501709537404,0.0880867862487527,-0.106161691484622,-0.0107488716895322,-0.0396770586917523,-0.00852997416146399,0.0114165712657071,-0.00287295365615919,-0.000392906892196651,8.73191784582348e-09,-6.42710609675172e-10,0.00027421125512106,0.00625130878373049,-0.00267353467839975,-0.00606642612367019,0.00854243165143818,-0.00562288534493012,-0.00526919841914866,-0.00601733641116582,-0.00829591257235316,0.0117905394453346,0.0117975896233841,0.00981239231191511,0.00417615543841479,0.00301601198593094,0.00289455080917417,0.00195099060126978,0.00267819086572986,0.00458865486031837,0.00514450423532714,0.00447779522549939,-6.49351541468043e-09,-5.25343712304893e-09,-4.38216099135222e-09,-3.06355221240445e-09,7.90015930397397e-10,8.19293479343332e-10,7.93335644241037e-10,6.51914542726603e-10,0.000632892231503716,0.000986215213676004,0.000752482527125564,0.000112655315408881,-0.00621542238114443,-0.0064184606656686,-0.00654253184230222,-0.0061873030147636,0.00307646155823639,0.00303746546952456,0.00283402044165117,0.00216686659439886,0.00676922760760419,-0.00110255745234413,-0.0025685272379613,-0.00510958438230461
"b_ACC_2",0.00866290586089779,0.0290109941992033,-0.0108343851028484,0.0220736858468326,-0.0100402578615117,0.0244055402457506,0.0249823682916364,0.0173628107799976,0.122251860526521,1,-0.00396355978541628,0.0417741167035471,-0.0165778379381712,-0.0235044663263508,0.0239229495295717,-0.0316858934524219,-0.0432461230421267,0.00387593536800737,0.0075344604923607,-0.0017681957042337,-0.00246668365707831,0.00342637220521331,4.60516414787959e-10,2.86036852295174e-11,0.00196296820573168,0.0129239075626732,-0.00900386578872184,0.00334728927703744,-0.00789896176346137,0.00521193543069906,0.00573058452034504,0.0060457277667456,0.000914466553915284,-0.00300106084936962,-0.00297547799338805,-0.0041076886841971,-0.0023365088131896,-0.00579833462989643,-0.00597647678706704,-0.00489040218930315,-0.0031928023474061,-0.00263327871011255,-0.00217449217113893,-0.000954405271249531,-3.10766230347975e-10,-3.61774362890106e-10,-3.11638546537695e-10,-2.45873785868018e-10,-2.41523298528583e-11,1.28092969278832e-11,9.94845778761194e-12,3.12093422912574e-11,-0.00174739814747196,-0.00143104181736261,-0.00109895936870865,-0.000441863807728689,-0.013010595070453,-0.0129012431114303,-0.0127001269500248,-0.0117136655529277,0.00861525439018918,0.00916702601109618,0.00915310407360779,0.00842329699283655,-0.00308757681854371,-0.000701697343728743,-0.000487526646552002,-0.00062049871568759
"b_SI_CAMFD",-0.0398954992489202,0.0319776736592341,-0.0230910626359752,-0.129749951527602,-0.0638506265896655,0.0661179549928981,0.0354530435205095,-0.0648432618347737,-0.0464055343006066,-0.00396355978541628,1,-0.0751632688339348,0.11529205139752,0.0987229403257367,-0.0488545817596431,0.0626138316243656,-0.079509485738894,0.0226121641117202,0.0172716811007306,0.0113616035004689,0.00598537768327291,0.0115044163425045,2.9679891855928e-09,-6.02854693566277e-11,0.00501658038426349,0.0418716756491975,-0.0286762129385369,0.00119805459127858,-0.0129227985148798,0.0101998821772468,0.0101058451476384,0.0107317954834013,-0.00730697669851051,0.00851918159538262,0.00897296677094567,0.00652840469738873,-0.00422909078933265,-0.00694767719182298,-0.00737814249934613,-0.00479558226798298,-0.00724283517872496,-0.00513007938234979,-0.00495113243278652,-0.00382434949845811,-2.20435220655614e-09,-2.32986313344406e-09,-2.05977419084035e-09,-1.74489866695351e-09,1.60390255100802e-10,-1.07199989163808e-10,-2.29689682287361e-10,2.44708623408653e-12,-0.00209823131037189,-0.000966754034956072,-0.000573574429830539,-7.40996193573279e-05,-0.0415298214171904,-0.0413547233702942,-0.0408376354931111,-0.0381923002526341,0.028837377049343,0.0295945427314589,0.0293526597280388,0.0270210150031827,0.0025473230666006,-0.00249334196558102,-0.00361091478376406,-0.00505554118016843
"b_SI_PANEL",-0.00156191062358874,-0.00924245992895976,0.0425683270658,0.0592555570868143,-0.0333263276600996,-0.007606137114204,-0.0355347313178601,-0.0687509430535041,-0.0345945980002935,0.0417741167035471,-0.0751632688339348,1,0.0136735343701068,-0.0703591396493875,0.04698957931468,-0.0175504329076207,0.00966049850629463,-0.034068183635753,0.00201782157954725,-0.00266635735147409,-0.00369602617340691,-0.00154410741714775,-2.04138609481939e-09,4.35648493486093e-12,0.00171407617161986,-0.0103852299600329,0.00927587752036878,-0.00040116969099928,-0.0034404397236975,0.00159448540508906,0.00211940858195315,0.00292139879731341,-0.0013921425962845,-0.00405487475637928,-0.0035880591184118,-0.00318236577063632,-0.000816449570873409,-0.00344545840536782,-0.00329458256738742,-0.00242296052943731,0.000236414579363667,-0.00127785664553116,-0.00139283138751204,-0.000436131930192093,1.79479184303985e-09,1.2824367108561e-09,1.04996215702422e-09,6.86695336550066e-10,-7.19580956443366e-11,-3.95288422351138e-11,-6.51151270642356e-11,-1.02215291699418e-10,-0.00230236942163556,-0.00216786816631918,-0.00164093474203198,-0.000392208139087353,0.0107066675794267,0.0105611418610845,0.0103230333272373,0.00960864871803124,-0.00856918203911672,-0.00890370904173827,-0.00891118192837921,-0.00844822059986474,-0.00300149419193327,-0.00296965520414598,-0.00231026516665057,-0.00148771496970192
"b_SI_ZER",0.0103020118317843,0.0327276266661707,0.0505321449146615,-0.129107655848639,-0.0279524875646419,0.0540216372559929,0.090949849841829,-0.0333434596310194,-0.0232638100703872,-0.0165778379381712,0.11529205139752,0.0136735343701068,1,-0.0324955819680191,-0.00691782043387554,0.034168222383775,0.00701917325058368,0.00153343972543027,0.00614996574152849,0.00219121340284399,0.00387500270031717,0.00757034075651078,2.77720587758229e-09,1.50443991795457e-09,0.00561039213829162,0.0375169235855131,-0.0281383779066211,0.00658135736465071,-0.00902082184318232,0.000702316389454137,0.00117161991381312,0.00237369717947792,-0.00147149397487333,-0.000292108119324155,-0.000235825694643407,-0.00257035625621563,-0.00822914295070157,-0.00456347791788364,-0.00444523000620309,-0.00164940972829396,-0.0074076509939041,-0.00658883167431489,-0.00526872818710396,-0.00201994807010625,-2.59386229805115e-09,-6.11601313145675e-09,-6.03017887094943e-09,-6.67804507756603e-09,-1.31679719916503e-09,-3.44616823078016e-09,-4.13690524449847e-09,-1.89271118588449e-09,-0.00377287877117771,-0.00222574928214846,-0.00144999745932615,-0.000339879605568223,-0.0373981430314462,-0.0371905959729171,-0.0368084787591232,-0.0345761773467975,0.0274276738887646,0.0287366779555084,0.0286202927591427,0.0261890499522885,-0.00452955251430042,-0.000330863645415889,-0.000150443835800806,-0.00129088316694898
"b_Si_MTRP",0.0507972788649251,0.126206334484038,0.0173196020897936,-0.134142204579625,-0.117977121634865,-0.0569232176248477,0.0369496339646411,-0.128701295942873,0.0525501709537404,-0.0235044663263508,0.0987229403257367,-0.0703591396493875,-0.0324955819680191,1,0.0181550288132335,-0.0310088765185958,0.0452118166916157,-0.00468058785299801,-0.00241162701806867,0.00328280272697063,0.000591091919181216,0.00248178524370814,2.11334235266489e-08,-1.98401612250678e-09,0.00184657373595641,0.0100540197225705,-0.00986205448540364,-0.000113775200872799,0.00290419682818425,-0.00286740523714464,-0.00293759256690915,-0.00172553472998311,-0.00454085777527433,0.00140205231383306,0.00193977952853078,0.000930352711208849,0.00111596903520031,0.000150467400044406,0.000428141124519431,0.00231221606171178,-0.000836079653112632,0.000998090532959557,0.00144931078540052,0.00213187134268213,-1.67697539813448e-08,-1.3435523720642e-08,-1.11823630501e-08,-7.76855611711811e-09,2.23840231085623e-09,1.87108277277218e-09,1.72412513432534e-09,1.33428742698379e-09,-0.00134044923517252,-0.00151736021904136,-0.00126243707821218,-0.000535169815659031,-0.0104020100401062,-0.0103444114380195,-0.00997559310678559,-0.0092311108461696,0.00909488351159593,0.00953702768488548,0.00953080191036477,0.00880849569018174,-0.000879158328548099,-0.00288472865208405,-0.00288878418353041,-0.00308431340524902
"lambda1",-0.00384661319556356,-0.00743648648450342,-0.130940555714033,0.0249933178719587,-0.00633607635908893,-0.1459633220273,-0.176981344662673,-0.0167946316053474,0.0880867862487527,0.0239229495295717,-0.0488545817596431,0.04698957931468,-0.00691782043387554,0.0181550288132335,1,0.110110567956214,-0.0201624739537608,-0.828227273898195,-0.0423561684081309,0.0243893618728942,-0.0204611015269615,0.00622405153372152,5.08566760535576e-10,1.32390040528393e-09,0.0353689335790796,0.000685427579178903,0.00851711561822209,-0.0189900969702909,0.0339346344965852,-0.0323517716987374,-0.0276188844349893,-0.0243699763993734,-0.0414017685834595,0.0182047651931239,0.0175082989083809,0.0060440007587733,0.0123887782155635,0.00831694649028081,0.0110438305129331,0.0112613559519706,0.00619381667278799,0.0197917878406287,0.0258383707235545,0.0323234727594241,-8.08999381250213e-10,-1.14212485505711e-09,-1.10291112451125e-09,-1.13922677066163e-09,-1.73740058043882e-09,-1.51663379815629e-09,-1.44439146760376e-09,-9.50926059922467e-10,-0.0234604529073779,-0.0128470809176887,-0.00643115329850728,0.000736229840457078,-0.00153757584910101,-0.00210836911306032,-0.00267550925909948,-0.00427904682808666,-0.00848013520987416,-0.00874226287821785,-0.00928896138305535,-0.0112915613206899,0.00119602004845044,-0.0205354852023837,-0.0204381495797679,-0.031758348475932
"lambda2",-0.00492839282140598,0.0181802770930902,0.267712358638995,-0.105408477781978,-0.0274717386976821,-0.0427101018847054,-0.011066253363908,0.0170777500000846,-0.106161691484622,-0.0316858934524219,0.0626138316243656,-0.0175504329076207,0.034168222383775,-0.0310088765185958,0.110110567956214,1,-0.101572584262157,-0.114226596307114,0.0119427567051716,6.08698597666329e-05,-0.00304106314523111,0.00732014471034304,-1.34163567032353e-09,4.12299103556012e-10,0.00689314183486666,0.0151909787754214,0.00269026578591981,0.00292942260729944,-0.0154076173387081,0.00690727891293435,0.00814281161018785,0.00823045932011723,-0.00285658170764867,-0.00233521276209356,-0.00276923817766342,-0.00571665607615812,-0.00777837854837013,-0.00979868118165262,-0.00968365737186902,-0.0094111517938886,-0.0072372211179386,-0.00617181274042616,-0.0047192103250768,-0.0017645797227877,8.17329481849914e-10,1.45904325339111e-10,8.95545083312478e-11,-4.4885799726671e-11,-5.63844869327567e-10,-9.44207543100214e-10,-1.06398810857691e-09,-6.83421871812217e-10,-0.00564948426850804,-0.00373457370380119,-0.00231393789388792,-0.000338527323812453,-0.0150399869109676,-0.0154056310662417,-0.0156672124092027,-0.0154420687460176,-0.00164279557571536,-0.00125130759315399,-0.00160877063247169,-0.00341469100746092,-0.00487881609186239,-0.00317650181079257,-0.00297076954806842,-0.00459315245267341
"lambda3",-0.00327531857283446,0.00817487289875352,0.573712773535099,-0.0721074004992498,-0.0915237762044908,0.0954675782391194,0.108567943744364,0.010926541815325,-0.0107488716895322,-0.0432461230421267,-0.079509485738894,0.00966049850629463,0.00701917325058368,0.0452118166916157,-0.0201624739537608,-0.101572584262157,1,-0.0626747429723976,-0.125902210751931,0.0404733450069346,0.0117505237473303,-0.0583183142751428,2.62290733101585e-09,-3.36712879366026e-10,-0.0329006193842958,-0.192031598450056,0.113378139771122,-0.0770950920306059,0.124103465146286,-0.0821336992304115,-0.0878525793821818,-0.0966984501865389,-0.0477002113626723,0.0543798614176177,0.059161570110303,0.0769948527177794,0.0430417268167925,0.0814689772069324,0.0843867604644198,0.0611353234199931,0.0499338082986847,0.0464426563228556,0.0414430086424219,0.0234350565225795,-1.75196890788394e-09,-1.47482613134312e-09,-1.2169373876561e-09,-8.5090620967247e-10,4.50225417476943e-10,4.99591973175218e-10,4.81945400603499e-10,4.03462010513601e-10,0.0220863532921194,0.0136659790038754,0.00919836333683527,0.00408533396565048,0.195533205577142,0.192774681668577,0.189336650649528,0.167872176115534,-0.105210868938917,-0.113863021780113,-0.114211997944362,-0.107571112937621,0.0487686259881472,-0.013776005915282,-0.0163614054700247,-0.0102124536140537
"lambda4",0.00803177042044327,0.0101987716632313,0.0737922344344386,0.0275899841056077,-0.0457552012228841,0.0936223749662056,0.0909797278113682,0.0258638954966946,-0.0396770586917523,0.00387593536800737,0.0226121641117202,-0.034068183635753,0.00153343972543027,-0.00468058785299801,-0.828227273898195,-0.114226596307114,-0.0626747429723976,1,0.0449275879972912,-0.0168201814230202,0.0180721247742612,0.000923110055131507,-1.81700739349555e-10,-1.18225523502599e-09,-0.0295425530167478,0.0360843488450395,-0.0467731693937987,0.032714612401184,-0.0433495496726487,0.0300542818471886,0.0269872371690103,0.025471669152024,0.0366004578938456,-0.0193479513792359,-0.0175616195349347,-0.00679976540465025,-0.0219245158592078,-0.0157545946104291,-0.0182415539314822,-0.0154031317511362,-0.0156155054450804,-0.0261770791851283,-0.0301970693122716,-0.0317350704282223,4.17759589478044e-10,7.12254571674989e-10,6.99970414561188e-10,7.5516429196019e-10,1.51277797292093e-09,1.3048181902329e-09,1.2215076118593e-09,7.81061876359647e-10,0.0208906953139778,0.00921439685950742,0.00298123695219837,-0.00257293626144968,-0.0357340018115195,-0.0344863988570105,-0.0331039345341934,-0.0286960007677251,0.0441979186005695,0.046450836196477,0.0473557330760615,0.0475977088240092,-0.00704659100590434,0.014608403449551,0.0145389270175645,0.028126379964561
"zeta_FRbr",0.00184388966362575,0.000739949789882654,-0.062319510032864,0.0102095884750983,0.0173997962308383,-0.00234813207745297,0.00594282548753568,-0.00874302943552947,-0.00852997416146399,0.0075344604923607,0.0172716811007306,0.00201782157954725,0.00614996574152849,-0.00241162701806867,-0.0423561684081309,0.0119427567051716,-0.125902210751931,0.0449275879972912,1,-0.218853483876239,-0.218960515939417,0.125481389487487,2.28988444887254e-09,1.12629044792915e-10,0.0636107362914976,0.26217410477859,-0.0762385064493012,0.177490389952076,-0.722148804817043,0.90601743029377,0.922860610854411,0.944333313453529,0.175232512272005,-0.250754991935507,-0.254071320435252,-0.297164684458533,0.0758589484111602,-0.40299045655428,-0.427781771877011,-0.381412406823215,-0.0459665422850594,-0.0470778272453536,-0.0748693734640592,-0.0954678982390014,-1.92840695813784e-09,-1.52496787503423e-09,-1.26869504327316e-09,-8.69009995532333e-10,-3.93312790651977e-11,2.05221779706181e-11,3.03443298422898e-11,9.70856644450023e-11,-0.0544524364133446,-0.0492966938366492,-0.0377626283702017,-0.0144601869648495,-0.250119378755077,-0.250045674834348,-0.252418903233919,-0.246185649806096,0.0881091469704787,0.0969256651766312,0.0976623767653065,0.0775047380832788,-0.156978154238723,0.0168777136661381,0.0330886376815926,0.0307692462359219
"zeta_EnfCond",-0.000432372279795026,-0.000498302137222928,0.0226519959427817,0.00187991906471542,0.000801451314978132,0.0132887707514508,0.0137025321704695,-0.000873315461166341,0.0114165712657071,-0.0017681957042337,0.0113616035004689,-0.00266635735147409,0.00219121340284399,0.00328280272697063,0.0243893618728942,6.08698597666329e-05,0.0404733450069346,-0.0168201814230202,-0.218853483876239,1,0.130247043370054,0.0390308505991003,2.29438353592547e-09,-2.51529656691961e-10,0.04023724736198,0.101460801869341,-0.070013643176127,-0.220793870855711,0.220184578354142,-0.220052199276811,-0.228051282387999,-0.230688228729629,-0.800428129276278,0.916271767347061,0.942071211339312,0.930024375157522,0.0105031376854775,0.129805650330944,0.13797508623142,0.126064616986346,0.00761474407595221,0.0306462058525952,0.0330631887812661,0.0324584417162751,-1.58164366426654e-09,-1.38232021656848e-09,-1.16106884011124e-09,-8.73497209498031e-10,3.94950574686295e-10,3.74522472493684e-10,3.4460600598425e-10,2.9725234722568e-10,0.023128611567308,0.0255393262477572,0.0176030270252224,0.00715866091820013,-0.0919135130331345,-0.0967729965450903,-0.0971642302509557,-0.0927475692734723,0.0971962218721702,0.0881638285172367,0.0823222141987662,0.0676481435039392,0.28739773064446,-0.127513424060472,-0.181253920683647,-0.218621247731689
"zeta_AFrSem",0.000180215237372112,-0.000972215640542815,0.0129700056459826,0.00530342493537674,-0.00285008294940577,0.00819542343592404,0.0111167976626935,-0.00230248761752289,-0.00287295365615919,-0.00246668365707831,0.00598537768327291,-0.00369602617340691,0.00387500270031717,0.000591091919181216,-0.0204611015269615,-0.00304106314523111,0.0117505237473303,0.0180721247742612,-0.218960515939417,0.130247043370054,1,0.168906191811855,7.3409866234052e-10,-6.56515487223831e-11,0.0220425409287367,0.0528846796246818,-0.0924942730506537,0.0042475376591598,0.200401861329754,-0.317671992350991,-0.338039139069629,-0.303700687935766,-0.12234639652394,0.0979814511288775,0.101302218851413,0.100023875764802,-0.383250627653527,0.787007484117218,0.805076004902178,0.796292627056548,-0.0695241648714732,-0.059497583763662,-0.0497405892325068,-0.00746592808667774,-5.54363231169178e-10,-4.67810221635971e-10,-3.99145383055891e-10,-3.02702990813668e-10,5.67563866362724e-11,4.01327757330691e-11,3.01447183754987e-11,3.11662090190932e-11,-0.0134695367742896,-0.0158925380830475,-0.0147469100441381,-0.00653787059404687,-0.0540423832945472,-0.0535907044832979,-0.053391899792242,-0.0507201027699472,0.0837971485894055,0.0865626600330821,0.0877852160664185,0.0836878142955579,0.00310357314297843,-0.04140569093525,-0.0473121651709823,-0.0489712292388535
"zeta_CulFr",0.00110933087035337,-0.00020759876083529,-0.0283130675721364,0.00971549438989415,0.00785205860048045,0.00147668725018681,0.00515360209134954,-0.00656817880075427,-0.000392906892196651,0.00342637220521331,0.0115044163425045,-0.00154410741714775,0.00757034075651078,0.00248178524370814,0.00622405153372152,0.00732014471034304,-0.0583183142751428,0.000923110055131507,0.125481389487487,0.0390308505991003,0.168906191811855,1,3.47552201987384e-10,2.61339275468065e-10,0.0511735435210949,0.17107801523176,-0.113251828688164,0.0680444309295655,-0.0416419376507481,0.0121607544772122,0.00854519215221776,0.0392872390124873,-0.0291531761537672,0.00882436919379969,0.00788116019145672,-0.0154847526606969,-0.0287414078328592,-0.0226199855070906,-0.0172814753795819,0.0217504776947457,-0.462857714216205,0.124919594001212,0.330955970678428,0.482932862785756,-3.23830657620935e-10,-3.20345258982337e-10,-2.91479067778773e-10,-2.50727259139303e-10,-2.34204257600409e-10,-1.80460310707837e-10,-1.74956752618583e-10,-6.26319356197251e-11,-0.0258435606735301,-0.0202461869160565,-0.0147758677961912,-0.0047921705469287,-0.168476228793595,-0.16817166170193,-0.168770370303006,-0.163443692205164,0.110266990122859,0.116765505633701,0.117134821927378,0.103304437554509,-0.0327787579234014,-0.0122834638732755,-0.0133086962530562,-0.0213697833657689
"zeta_OmLmVel",1.16062942945283e-09,2.88595995768475e-09,-6.68452935033996e-10,-4.0551841731844e-09,-1.05683084867331e-10,1.26348711266946e-08,-1.63304379242142e-10,-2.02565043634764e-09,8.73191784582348e-09,4.60516414787959e-10,2.9679891855928e-09,-2.04138609481939e-09,2.77720587758229e-09,2.11334235266489e-08,5.08566760535576e-10,-1.34163567032353e-09,2.62290733101585e-09,-1.81700739349555e-10,2.28988444887254e-09,2.29438353592547e-09,7.3409866234052e-10,3.47552201987384e-10,1,-3.98141934274554e-09,-9.3482690836563e-10,-2.44746892317942e-09,2.5002398477591e-10,6.90703758355927e-10,2.54237414048691e-10,3.49370389285547e-09,3.3034687261143e-09,2.73761618413333e-09,-4.80340774564083e-11,3.32990887872445e-09,2.93836505583441e-09,2.77776919840862e-09,2.25062626027384e-09,2.0517891815516e-09,1.88770631384864e-09,9.4161356016263e-10,1.50978976402177e-09,2.71283099479293e-09,2.84522485963966e-09,1.19251396169764e-09,-0.786439982485075,-0.634575640210152,-0.538100561239547,-0.37747995990711,4.3896898944656e-09,3.56764355965029e-09,3.26284028511213e-09,2.64883938893927e-09,3.91858600087865e-09,9.04326294393139e-09,6.12520414217851e-09,2.38544438624883e-09,2.46449841212894e-09,2.49978019633471e-09,2.56059917642632e-09,2.93814415586336e-09,-1.91220257846767e-10,-1.80222001966194e-10,-1.90553116023186e-10,-2.59237424632996e-12,1.8595748768731e-09,2.9415702402483e-09,2.7484148161043e-09,1.72415373479992e-09
"zeta_IgPare",1.50886698305139e-10,-5.22756547814519e-11,1.13257179216277e-10,-1.30103937449007e-10,5.66918541526514e-10,3.68472006727337e-10,5.67596645660883e-10,7.73635704214777e-10,-6.42710609675172e-10,2.86036852295174e-11,-6.02854693566277e-11,4.35648493486093e-12,1.50443991795457e-09,-1.98401612250678e-09,1.32390040528393e-09,4.12299103556012e-10,-3.36712879366026e-10,-1.18225523502599e-09,1.12629044792915e-10,-2.51529656691961e-10,-6.56515487223831e-11,2.61339275468065e-10,-3.98141934274554e-09,1,2.87331300561032e-10,1.0980966520509e-09,-5.62835304247824e-10,1.08629480566365e-11,-1.30221843868844e-10,-2.7061960251112e-12,1.0250220432377e-11,3.8778077642006e-11,1.16248921749111e-10,-3.21912756007942e-10,-3.15076307609023e-10,-3.84385587706711e-10,-4.68644247103348e-11,-2.23978615592419e-10,-2.29658705241449e-10,-1.57897334266152e-10,-8.34477508119538e-11,3.16685031583775e-10,1.31402709187324e-10,5.99999136341258e-11,3.14149861314193e-09,2.4959440038748e-09,2.09058061260835e-09,1.47224930136993e-09,-0.802816473733176,-0.557730799424285,-0.490747743579296,-0.274145177691861,-4.87217329223988e-10,-8.10779610496132e-10,-4.52457199460312e-10,-7.88014299535280e-11,-1.09984500278532e-09,-1.10805350863145e-09,-1.11177519412327e-09,-1.13327957099231e-09,5.53920205054267e-10,5.72411483796502e-10,5.60669653033321e-10,4.52074913864032e-10,-1.47050998652148e-10,-1.99836555392737e-10,-1.99271788623539e-10,-1.72597825228992e-10
"zeta_UsoCel",0.00096777942532472,-0.000133437751755423,-0.0182413355431256,0.00416597797236005,0.00821173086499943,0.000411995229124483,0.00371385258110963,-0.00346837486448261,0.00027421125512106,0.00196296820573168,0.00501658038426349,0.00171407617161986,0.00561039213829162,0.00184657373595641,0.0353689335790796,0.00689314183486666,-0.0329006193842958,-0.0295425530167478,0.0636107362914976,0.04023724736198,0.0220425409287367,0.0511735435210949,-9.3482690836563e-10,2.87331300561032e-10,1,0.109853338021207,-0.0552375055940358,0.0730336025795718,-0.0460432680123022,0.0309953405676159,0.0322213373922179,0.038073364968227,-0.0139906871946452,-0.00650918058958669,-0.00596976274424429,-0.0104518504230932,-0.0151385599960417,-0.0317905111640221,-0.0318508736221955,-0.0198245357161105,-0.0177675033580406,-0.0184525481798897,-0.0184832852854312,-0.0112994440888353,7.2208432013064e-10,4.96799622014292e-10,3.94332487269493e-10,2.30804572007063e-10,-3.14576476305676e-10,-2.54503141667682e-10,-2.4501861190422e-10,-1.50014696983244e-10,-0.43660526059083,-0.107235973604538,0.0556762996430414,0.151320814998332,-0.108499805365054,-0.108919168163699,-0.109736725108691,-0.107079140667443,0.0550780877303174,0.0568262852833477,0.0557984139928773,0.0468349258370146,-0.000846271728704735,-0.0232196994769048,-0.0233488674704943,-0.019092450762878
"zeta_PasoPeaton",0.00529008582515512,0.0011612749970898,-0.0832434274753169,0.0334383987783498,0.040465476964529,0.0357381424610256,0.0491378045426099,-0.0173795191196055,0.00625130878373049,0.0129239075626732,0.0418716756491975,-0.0103852299600329,0.0375169235855131,0.0100540197225705,0.000685427579178903,0.0151909787754214,-0.192031598450056,0.0360843488450395,0.26217410477859,0.101460801869341,0.0528846796246818,0.17107801523176,-2.44746892317942e-09,1.0980966520509e-09,0.109853338021207,1,-0.589044624134127,0.0739172961032632,-0.251411779800163,0.13856185264368,0.146121162351401,0.168418627543092,-0.0977441123465219,0.0452699204174071,0.0541710189343644,0.00288863672433355,-0.118309268209432,-0.151608801009894,-0.155049517055869,-0.096019843922528,-0.143292874621602,-0.116988921825605,-0.10646922927773,-0.0631533514172161,1.49344222907649e-09,1.15321195311988e-09,9.18838340021868e-10,5.58682809039236e-10,-1.12608493112644e-09,-9.08791690822833e-10,-8.38471187058831e-10,-4.70628822171728e-10,-0.0802924392744394,-0.05343865412588,-0.0352631344068778,-0.00850896065832071,-0.988706125148213,-0.989150007111208,-0.986103114308708,-0.94404677012757,0.592521446940608,0.614428711725159,0.608385765420593,0.541836989776951,-0.0594850996660582,-0.0462924175628828,-0.0493029395133694,-0.0691949744285784
"zeta_UsoDirec",-0.00321576413097282,-0.000768443558580812,0.0446159442369325,-0.0262077495074596,-0.0250613859401499,-0.0392314661174454,-0.0466654757899963,0.0115005366191449,-0.00267353467839975,-0.00900386578872184,-0.0286762129385369,0.00927587752036878,-0.0281383779066211,-0.00986205448540364,0.00851711561822209,0.00269026578591981,0.113378139771122,-0.0467731693937987,-0.0762385064493012,-0.070013643176127,-0.0924942730506537,-0.113251828688164,2.5002398477591e-10,-5.62835304247824e-10,-0.0552375055940358,-0.589044624134127,1,-0.0357034246632769,0.0989317767618641,0.00357317092702153,-5.16313015918646e-05,-0.0216946697870086,0.0560000244673655,-0.0383798233984104,-0.0468077963573205,-0.0393847109695029,0.106975187947106,0.0361907442380369,0.0330141292393725,-0.0087766967846211,0.0946434451012407,0.0784494973298799,0.066115550448601,0.0263792878266113,-1.77049510696441e-11,6.35888531572666e-11,7.74131004876538e-11,1.31272604226869e-10,4.80239748828926e-10,2.71440786145711e-10,2.45479984065385e-10,1.03675513887374e-11,0.0355803860313907,0.019674774079022,0.0113339486768293,0.000144676261446517,0.597959319292737,0.592952678979493,0.579824321301011,0.520407778507765,-0.925945325013512,-0.963413348156846,-0.967553793611418,-0.943067221922991,0.016212273895383,0.0206790750283684,0.0188527207380219,0.0156914445302886
"zeta_UsoPito",0.00137076229197929,3.33078845695824e-05,-0.0394374750488006,0.0066305532418813,0.00527027670290596,-0.00751228246314732,-0.00338548737209137,-0.00329174117730915,-0.00606642612367019,0.00334728927703744,0.00119805459127858,-0.00040116969099928,0.00658135736465071,-0.000113775200872799,-0.0189900969702909,0.00292942260729944,-0.0770950920306059,0.032714612401184,0.177490389952076,-0.220793870855711,0.0042475376591598,0.0680444309295655,6.90703758355927e-10,1.08629480566365e-11,0.0730336025795718,0.0739172961032632,-0.0357034246632769,1,-0.158848706671467,0.124017673608669,0.126963222133371,0.134043823665623,0.254150858540184,-0.265168439386432,-0.287902472105883,-0.296951699342241,-0.0455017163748044,-0.0877977482523238,-0.0909072299360863,-0.0725829360406957,-0.0469117924212844,-0.0502931804210078,-0.050308899176294,-0.0379113656701308,-6.73129477209904e-10,-5.19467940912126e-10,-4.36614494302116e-10,-3.00240651711608e-10,-3.44736987339283e-11,-6.70255286849129e-11,-6.98772191855645e-11,-4.2532336701956e-11,-0.0204425215784425,-0.0187736069880916,-0.0150325321429941,-0.00841851296365087,-0.0771970226474984,-0.07460149209665,-0.0760744302635093,-0.0760777307686828,0.0195562646041087,0.0281521747035717,0.0308819889385167,0.0274579351032703,-0.601023057551669,0.518984872099249,0.590263000480989,0.623562154522443
