Model run using Apollo for R, version 0.0.8 
www.ApolloChoiceModelling.com

Model name                       : MNL_Modelo_4
Model description                : MNL modelo 3
Model run at                     : 2020-02-29 20:43:54
Estimation method                : bfgs
Model diagnosis                  : successful convergence 
Number of individuals            : 282
Number of observations           : 282

Number of cores used             :  1 
Model without mixing

LL(start)                        : -390.935
LL(0)                            : -390.935
LL(final)                        : -292.4107
Rho-square (0)                   :  0.252 
Adj.Rho-square (0)               :  0.1881 
AIC                              :  634.82 
BIC                              :  725.87 
Estimated parameters             :  25
Time taken (hh:mm:ss)            :  00:00:48.19 
Iterations                       :  45 

Estimates:
                Estimate Std.err. t.ratio(0) Rob.std.err. Rob.t.ratio(0)
asc_ruta1        -0.2296   0.5478      -0.42       0.5921          -0.39
asc_ruta2        -1.2389   0.5649      -2.19       0.6072          -2.04
asc_ruta3        -1.8843   0.5832      -3.23       0.5962          -3.16
asc_rutaEC        0.0000       NA         NA           NA             NA
b_time            0.0686   0.0267       2.57       0.0351           1.96
b_dist           -0.2922   0.1151      -2.54       0.1082          -2.70
b_cong            0.0342   0.0848       0.40       0.0923           0.37
b_Sem_0           0.0000       NA         NA           NA             NA
b_Sem_1           0.1278   0.5119       0.25       0.4217           0.30
b_Sem_2           0.3143   0.3620       0.87       0.3116           1.01
b_Sem_3           0.5549   0.3592       1.55       0.2893           1.92
b_Sem_4           0.8860   0.4017       2.21       0.3082           2.87
b_ACC_0           0.0000       NA         NA           NA             NA
b_ACC_1          -0.3838   0.3088      -1.24       0.3189          -1.20
b_ACC_2          -3.0993   1.1742      -2.64       0.9239          -3.35
b_NO_CAMFD        0.0000       NA         NA           NA             NA
b_SI_CAMFD       -0.5879   0.2840      -2.07       0.2601          -2.26
b_NO_PANEL        0.0000       NA         NA           NA             NA
b_SI_PANEL       -0.3902   0.2148      -1.82       0.1813          -2.15
b_NO_ZER          0.0000       NA         NA           NA             NA
b_SI_ZER         -0.0350   0.2579      -0.14       0.2573          -0.14
b_CSECO           0.2091   0.3533       0.59       0.3553           0.59
b_CLLUVIA         0.0000       NA         NA           NA             NA
b_Hpico           0.0000       NA         NA           NA             NA
b_Hvalle          0.0260   0.2706       0.10       0.2716           0.10
b_Joven30        -0.9711   0.6285      -1.55       0.6090          -1.59
b_Adulto40       -0.4247   0.4471      -0.95       0.4514          -0.94
b_Adulto60       -0.5474   0.3942      -1.39       0.4109          -1.33
b_AdultoMayor     0.0000       NA         NA           NA             NA
b_USOCINTURON     0.0552   0.3230       0.17       0.3313           0.17
b_NOUSOCINTURON   0.0000       NA         NA           NA             NA
b_USODISPMOB     -0.1860   0.2839      -0.66       0.2765          -0.67
b_NOUSODISPMOB    0.0000       NA         NA           NA             NA
b_HTRB_1        -11.6500 571.3739      -0.02       1.1891          -9.80
b_HTRB_2          0.5154   0.5458       0.94       0.5380           0.96
b_HTRB_3          0.3218   0.2738       1.18       0.2788           1.15
b_HTRB_4          0.0000       NA         NA           NA             NA

Overview of choices for MNL model component:
                                  ruta1 ruta2  ruta3 rutaEC
Times available                  282.00 282.0 282.00 282.00
Times chosen                      83.00  33.0  18.00 148.00
Percentage chosen overall         29.43  11.7   6.38  52.48
Percentage chosen when available  29.43  11.7   6.38  52.48


Classical covariance matrix:
              asc_ruta1 asc_ruta2 asc_ruta3    b_time    b_dist    b_cong   b_Sem_1   b_Sem_2   b_Sem_3
asc_ruta1      0.300093  0.285520  0.279477  0.002544 -0.009224  0.002348  0.016595  0.012225  0.012191
asc_ruta2      0.285520  0.319157  0.284150  0.001698 -0.011350  0.003726  0.022207  0.009620  0.004148
asc_ruta3      0.279477  0.284150  0.340138  0.000721 -0.010401  0.003747  0.020445  0.013133  0.003053
b_time         0.002544  0.001698  0.000721  0.000712 -0.001052 -0.000913  0.001426  0.000177  0.000086
b_dist        -0.009224 -0.011350 -0.010401 -0.001052  0.013243  0.000870 -0.002012  0.000179 -0.000100
b_cong         0.002348  0.003726  0.003747 -0.000913  0.000870  0.007192 -0.000214 -0.000002  0.001351
b_Sem_1        0.016595  0.022207  0.020445  0.001426 -0.002012 -0.000214  0.262028  0.121287  0.091944
b_Sem_2        0.012225  0.009620  0.013133  0.000177  0.000179 -0.000002  0.121287  0.131049  0.091844
b_Sem_3        0.012191  0.004148  0.003053  0.000086 -0.000100  0.001351  0.091944  0.091844  0.128994
b_Sem_4        0.010654 -0.001472 -0.008933 -0.000055 -0.001204  0.000157  0.086574  0.088292  0.105753
b_ACC_1        0.017494  0.022109  0.022511 -0.000865  0.001210  0.001799 -0.007887 -0.001349 -0.005294
b_ACC_2       -0.013023 -0.020384 -0.038047  0.003132  0.030235 -0.000964  0.035081  0.010349 -0.010369
b_SI_CAMFD    -0.011502 -0.006455 -0.005645 -0.000629 -0.001575  0.000043  0.003807 -0.000396 -0.006546
b_SI_PANEL    -0.010067 -0.010165 -0.010522  0.000277 -0.000023 -0.001066  0.010854  0.006655  0.003085
b_SI_ZER      -0.004488 -0.002605 -0.003694 -0.000591  0.000362  0.001814 -0.003965 -0.002471 -0.002449
b_CSECO        0.087095  0.083864  0.082667  0.000903 -0.003582 -0.003513  0.006924  0.009835  0.014032
b_Hvalle       0.027229  0.029180  0.029193 -0.000620 -0.001219 -0.001355  0.001954  0.003034  0.003511
b_Joven30      0.109076  0.106782  0.102996  0.000163  0.001637  0.008776  0.009400  0.008418  0.009678
b_Adulto40     0.125310  0.124029  0.121117  0.001063  0.001770  0.003263  0.018332 -0.000506 -0.001242
b_Adulto60     0.114394  0.115151  0.113519  0.000067  0.001532  0.003744  0.006124 -0.001796 -0.005355
b_USOCINTURON  0.056507  0.060002  0.061764 -0.001050  0.000917  0.004311  0.003231  0.002491 -0.003949
b_USODISPMOB   0.018897  0.017076  0.017011  0.000275  0.002146 -0.002114 -0.010980 -0.004547 -0.001751
b_HTRB_1       0.015345  0.015758  0.018238  0.001476 -0.001831 -0.010212  0.005909 -0.004333 -0.008131
b_HTRB_2       0.038545  0.040607  0.039555  0.001162 -0.005995 -0.001151  0.007747  0.011142 -0.004218
b_HTRB_3       0.055485  0.056312  0.053662  0.000455 -0.002972  0.001725  0.005291 -0.000279  0.002577
                b_Sem_4   b_ACC_1   b_ACC_2 b_SI_CAMFD b_SI_PANEL  b_SI_ZER   b_CSECO  b_Hvalle b_Joven30
asc_ruta1      0.010654  0.017494 -0.013023  -0.011502  -0.010067 -0.004488  0.087095  0.027229  0.109076
asc_ruta2     -0.001472  0.022109 -0.020384  -0.006455  -0.010165 -0.002605  0.083864  0.029180  0.106782
asc_ruta3     -0.008933  0.022511 -0.038047  -0.005645  -0.010522 -0.003694  0.082667  0.029193  0.102996
b_time        -0.000055 -0.000865  0.003132  -0.000629   0.000277 -0.000591  0.000903 -0.000620  0.000163
b_dist        -0.001204  0.001210  0.030235  -0.001575  -0.000023  0.000362 -0.003582 -0.001219  0.001637
b_cong         0.000157  0.001799 -0.000964   0.000043  -0.001066  0.001814 -0.003513 -0.001355  0.008776
b_Sem_1        0.086574 -0.007887  0.035081   0.003807   0.010854 -0.003965  0.006924  0.001954  0.009400
b_Sem_2        0.088292 -0.001349  0.010349  -0.000396   0.006655 -0.002471  0.009835  0.003034  0.008418
b_Sem_3        0.105753 -0.005294 -0.010369  -0.006546   0.003085 -0.002449  0.014032  0.003511  0.009678
b_Sem_4        0.161382 -0.007683 -0.024717  -0.004233   0.002627 -0.008589  0.011784  0.004451  0.007762
b_ACC_1       -0.007683  0.095347  0.033355  -0.004926  -0.005383 -0.001155  0.002216  0.002109  0.005861
b_ACC_2       -0.024717  0.033355  1.378677  -0.012541   0.005076 -0.017935 -0.008955 -0.022902  0.017255
b_SI_CAMFD    -0.004233 -0.004926 -0.012541   0.080632  -0.003695  0.007008 -0.003262 -0.001437  0.006341
b_SI_PANEL     0.002627 -0.005383  0.005076  -0.003695   0.046119  0.000458  0.000204  0.000103 -0.000040
b_SI_ZER      -0.008589 -0.001155 -0.017935   0.007008   0.000458  0.066513 -0.000152 -0.005520  0.002550
b_CSECO        0.011784  0.002216 -0.008955  -0.003262   0.000204 -0.000152  0.124843  0.001833 -0.012521
b_Hvalle       0.004451  0.002109 -0.022902  -0.001437   0.000103 -0.005520  0.001833  0.073235 -0.003558
b_Joven30      0.007762  0.005861  0.017255   0.006341  -0.000040  0.002550 -0.012521 -0.003558  0.395054
b_Adulto40    -0.002015  0.007734  0.032762  -0.003534  -0.001976 -0.006464  0.009578  0.003700  0.135534
b_Adulto60    -0.005652  0.004794  0.005944   0.002830  -0.002455 -0.001201 -0.004215  0.002951  0.126782
b_USOCINTURON -0.007258  0.009236 -0.001085  -0.004094  -0.001871  0.003919 -0.023699 -0.005489  0.003751
b_USODISPMOB  -0.001686  0.006049  0.009169  -0.000582  -0.003410  0.004128  0.003122  0.000777 -0.029320
b_HTRB_1      -0.005409 -0.001913 -0.013779  -0.041728  -0.002756 -0.018206 -0.004553  0.036362 -0.260074
b_HTRB_2       0.003859  0.008778 -0.012628   0.008022  -0.010647 -0.002742 -0.016337  0.004333 -0.016486
b_HTRB_3       0.006731  0.000920 -0.017361   0.000932  -0.002391 -0.001978 -0.004824  0.004832 -0.004616
              b_Adulto40 b_Adulto60 b_USOCINTURON b_USODISPMOB      b_HTRB_1  b_HTRB_2  b_HTRB_3
asc_ruta1       0.125310   0.114394      0.056507     0.018897      0.015345  0.038545  0.055485
asc_ruta2       0.124029   0.115151      0.060002     0.017076      0.015758  0.040607  0.056312
asc_ruta3       0.121117   0.113519      0.061764     0.017011      0.018238  0.039555  0.053662
b_time          0.001063   0.000067     -0.001050     0.000275      0.001476  0.001162  0.000455
b_dist          0.001770   0.001532      0.000917     0.002146     -0.001831 -0.005995 -0.002972
b_cong          0.003263   0.003744      0.004311    -0.002114     -0.010212 -0.001151  0.001725
b_Sem_1         0.018332   0.006124      0.003231    -0.010980      0.005909  0.007747  0.005291
b_Sem_2        -0.000506  -0.001796      0.002491    -0.004547     -0.004333  0.011142 -0.000279
b_Sem_3        -0.001242  -0.005355     -0.003949    -0.001751     -0.008131 -0.004218  0.002577
b_Sem_4        -0.002015  -0.005652     -0.007258    -0.001686     -0.005409  0.003859  0.006731
b_ACC_1         0.007734   0.004794      0.009236     0.006049     -0.001913  0.008778  0.000920
b_ACC_2         0.032762   0.005944     -0.001085     0.009169     -0.013779 -0.012628 -0.017361
b_SI_CAMFD     -0.003534   0.002830     -0.004094    -0.000582     -0.041728  0.008022  0.000932
b_SI_PANEL     -0.001976  -0.002455     -0.001871    -0.003410     -0.002756 -0.010647 -0.002391
b_SI_ZER       -0.006464  -0.001201      0.003919     0.004128     -0.018206 -0.002742 -0.001978
b_CSECO         0.009578  -0.004215     -0.023699     0.003122     -0.004553 -0.016337 -0.004824
b_Hvalle        0.003700   0.002951     -0.005489     0.000777      0.036362  0.004333  0.004832
b_Joven30       0.135534   0.126782      0.003751    -0.029320     -0.260074 -0.016486 -0.004616
b_Adulto40      0.199885   0.127968     -0.010978    -0.030444      0.018769 -0.004881  0.003305
b_Adulto60      0.127968   0.155368     -0.011363    -0.011085      0.010280  0.002633  0.007314
b_USOCINTURON  -0.010978  -0.011363      0.104350     0.006934     -0.033923  0.007104  0.010067
b_USODISPMOB   -0.030444  -0.011085      0.006934     0.080591     -0.039790 -0.010790 -0.001792
b_HTRB_1        0.018769   0.010280     -0.033923    -0.039790 326468.155618  0.068519  0.052068
b_HTRB_2       -0.004881   0.002633      0.007104    -0.010790      0.068519  0.297865  0.046045
b_HTRB_3        0.003305   0.007314      0.010067    -0.001792      0.052068  0.046045  0.074968

Robust covariance matrix:
              asc_ruta1 asc_ruta2 asc_ruta3    b_time    b_dist    b_cong   b_Sem_1   b_Sem_2   b_Sem_3
asc_ruta1      0.350539  0.334865  0.304112  0.005611 -0.019306  0.005474  0.033520  0.015425  0.017437
asc_ruta2      0.334865  0.368722  0.311303  0.004227 -0.021095  0.007360  0.032480  0.012357  0.009258
asc_ruta3      0.304112  0.311303  0.355405  0.000387 -0.014524  0.006927  0.026304  0.018117  0.009086
b_time         0.005611  0.004227  0.000387  0.001233 -0.001778 -0.001436  0.002913  0.001062  0.000488
b_dist        -0.019306 -0.021095 -0.014524 -0.001778  0.011698  0.001081 -0.008584 -0.005278 -0.002646
b_cong         0.005474  0.007360  0.006927 -0.001436  0.001081  0.008517 -0.001394 -0.000785 -0.000224
b_Sem_1        0.033520  0.032480  0.026304  0.002913 -0.008584 -0.001394  0.177821  0.088646  0.065509
b_Sem_2        0.015425  0.012357  0.018117  0.001062 -0.005278 -0.000785  0.088646  0.097087  0.063857
b_Sem_3        0.017437  0.009258  0.009086  0.000488 -0.002646 -0.000224  0.065509  0.063857  0.083675
b_Sem_4        0.007471 -0.004261 -0.004011 -0.000869 -0.003842 -0.000868  0.053900  0.055090  0.061782
b_ACC_1        0.036368  0.044096  0.030848  0.001139 -0.003259  0.001753  0.000824 -0.003197 -0.005458
b_ACC_2        0.034924  0.009920 -0.026564  0.008228  0.032628  0.006988  0.049086  0.005148  0.004704
b_SI_CAMFD    -0.030308 -0.023532 -0.015614 -0.002054  0.001244 -0.000864 -0.003748 -0.004358 -0.003945
b_SI_PANEL    -0.010574 -0.012866 -0.007918 -0.000271  0.002614 -0.001302  0.007285  0.008715  0.006114
b_SI_ZER       0.005168  0.004786  0.005418 -0.001145  0.001038  0.004143 -0.003150 -0.001064 -0.000994
b_CSECO        0.092473  0.096262  0.090519  0.000753 -0.005559 -0.003626  0.010134  0.010340  0.020210
b_Hvalle       0.031951  0.030344  0.031409  0.000303 -0.001979 -0.002363  0.005323  0.002021  0.002891
b_Joven30      0.126365  0.124865  0.110212  0.000868 -0.004848  0.009160  0.016824  0.002796 -0.000810
b_Adulto40     0.153129  0.146095  0.135743  0.001776 -0.000562  0.005508  0.014997 -0.003561 -0.007514
b_Adulto60     0.135355  0.129115  0.120331  0.000687  0.000617  0.005856  0.002083 -0.008008 -0.014351
b_USOCINTURON  0.065072  0.069955  0.065383 -0.001249 -0.000234  0.007750  0.007691  0.007589  0.001171
b_USODISPMOB   0.009162  0.008649  0.011786  0.000939  0.001684 -0.003565 -0.004240 -0.002818 -0.000018
b_HTRB_1       0.028279  0.028767  0.035585  0.002433  0.004892 -0.008925 -0.003854 -0.004674 -0.007695
b_HTRB_2       0.047276  0.052096  0.050871  0.002126 -0.007849 -0.001768 -0.000326  0.003367 -0.006236
b_HTRB_3       0.064534  0.062227  0.056379  0.001376 -0.005118  0.001729  0.011299 -0.003380  0.002237
                b_Sem_4   b_ACC_1   b_ACC_2 b_SI_CAMFD b_SI_PANEL  b_SI_ZER   b_CSECO  b_Hvalle b_Joven30
asc_ruta1      0.007471  0.036368  0.034924  -0.030308  -0.010574  0.005168  0.092473  0.031951  0.126365
asc_ruta2     -0.004261  0.044096  0.009920  -0.023532  -0.012866  0.004786  0.096262  0.030344  0.124865
asc_ruta3     -0.004011  0.030848 -0.026564  -0.015614  -0.007918  0.005418  0.090519  0.031409  0.110212
b_time        -0.000869  0.001139  0.008228  -0.002054  -0.000271 -0.001145  0.000753  0.000303  0.000868
b_dist        -0.003842 -0.003259  0.032628   0.001244   0.002614  0.001038 -0.005559 -0.001979 -0.004848
b_cong        -0.000868  0.001753  0.006988  -0.000864  -0.001302  0.004143 -0.003626 -0.002363  0.009160
b_Sem_1        0.053900  0.000824  0.049086  -0.003748   0.007285 -0.003150  0.010134  0.005323  0.016824
b_Sem_2        0.055090 -0.003197  0.005148  -0.004358   0.008715 -0.001064  0.010340  0.002021  0.002796
b_Sem_3        0.061782 -0.005458  0.004704  -0.003945   0.006114 -0.000994  0.020210  0.002891 -0.000810
b_Sem_4        0.094990  0.000315 -0.065441   0.001721   0.003522 -0.008795  0.013753 -0.002217 -0.005273
b_ACC_1        0.000315  0.101692  0.023606  -0.015970  -0.009628 -0.009131  0.003442  0.005417  0.007967
b_ACC_2       -0.065441  0.023606  0.853612  -0.025636  -0.010712 -0.018959 -0.019873 -0.002258  0.032058
b_SI_CAMFD     0.001721 -0.015970 -0.025636   0.067657   0.001716  0.005963 -0.007260 -0.003818  0.014126
b_SI_PANEL     0.003522 -0.009628 -0.010712   0.001716   0.032874 -0.004330  0.001390 -0.000401  0.006271
b_SI_ZER      -0.008795 -0.009131 -0.018959   0.005963  -0.004330  0.066200  0.001246 -0.003517  0.018410
b_CSECO        0.013753  0.003442 -0.019873  -0.007260   0.001390  0.001246  0.126240  0.006266 -0.002936
b_Hvalle      -0.002217  0.005417 -0.002258  -0.003818  -0.000401 -0.003517  0.006266  0.073742 -0.013834
b_Joven30     -0.005273  0.007967  0.032058   0.014126   0.006271  0.018410 -0.002936 -0.013834  0.370865
b_Adulto40    -0.009655  0.016462  0.062832  -0.004379  -0.001572 -0.004273  0.013070  0.002279  0.139362
b_Adulto60    -0.011323  0.014689  0.047514  -0.001413  -0.002595  0.007905 -0.006054  0.000722  0.137567
b_USOCINTURON -0.002349  0.013333  0.006959  -0.010549  -0.001954  0.005575 -0.022392 -0.005326  0.000274
b_USODISPMOB  -0.000729  0.002904  0.002294   0.002392  -0.001074 -0.000621 -0.001162 -0.001149 -0.015493
b_HTRB_1      -0.009484  0.015542  0.030840  -0.082009  -0.011183 -0.026701 -0.006127  0.048247 -0.251793
b_HTRB_2       0.001797  0.003020 -0.017625   0.000977  -0.014492 -0.001853 -0.017253  0.010663 -0.023156
b_HTRB_3       0.004578  0.001903  0.003220  -0.000591  -0.003227  0.002825  0.003630  0.005356 -0.004887
              b_Adulto40 b_Adulto60 b_USOCINTURON b_USODISPMOB  b_HTRB_1  b_HTRB_2  b_HTRB_3
asc_ruta1       0.153129   0.135355      0.065072     0.009162  0.028279  0.047276  0.064534
asc_ruta2       0.146095   0.129115      0.069955     0.008649  0.028767  0.052096  0.062227
asc_ruta3       0.135743   0.120331      0.065383     0.011786  0.035585  0.050871  0.056379
b_time          0.001776   0.000687     -0.001249     0.000939  0.002433  0.002126  0.001376
b_dist         -0.000562   0.000617     -0.000234     0.001684  0.004892 -0.007849 -0.005118
b_cong          0.005508   0.005856      0.007750    -0.003565 -0.008925 -0.001768  0.001729
b_Sem_1         0.014997   0.002083      0.007691    -0.004240 -0.003854 -0.000326  0.011299
b_Sem_2        -0.003561  -0.008008      0.007589    -0.002818 -0.004674  0.003367 -0.003380
b_Sem_3        -0.007514  -0.014351      0.001171    -0.000018 -0.007695 -0.006236  0.002237
b_Sem_4        -0.009655  -0.011323     -0.002349    -0.000729 -0.009484  0.001797  0.004578
b_ACC_1         0.016462   0.014689      0.013333     0.002904  0.015542  0.003020  0.001903
b_ACC_2         0.062832   0.047514      0.006959     0.002294  0.030840 -0.017625  0.003220
b_SI_CAMFD     -0.004379  -0.001413     -0.010549     0.002392 -0.082009  0.000977 -0.000591
b_SI_PANEL     -0.001572  -0.002595     -0.001954    -0.001074 -0.011183 -0.014492 -0.003227
b_SI_ZER       -0.004273   0.007905      0.005575    -0.000621 -0.026701 -0.001853  0.002825
b_CSECO         0.013070  -0.006054     -0.022392    -0.001162 -0.006127 -0.017253  0.003630
b_Hvalle        0.002279   0.000722     -0.005326    -0.001149  0.048247  0.010663  0.005356
b_Joven30       0.139362   0.137567      0.000274    -0.015493 -0.251793 -0.023156 -0.004887
b_Adulto40      0.203775   0.138647     -0.003769    -0.021023  0.016913  0.004973  0.008200
b_Adulto60      0.138647   0.168827     -0.005066    -0.005711  0.004656  0.008282  0.008459
b_USOCINTURON  -0.003769  -0.005066      0.109747    -0.000993 -0.019035  0.004677  0.005992
b_USODISPMOB   -0.021023  -0.005711     -0.000993     0.076455 -0.045783 -0.007510 -0.007362
b_HTRB_1        0.016913   0.004656     -0.019035    -0.045783  1.413966  0.080923  0.056994
b_HTRB_2        0.004973   0.008282      0.004677    -0.007510  0.080923  0.289454  0.047190
b_HTRB_3        0.008200   0.008459      0.005992    -0.007362  0.056994  0.047190  0.077737

Classical correlation matrix:
              asc_ruta1 asc_ruta2 asc_ruta3    b_time    b_dist    b_cong   b_Sem_1   b_Sem_2   b_Sem_3
asc_ruta1      1.000000  0.922587  0.874763  0.174024 -0.146325  0.050538  0.059181  0.061646  0.061963
asc_ruta2      0.922587  1.000000  0.862420  0.112601 -0.174580  0.077772  0.076791  0.047039  0.020444
asc_ruta3      0.874763  0.862420  1.000000  0.046347 -0.154977  0.075755  0.068485  0.062203  0.014577
b_time         0.174024  0.112601  0.046347  1.000000 -0.342538 -0.403238  0.104357  0.018311  0.008972
b_dist        -0.146325 -0.174580 -0.154977 -0.342538  1.000000  0.089145 -0.034160  0.004300 -0.002417
b_cong         0.050538  0.077772  0.075755 -0.403238  0.089145  1.000000 -0.004927 -0.000063  0.044365
b_Sem_1        0.059181  0.076791  0.068485  0.104357 -0.034160 -0.004927  1.000000  0.654523  0.500109
b_Sem_2        0.061646  0.047039  0.062203  0.018311  0.004300 -0.000063  0.654523  1.000000  0.706400
b_Sem_3        0.061963  0.020444  0.014577  0.008972 -0.002417  0.044365  0.500109  0.706400  1.000000
b_Sem_4        0.048413 -0.006487 -0.038126 -0.005148 -0.026039  0.004598  0.421004  0.607127  0.732962
b_ACC_1        0.103420  0.126740  0.125003 -0.104989  0.034052  0.068705 -0.049897 -0.012066 -0.047740
b_ACC_2       -0.020247 -0.030730 -0.055561  0.099960  0.223766 -0.009680  0.058368  0.024347 -0.024589
b_SI_CAMFD    -0.073940 -0.040239 -0.034089 -0.083017 -0.048187  0.001791  0.026189 -0.003852 -0.064186
b_SI_PANEL    -0.085572 -0.083782 -0.084013  0.048369 -0.000910 -0.058511  0.098734  0.085600  0.040000
b_SI_ZER      -0.031770 -0.017876 -0.024562 -0.085916  0.012212  0.082926 -0.030036 -0.026462 -0.026437
b_CSECO        0.449970  0.420138  0.401167  0.095721 -0.088101 -0.117245  0.038280  0.076888  0.110576
b_Hvalle       0.183671  0.190862  0.184969 -0.085906 -0.039128 -0.059045  0.014107  0.030967  0.036121
b_Joven30      0.316790  0.300723  0.280973  0.009735  0.022630  0.164640  0.029218  0.036996  0.042870
b_Adulto40     0.511644  0.491057  0.464503  0.089123  0.034404  0.086068  0.080101 -0.003125 -0.007736
b_Adulto60     0.529779  0.517111  0.493809  0.006360  0.033777  0.111995  0.030350 -0.012585 -0.037826
b_USOCINTURON  0.319320  0.328791  0.327842 -0.121763  0.024678  0.157373  0.019539  0.021299 -0.034036
b_USODISPMOB   0.121514  0.106473  0.102742  0.036253  0.065693 -0.087799 -0.075561 -0.044245 -0.017177
b_HTRB_1       0.000049  0.000049  0.000055  0.000097 -0.000028 -0.000211  0.000020 -0.000021 -0.000040
b_HTRB_2       0.128925  0.131701  0.124270  0.079808 -0.095453 -0.024869  0.027728  0.056396 -0.021516
b_HTRB_3       0.369925  0.364052  0.336047  0.062278 -0.094324  0.074300  0.037750 -0.002818  0.026210
                b_Sem_4   b_ACC_1   b_ACC_2 b_SI_CAMFD b_SI_PANEL  b_SI_ZER   b_CSECO  b_Hvalle b_Joven30
asc_ruta1      0.048413  0.103420 -0.020247  -0.073940  -0.085572 -0.031770  0.449970  0.183671  0.316790
asc_ruta2     -0.006487  0.126740 -0.030730  -0.040239  -0.083782 -0.017876  0.420138  0.190862  0.300723
asc_ruta3     -0.038126  0.125003 -0.055561  -0.034089  -0.084013 -0.024562  0.401167  0.184969  0.280973
b_time        -0.005148 -0.104989  0.099960  -0.083017   0.048369 -0.085916  0.095721 -0.085906  0.009735
b_dist        -0.026039  0.034052  0.223766  -0.048187  -0.000910  0.012212 -0.088101 -0.039128  0.022630
b_cong         0.004598  0.068705 -0.009680   0.001791  -0.058511  0.082926 -0.117245 -0.059045  0.164640
b_Sem_1        0.421004 -0.049897  0.058368   0.026189   0.098734 -0.030036  0.038280  0.014107  0.029218
b_Sem_2        0.607127 -0.012066  0.024347  -0.003852   0.085600 -0.026462  0.076888  0.030967  0.036996
b_Sem_3        0.732962 -0.047740 -0.024589  -0.064186   0.040000 -0.026437  0.110576  0.036121  0.042870
b_Sem_4        1.000000 -0.061940 -0.052401  -0.037109   0.030455 -0.082905  0.083023  0.040945  0.030743
b_ACC_1       -0.061940  1.000000  0.091999  -0.056178  -0.081181 -0.014504  0.020309  0.025233  0.030200
b_ACC_2       -0.052401  0.091999  1.000000  -0.037615   0.020129 -0.059228 -0.021586 -0.072075  0.023381
b_SI_CAMFD    -0.037109 -0.056178 -0.037615   1.000000  -0.060599  0.095700 -0.032509 -0.018695  0.035526
b_SI_PANEL     0.030455 -0.081181  0.020129  -0.060599   1.000000  0.008266  0.002691  0.001771 -0.000294
b_SI_ZER      -0.082905 -0.014504 -0.059228   0.095700   0.008266  1.000000 -0.001667 -0.079094  0.015729
b_CSECO        0.083023  0.020309 -0.021586  -0.032509   0.002691 -0.001667  1.000000  0.019166 -0.056378
b_Hvalle       0.040945  0.025233 -0.072075  -0.018695   0.001771 -0.079094  0.019166  1.000000 -0.020921
b_Joven30      0.030743  0.030200  0.023381   0.035526  -0.000294  0.015729 -0.056378 -0.020921  1.000000
b_Adulto40    -0.011216  0.056025  0.062409  -0.027835  -0.020576 -0.056064  0.060630  0.030585  0.482315
b_Adulto60    -0.035693  0.039390  0.012843   0.025281  -0.028998 -0.011813 -0.030265  0.027664  0.511737
b_USOCINTURON -0.055928  0.092591 -0.002862  -0.044633  -0.026965  0.047042 -0.207631 -0.062793  0.018475
b_USODISPMOB  -0.014786  0.069009  0.027508  -0.007215  -0.055926  0.056388  0.031129  0.010113 -0.164319
b_HTRB_1      -0.000024 -0.000011 -0.000021  -0.000257  -0.000022 -0.000124 -0.000023  0.000235 -0.000724
b_HTRB_2       0.017601  0.052085 -0.019706   0.051763  -0.090837 -0.019480 -0.084718  0.029339 -0.048061
b_HTRB_3       0.061198  0.010884 -0.054002   0.011983  -0.040668 -0.028010 -0.049866  0.065212 -0.026824
              b_Adulto40 b_Adulto60 b_USOCINTURON b_USODISPMOB  b_HTRB_1  b_HTRB_2  b_HTRB_3
asc_ruta1       0.511644   0.529779      0.319320     0.121514  0.000049  0.128925  0.369925
asc_ruta2       0.491057   0.517111      0.328791     0.106473  0.000049  0.131701  0.364052
asc_ruta3       0.464503   0.493809      0.327842     0.102742  0.000055  0.124270  0.336047
b_time          0.089123   0.006360     -0.121763     0.036253  0.000097  0.079808  0.062278
b_dist          0.034404   0.033777      0.024678     0.065693 -0.000028 -0.095453 -0.094324
b_cong          0.086068   0.111995      0.157373    -0.087799 -0.000211 -0.024869  0.074300
b_Sem_1         0.080101   0.030350      0.019539    -0.075561  0.000020  0.027728  0.037750
b_Sem_2        -0.003125  -0.012585      0.021299    -0.044245 -0.000021  0.056396 -0.002818
b_Sem_3        -0.007736  -0.037826     -0.034036    -0.017177 -0.000040 -0.021516  0.026210
b_Sem_4        -0.011216  -0.035693     -0.055928    -0.014786 -0.000024  0.017601  0.061198
b_ACC_1         0.056025   0.039390      0.092591     0.069009 -0.000011  0.052085  0.010884
b_ACC_2         0.062409   0.012843     -0.002862     0.027508 -0.000021 -0.019706 -0.054002
b_SI_CAMFD     -0.027835   0.025281     -0.044633    -0.007215 -0.000257  0.051763  0.011983
b_SI_PANEL     -0.020576  -0.028998     -0.026965    -0.055926 -0.000022 -0.090837 -0.040668
b_SI_ZER       -0.056064  -0.011813      0.047042     0.056388 -0.000124 -0.019480 -0.028010
b_CSECO         0.060630  -0.030265     -0.207631     0.031129 -0.000023 -0.084718 -0.049866
b_Hvalle        0.030585   0.027664     -0.062793     0.010113  0.000235  0.029339  0.065212
b_Joven30       0.482315   0.511737      0.018475    -0.164319 -0.000724 -0.048061 -0.026824
b_Adulto40      1.000000   0.726157     -0.076012    -0.239865  0.000073 -0.020005  0.027002
b_Adulto60      0.726157   1.000000     -0.089239    -0.099067  0.000046  0.012240  0.067767
b_USOCINTURON  -0.076012  -0.089239      1.000000     0.075609 -0.000184  0.040296  0.113822
b_USODISPMOB   -0.239865  -0.099067      0.075609     1.000000 -0.000245 -0.069639 -0.023061
b_HTRB_1        0.000073   0.000046     -0.000184    -0.000245  1.000000  0.000220  0.000333
b_HTRB_2       -0.020005   0.012240      0.040296    -0.069639  0.000220  1.000000  0.308133
b_HTRB_3        0.027002   0.067767      0.113822    -0.023061  0.000333  0.308133  1.000000

Robust correlation matrix:
              asc_ruta1 asc_ruta2 asc_ruta3    b_time    b_dist    b_cong   b_Sem_1   b_Sem_2   b_Sem_3
asc_ruta1      1.000000  0.931433  0.861595  0.269928 -0.301487  0.100185  0.134259  0.083615  0.101813
asc_ruta2      0.931433  1.000000  0.859946  0.198283 -0.321195  0.131331  0.126846  0.065310  0.052707
asc_ruta3      0.861595  0.859946  1.000000  0.018504 -0.225257  0.125901  0.104632  0.097531  0.052690
b_time         0.269928  0.198283  0.018504  1.000000 -0.468293 -0.443355  0.196787  0.097107  0.048024
b_dist        -0.301487 -0.321195 -0.225257 -0.468293  1.000000  0.108253 -0.188207 -0.156625 -0.084562
b_cong         0.100185  0.131331  0.125901 -0.443355  0.108253  1.000000 -0.035826 -0.027301 -0.008380
b_Sem_1        0.134259  0.126846  0.104632  0.196787 -0.188207 -0.035826  1.000000  0.674662  0.537050
b_Sem_2        0.083615  0.065310  0.097531  0.097107 -0.156625 -0.027301  0.674662  1.000000  0.708481
b_Sem_3        0.101813  0.052707  0.052690  0.048024 -0.084562 -0.008380  0.537050  0.708481  1.000000
b_Sem_4        0.040943 -0.022767 -0.021829 -0.080354 -0.115260 -0.030528  0.414722  0.573661  0.692995
b_ACC_1        0.192624  0.227720  0.162261  0.101728 -0.094497  0.059570  0.006128 -0.032176 -0.059171
b_ACC_2        0.063845  0.017681 -0.048228  0.253658  0.326517  0.081960  0.125989  0.017882  0.017600
b_SI_CAMFD    -0.196803 -0.148990 -0.100693 -0.224978  0.044215 -0.035987 -0.034168 -0.053767 -0.052432
b_SI_PANEL    -0.098502 -0.116860 -0.073257 -0.042600  0.133289 -0.077830  0.095277  0.154259  0.116577
b_SI_ZER       0.033924  0.030634  0.035320 -0.126713  0.037313  0.174493 -0.029030 -0.013273 -0.013358
b_CSECO        0.439588  0.446178  0.427346  0.060388 -0.144667 -0.110598  0.067636  0.093403  0.196638
b_Hvalle       0.198728  0.184022  0.194013  0.031804 -0.067395 -0.094270  0.046484  0.023886  0.036805
b_Joven30      0.350470  0.337662  0.303570  0.040590 -0.073597  0.162985  0.065513  0.014736 -0.004601
b_Adulto40     0.572946  0.532980  0.504404  0.112086 -0.011503  0.132220  0.078785 -0.025314 -0.057547
b_Adulto60     0.556399  0.517493  0.491241  0.047623  0.013880  0.154434  0.012023 -0.062547 -0.120744
b_USOCINTURON  0.331766  0.347756  0.331061 -0.107351 -0.006539  0.253482  0.055056  0.073518  0.012220
b_USODISPMOB   0.055963  0.051515  0.071502  0.096697  0.056303 -0.139716 -0.036360 -0.032708 -0.000221
b_HTRB_1       0.040168  0.039840  0.050198  0.058286  0.038034 -0.081330 -0.007687 -0.012615 -0.022372
b_HTRB_2       0.148415  0.159466  0.158607  0.112553 -0.134892 -0.035604 -0.001436  0.020087 -0.040069
b_HTRB_3       0.390938  0.367552  0.339189  0.140525 -0.169704  0.067213  0.096100 -0.038909  0.027742
                b_Sem_4   b_ACC_1   b_ACC_2 b_SI_CAMFD b_SI_PANEL  b_SI_ZER   b_CSECO  b_Hvalle b_Joven30
asc_ruta1      0.040943  0.192624  0.063845  -0.196803  -0.098502  0.033924  0.439588  0.198728  0.350470
asc_ruta2     -0.022767  0.227720  0.017681  -0.148990  -0.116860  0.030634  0.446178  0.184022  0.337662
asc_ruta3     -0.021829  0.162261 -0.048228  -0.100693  -0.073257  0.035320  0.427346  0.194013  0.303570
b_time        -0.080354  0.101728  0.253658  -0.224978  -0.042600 -0.126713  0.060388  0.031804  0.040590
b_dist        -0.115260 -0.094497  0.326517   0.044215   0.133289  0.037313 -0.144667 -0.067395 -0.073597
b_cong        -0.030528  0.059570  0.081960  -0.035987  -0.077830  0.174493 -0.110598 -0.094270  0.162985
b_Sem_1        0.414722  0.006128  0.125989  -0.034168   0.095277 -0.029030  0.067636  0.046484  0.065513
b_Sem_2        0.573661 -0.032176  0.017882  -0.053767   0.154259 -0.013273  0.093403  0.023886  0.014736
b_Sem_3        0.692995 -0.059171  0.017600  -0.052432   0.116577 -0.013358  0.196638  0.036805 -0.004601
b_Sem_4        1.000000  0.003208 -0.229817   0.021466   0.063032 -0.110910  0.125593 -0.026491 -0.028095
b_ACC_1        0.003208  1.000000  0.080120  -0.192535  -0.166516 -0.111283  0.030379  0.062553  0.041024
b_ACC_2       -0.229817  0.080120  1.000000  -0.106674  -0.063947 -0.079755 -0.060540 -0.009001  0.056977
b_SI_CAMFD     0.021466 -0.192535 -0.106674   1.000000   0.036390  0.089095 -0.078556 -0.054048  0.089177
b_SI_PANEL     0.063032 -0.166516 -0.063947   0.036390   1.000000 -0.092828  0.021576 -0.008141  0.056792
b_SI_ZER      -0.110910 -0.111283 -0.079755   0.089095  -0.092828  1.000000  0.013630 -0.050337  0.117496
b_CSECO        0.125593  0.030379 -0.060540  -0.078556   0.021576  0.013630  1.000000  0.064945 -0.013569
b_Hvalle      -0.026491  0.062553 -0.009001  -0.054048  -0.008141 -0.050337  0.064945  1.000000 -0.083651
b_Joven30     -0.028095  0.041024  0.056977   0.089177   0.056792  0.117496 -0.013569 -0.083651  1.000000
b_Adulto40    -0.069397  0.114355  0.150651  -0.037296  -0.019203 -0.036786  0.081488  0.018591  0.506943
b_Adulto60    -0.089415  0.112103  0.125163  -0.013225  -0.034827  0.074775 -0.041466  0.006471  0.549773
b_USOCINTURON -0.023004  0.126207  0.022736  -0.122422  -0.032531  0.065405 -0.190235 -0.059209  0.001360
b_USODISPMOB  -0.008557  0.032931  0.008980   0.033260  -0.021422 -0.008724 -0.011831 -0.015299 -0.092006
b_HTRB_1      -0.025878  0.040987  0.028071  -0.265145  -0.051868 -0.087274 -0.014503  0.149415 -0.347710
b_HTRB_2       0.010836  0.017600 -0.035459   0.006982  -0.148561 -0.013389 -0.090257  0.072987 -0.070675
b_HTRB_3       0.053276  0.021399  0.012498  -0.008146  -0.063837  0.039385  0.036642  0.070746 -0.028779
              b_Adulto40 b_Adulto60 b_USOCINTURON b_USODISPMOB  b_HTRB_1  b_HTRB_2  b_HTRB_3
asc_ruta1       0.572946   0.556399      0.331766     0.055963  0.040168  0.148415  0.390938
asc_ruta2       0.532980   0.517493      0.347756     0.051515  0.039840  0.159466  0.367552
asc_ruta3       0.504404   0.491241      0.331061     0.071502  0.050198  0.158607  0.339189
b_time          0.112086   0.047623     -0.107351     0.096697  0.058286  0.112553  0.140525
b_dist         -0.011503   0.013880     -0.006539     0.056303  0.038034 -0.134892 -0.169704
b_cong          0.132220   0.154434      0.253482    -0.139716 -0.081330 -0.035604  0.067213
b_Sem_1         0.078785   0.012023      0.055056    -0.036360 -0.007687 -0.001436  0.096100
b_Sem_2        -0.025314  -0.062547      0.073518    -0.032708 -0.012615  0.020087 -0.038909
b_Sem_3        -0.057547  -0.120744      0.012220    -0.000221 -0.022372 -0.040069  0.027742
b_Sem_4        -0.069397  -0.089415     -0.023004    -0.008557 -0.025878  0.010836  0.053276
b_ACC_1         0.114355   0.112103      0.126207     0.032931  0.040987  0.017600  0.021399
b_ACC_2         0.150651   0.125163      0.022736     0.008980  0.028071 -0.035459  0.012498
b_SI_CAMFD     -0.037296  -0.013225     -0.122422     0.033260 -0.265145  0.006982 -0.008146
b_SI_PANEL     -0.019203  -0.034827     -0.032531    -0.021422 -0.051868 -0.148561 -0.063837
b_SI_ZER       -0.036786   0.074775      0.065405    -0.008724 -0.087274 -0.013389  0.039385
b_CSECO         0.081488  -0.041466     -0.190235    -0.011831 -0.014503 -0.090257  0.036642
b_Hvalle        0.018591   0.006471     -0.059209    -0.015299  0.149415  0.072987  0.070746
b_Joven30       0.506943   0.549773      0.001360    -0.092006 -0.347710 -0.070675 -0.028779
b_Adulto40      1.000000   0.747506     -0.025201    -0.168432  0.031509  0.020476  0.065154
b_Adulto60      0.747506   1.000000     -0.037220    -0.050267  0.009530  0.037464  0.073840
b_USOCINTURON  -0.025201  -0.037220      1.000000    -0.010841 -0.048321  0.026239  0.064870
b_USODISPMOB   -0.168432  -0.050267     -0.010841     1.000000 -0.139247 -0.050481 -0.095497
b_HTRB_1        0.031509   0.009530     -0.048321    -0.139247  1.000000  0.126492  0.171909
b_HTRB_2        0.020476   0.037464      0.026239    -0.050481  0.126492  1.000000  0.314591
b_HTRB_3        0.065154   0.073840      0.064870    -0.095497  0.171909  0.314591  1.000000

 20 worst outliers in terms of lowest average per choice prediction:
                                     ID Avg prob per choice
 {01023F7A-67C3-E811-914C-74867AD5B714}          0.01398243
 {0C1D8C2A-12E2-E811-8FB7-74867AD5B714}          0.02268484
 {04B1F452-BDC5-E811-914C-74867AD5B714}          0.04784946
 {5EC39CAF-B5CC-E811-914C-74867AD5B714}          0.04785469
 {A5C8A79C-89C2-E811-914C-74867AD5B714}          0.05314911
 {9CE74908-B4CC-E811-914C-74867AD5B714}          0.05516526
 {42F5F39B-A9CC-E811-914C-74867AD5B714}          0.05845682
 {B615F876-E6C8-E811-914C-74867AD5B714}          0.06554583
 {D9161238-0FDD-E811-8FB7-74867AD5B714}          0.06597969
 {34B59188-DEC5-E811-914C-74867AD5B714}          0.06627667
 {93122F95-D9DE-E811-8FB7-74867AD5B714}          0.06878452
 {116C5EFA-C6C5-E811-914C-74867AD5B714}          0.06947258
 {348884D4-02E9-E811-8FB7-74867AD5B714}          0.07069293
 {8048E4FB-D9C8-E811-914C-74867AD5B714}          0.07341582
 {80300F0C-90E2-E811-8FB7-74867AD5B714}          0.07679240
 {E0281A50-3DC0-E811-914C-74867AD5B714}          0.08105664
 {16644C52-46C0-E811-914C-74867AD5B714}          0.08393575
 {375E5517-97C6-E811-914C-74867AD5B714}          0.08675411
 {FF2FE1DC-5CD1-E811-8FB7-74867AD5B714}          0.09639613
 {C5D4358E-E8E2-E811-8FB7-74867AD5B714}          0.10115545

Changes in parameter estimates from starting values:
                Initial Estimate Difference
asc_ruta1             0  -0.2296    -0.2296
asc_ruta2             0  -1.2389    -1.2389
asc_ruta3             0  -1.8843    -1.8843
asc_rutaEC            0   0.0000     0.0000
b_time                0   0.0686     0.0686
b_dist                0  -0.2922    -0.2922
b_cong                0   0.0342     0.0342
b_Sem_0               0   0.0000     0.0000
b_Sem_1               0   0.1278     0.1278
b_Sem_2               0   0.3143     0.3143
b_Sem_3               0   0.5549     0.5549
b_Sem_4               0   0.8860     0.8860
b_ACC_0               0   0.0000     0.0000
b_ACC_1               0  -0.3838    -0.3838
b_ACC_2               0  -3.0993    -3.0993
b_NO_CAMFD            0   0.0000     0.0000
b_SI_CAMFD            0  -0.5879    -0.5879
b_NO_PANEL            0   0.0000     0.0000
b_SI_PANEL            0  -0.3902    -0.3902
b_NO_ZER              0   0.0000     0.0000
b_SI_ZER              0  -0.0350    -0.0350
b_CSECO               0   0.2091     0.2091
b_CLLUVIA             0   0.0000     0.0000
b_Hpico               0   0.0000     0.0000
b_Hvalle              0   0.0260     0.0260
b_Joven30             0  -0.9711    -0.9711
b_Adulto40            0  -0.4247    -0.4247
b_Adulto60            0  -0.5474    -0.5474
b_AdultoMayor         0   0.0000     0.0000
b_USOCINTURON         0   0.0552     0.0552
b_NOUSOCINTURON       0   0.0000     0.0000
b_USODISPMOB          0  -0.1860    -0.1860
b_NOUSODISPMOB        0   0.0000     0.0000
b_HTRB_1              0 -11.6500   -11.6500
b_HTRB_2              0   0.5154     0.5154
b_HTRB_3              0   0.3218     0.3218
b_HTRB_4              0   0.0000     0.0000
