"","asc_ruta2","asc_ruta3","asc_rutaEC","b_tt","b_dt","b_CongAB_ruta1","b_CongCD_ruta1","b_CongAB_ruta2","b_CongCD_ruta2","b_CongAB_ruta3","b_CongCD_ruta3","b_CongAB_rutaEC","b_CongCD_rutaEC","b_Sem_0_ruta1","b_Sem_0_ruta2","b_Sem_0_ruta3","b_Sem_0_rutaEC","b_Sem_1_ruta1","b_Sem_1_ruta2","b_Sem_1_ruta3","b_Sem_1_rutaEC","b_Sem_2_ruta1","b_Sem_2_ruta2","b_Sem_2_ruta3","b_Sem_2_rutaEC","b_Sem_3_ruta1","b_Sem_3_ruta2","b_Sem_3_ruta3","b_Sem_3_rutaEC","b_ACC_0_ruta1","b_ACC_0_ruta2","b_ACC_0_ruta3","b_ACC_0_rutaEC","b_ACC_1_ruta1","b_ACC_1_ruta2","b_ACC_1_ruta3","b_ACC_1_rutaEC","b_SI_CAMFD","b_SI_PANEL","b_SI_ZER","b_Si_MTRP","b_CSECO","b_Hpico","b_Joven30","b_Adulto40","b_Adulto60","b_USOCINTURON","b_USODISPMOB","b_EdBasica","b_Htrab_2","b_Htrab_3","b_Htrab_4","b_Exp_2","b_Exp_3","b_Exp_4","b_Exp_5"
"asc_ruta2",1,NA,-0.346859323951856,0.000356987872655244,0.000537838957220721,-0.000232217358684497,0.000420022617511776,-0.000467183244415987,-0.00115652324219319,2.06980454998941e-06,0.000500945885116723,4.13602833441889e-05,-0.000148774308970637,0.00390493806748147,-1.31341523816099,0.003055540385583,0.00171406771898114,0.00426225870680452,-1.31345512560979,0.00385112742574502,0.00191346089857902,0.00427147708868221,-1.31345635979509,0.00394459996220402,0.00175269115244784,0.00366153200839899,-1.31344401974709,0.00367622608752363,0.000780250250847574,NA,-1.37104359055685,-0.78239595832941,0.000623285927324408,NA,-1.37101877226345,-0.78214336624277,0.000333466991497241,9.12118598146139e-05,-6.84458407913281e-06,6.87960464873241e-05,1.39301261002084e-05,6.62144354977792e-05,9.50890853724233e-05,5.80690205944773e-05,0.000310773993638694,0.000658148018371123,0.00024432584925516,-0.000563846088590901,0.000115441146013554,-0.224728292891256,-0.224729543466464,-0.224728672733541,1.12055883473325e-06,-0.000170434547676864,-0.000451457825300514,-0.000296336945682452
"asc_ruta3",NA,NA,NA,NA,NA,NA,NA,NA,NA,NA,NA,NA,NA,NA,NA,NA,NA,NA,NA,NA,NA,NA,NA,NA,NA,NA,NA,NA,NA,NA,NA,NA,NA,NA,NA,NA,NA,NA,NA,NA,NA,NA,NA,NA,NA,NA,NA,NA,NA,NA,NA,NA,NA,NA,NA,NA
"asc_rutaEC",-0.346859323951856,NA,1,8.85432824910935e-05,-0.000617090069254284,0.000287339463239272,0.000342228494150734,6.61595991738654e-05,0.000355638324524509,8.33273376775891e-06,0.00103314524170258,0.000296101827251968,-0.000359050771318905,0.00109359959225278,0.194762029490002,0.00116745665851523,-0.00199564834651655,0.00131479825090358,0.194768215580184,0.00173576193272327,-0.00248067669396698,0.00150364020616173,0.194767767747294,0.00177063213609878,-0.0027291259750588,0.00137423278085227,0.194770223780706,0.00157841416336889,-0.0025091379615542,NA,0.190826351385974,-0.486312742555845,-0.00691466582462545,NA,0.190827875101288,-0.486152173987075,-0.00718596089042747,-0.000203012799300896,0.000694342860638574,-0.000236703487787276,-0.000141241755730753,-0.00160201555057371,-0.000323508352153183,-0.00223232197144142,-0.00150940851233674,-0.00161715594260905,-0.00139168863298425,-0.000521367021643068,-0.000103312266327167,-1.31024383466229,-1.31025788339057,-1.31025380913073,0.0007652707422103,-0.000483176295323451,-0.000841852563569807,-0.000823671602374022
"b_tt",0.000356987872655244,NA,8.85432824910935e-05,1,-0.249184600120872,-0.0288545525404488,-0.0580766114443852,0.00693114097417622,-0.0329977094748557,2.20385450096042e-06,0.0453631728953283,0.367464242430007,0.258112828105997,0.0746066736228337,-0.000130857431700684,0.0479465136733,0.0915175932484942,0.0284262902763788,-0.000176060740799699,0.0623963319434205,0.004955402612483,0.0405597232396273,-0.000232331890670465,0.0482538619270531,0.00548331626938839,0.0623681128276601,-0.000238910781496335,0.0124535810127887,-0.00887485539483792,NA,-0.00024701558686359,-0.000486968770915926,-0.103420365821369,NA,-0.000368234324862232,-0.00125419152286554,-0.159577958943824,-0.0819331238620571,0.0493551852636609,-0.0494785258790529,-0.0619735882685479,0.0422269441581882,0.078277975369228,0.0150747150740026,0.053791647158702,-0.00315984793571873,-0.100037982975873,0.0411433072407228,-0.0633052891371402,0.000283711211169959,2.28978952868436e-05,-0.00010817170238476,0.0227066334163087,0.010612688997343,0.0450855343625027,-0.0112169289551916
"b_dt",0.000537838957220721,NA,-0.000617090069254284,-0.249184600120872,1,-0.039848087328282,-0.0350601415051346,-0.0670651376075784,-0.115257668502868,-1.51805876183225e-06,-0.0843086319816947,-0.0820031458935259,-0.0729254739349532,0.120224092945774,-0.000151039596132492,-0.0319247171068147,0.113242877391761,0.158282611762928,-0.000247110429139466,-0.00899045424776458,0.146769679136465,0.127583641147238,-0.000316447010002153,0.00832919531000851,0.147735953930828,0.0922473776039422,-0.00043129119919001,0.0241160074450234,0.0969934426492856,NA,-0.000300061099801909,0.000719769906875181,0.105071652479667,NA,-0.000491600679955359,-0.000192674064546817,0.122935643138801,-0.085863311180232,-0.0187152993115685,-0.0416075493721958,-0.111103309524819,-0.0758167827882891,0.047181278849602,0.0926160065570023,0.0830293483493549,0.0347004921968213,0.0511484598148502,0.0313389102730305,0.063103718521655,-0.000640004183526385,-0.000428742308367724,-0.00024323434469675,-0.0853762909384529,0.0129839034995791,-0.0335982214984179,-0.0292819511400713
"b_CongAB_ruta1",-0.000232217358684497,NA,0.000287339463239272,-0.0288545525404488,-0.039848087328282,1,0.320445075124131,0.126598207134886,0.104480285563298,8.16827401892596e-06,0.103943754990844,0.126677603170915,0.0576092102223754,-0.121105252928233,0.000495413150037747,-0.0112092940195098,0.0339455510564109,-0.0860799247225397,0.00015532703851137,-0.0300678029947689,-0.0283343270724388,-0.0939974661329885,0.000108867767260998,-0.0410770372509032,-0.050619957891432,-0.0425084602515691,0.000103656349407882,-0.0348743238175214,-0.0230509431609428,NA,8.66962765756207e-05,0.000141576719789839,-0.0335479486662706,NA,-2.92398958705904e-05,0.000164642151156214,-0.0328870653343234,-0.0625760184100945,0.0437896250219487,-0.0693037779779672,-0.00237607594349802,0.0990451261374541,-0.028017596051446,-0.113487045234412,-0.0973994881501819,-0.0924664729931904,-0.00977789321995732,0.0848898530789091,0.0121547028203708,-0.000160490853187137,-0.000120640863526564,-2.11386197572564e-05,0.0365161586870966,-0.04724538815111,0.0527760215134503,0.0118085320631414
"b_CongCD_ruta1",0.000420022617511776,NA,0.000342228494150734,-0.0580766114443852,-0.0350601415051346,0.320445075124131,1,0.067724799045049,0.182874169190952,1.53122297780648e-06,0.126590853254098,0.0847797816370335,0.0851720355920169,-0.0666953545304761,-0.000229977967495917,-0.0111959170570865,0.0171491533101782,-0.0390722750562686,-0.000182248313575819,-0.00691151309345129,0.0500073676372323,-0.0453493229504438,-0.000262132349551564,-0.0056354666987272,0.0391891198213922,-0.0338281863671891,-0.000253228305071017,-0.00417804256811141,0.0367369176693001,NA,-0.000225278632682028,0.000890744544254999,-0.0416567283899763,NA,-0.000259387336770076,0.000620848094496647,-0.0184374823375497,0.0423373583652182,-0.066627537708113,-0.0663400515157767,0.0725270478159032,0.16769802058617,-0.0183318928531148,-0.00679765769679401,0.0212619192564186,0.0187267560030081,-0.104995397643091,0.0752255505062635,-0.0234683225914519,-0.000179833720149852,1.14907712669764e-05,6.88343164967144e-06,0.0123276837216531,0.0392147458207756,0.0244184370725593,0.0387151832708413
"b_CongAB_ruta2",-0.000467183244415987,NA,6.61595991738654e-05,0.00693114097417622,-0.0670651376075784,0.126598207134886,0.067724799045049,1,0.179752672126656,3.55136426773709e-06,0.0579348728424541,0.046690741332629,0.0471389267343742,-0.00988250827264844,-0.00163393595839557,0.0187081663626055,0.0226614143536474,-0.0139130677114116,5.53685303515357e-05,-0.00758943899526315,-0.0068464233478053,-0.0183195548702478,0.000407494985770112,-0.00868816375180557,-0.00447276233922697,-0.0122991857605297,0.000439532421845836,0.00181141425739609,0.000117325455238788,NA,0.00033891232148825,0.000130367904337312,-0.026013618894457,NA,0.00061120506610231,0.000161334006574263,-0.0185461242749433,0.0482358961335356,0.00541115182629318,-0.0233790843319652,0.0233340765398239,0.0440845384911535,-0.0149361327027735,-0.00430706597669045,-0.00509960373263238,0.000939595005245052,-0.0236582932295871,0.0288231249497875,-0.0344688039299143,4.87978195606344e-05,5.71555662024318e-05,6.58943643839856e-05,0.0160571079890784,-0.0140688143698412,0.0277968564200046,0.0282279902046025
"b_CongCD_ruta2",-0.00115652324219319,NA,0.000355638324524509,-0.0329977094748557,-0.115257668502868,0.104480285563298,0.182874169190952,0.179752672126656,1,1.23436909118221e-06,0.0903373212538784,0.0528219246049463,0.0672310174421171,-0.0669731244270519,0.000243565914758234,-0.023297056229222,-0.0595321294757689,-0.0387674374575932,0.0004058046633042,-0.0148726857994971,-0.0282265540889539,-0.025613376244756,0.000869104467137754,-0.0179927193291738,-0.0115019291144784,-0.0141971044034232,0.000988209376636987,-0.0104923426840219,-0.0103938055943876,NA,0.000815836373917707,0.000349296910257208,-0.0577385133054119,NA,0.00145522925215305,0.000273017336898035,-0.0566606084567984,0.0397269858893286,-0.0240225702243586,0.0211461527430949,0.0882467734196351,0.127696310205699,0.000182413518380351,-0.00950609526506177,0.00128685010932847,0.0112215932291675,-0.0803867404362086,0.0745110341199175,0.0249950457888283,0.000154154467506808,9.94176092652447e-05,0.000123587089690868,0.0243953849928706,-0.0169379373291662,0.0358495312932433,0.0287176878436685
"b_CongAB_ruta3",2.06980454998941e-06,NA,8.33273376775891e-06,2.20385450096042e-06,-1.51805876183225e-06,8.16827401892596e-06,1.53122297780648e-06,3.55136426773709e-06,1.23436909118221e-06,1,1.37847477609596e-05,1.60381394348324e-06,-3.70774588569558e-07,3.9688089475149e-09,6.81581997297412e-06,-9.03575474537498e-06,1.41053867137938e-06,-6.77860074356019e-07,6.80453335638692e-06,-7.31581161863185e-06,-1.12539301776675e-06,-1.77660228715103e-06,6.80082819531705e-06,-3.05645130555914e-06,-1.86037343648692e-06,-1.45764388823332e-06,6.80157810474381e-06,-1.77810767514855e-06,-1.55036464134108e-06,NA,-2.58674551008972e-06,1.53814092067961e-05,-1.88792670827924e-06,NA,-2.58427952824956e-06,1.54962673273145e-05,-1.90323400857471e-06,-3.62618847884096e-06,1.78705977748332e-06,-3.58054637616262e-06,3.21283759044815e-06,-8.28196175739583e-07,-6.10564187108877e-07,-9.4293799912271e-07,-3.5091011748542e-07,-1.88270451478033e-07,-2.02916639343247e-06,5.14804987465387e-07,-1.84024816167823e-06,1.52533652840968e-06,1.52525207884383e-06,1.52851160024591e-06,-1.14951706238714e-07,-6.44653805534326e-07,-6.8791934574555e-07,4.37285622558259e-07
"b_CongCD_ruta3",0.000500945885116723,NA,0.00103314524170258,0.0453631728953283,-0.0843086319816947,0.103943754990844,0.126590853254098,0.0579348728424541,0.0903373212538784,1.37847477609596e-05,1,0.0796769952049686,0.0627203046998996,-0.0547331092959572,-0.000338402477960981,-0.115835133158387,-0.0189877044709889,-0.0353892096704859,-0.000246620229504732,-0.0700860062329608,-0.0128551994331942,-0.0515256225777405,-0.000287427984313575,0.0175694727649935,-0.0169129653158696,-0.0341831287675727,-0.000239060817113913,-0.0476366023094357,-0.00957153028974666,NA,-0.000242221557396923,-0.000956855082756479,-0.075655944571045,NA,-0.000153993210538553,0.00184976788730062,-0.0630909815092777,-0.001938656336198,-0.00818898750169644,0.00988021678245356,0.0145517511906393,0.080473915540304,-0.0203792038328184,-0.0121183425546153,-0.000670174281371669,-0.000647285205139405,-0.0604005778101131,0.0621291564057963,-0.0390126326619064,0.000274890063898389,0.000254733183788045,0.000224540187854269,0.0461195740358465,0.0343327848597109,0.0595332923990493,0.0472656635699627
"b_CongAB_rutaEC",4.13602833441889e-05,NA,0.000296101827251968,0.367464242430007,-0.0820031458935259,0.126677603170915,0.0847797816370335,0.046690741332629,0.0528219246049463,1.60381394348324e-06,0.0796769952049686,1,0.747412062097723,0.0191034211937543,3.48480787354371e-06,-0.0124868071203495,-0.0023361727269241,0.0235584086349699,2.48176543757096e-06,-0.01240783245936,0.021213758478337,0.00400988079241049,-5.25529013451671e-05,-0.0240123447243837,0.0160850807610542,0.0635897259565448,-8.61074583272037e-05,-0.0432757451955333,0.129414656816733,NA,-9.85641100844363e-05,0.000190480395737881,-0.219899521377869,NA,-0.000408563558266797,-0.00147486585378181,-0.188225257764099,-0.0195187658102608,0.0668187425006924,-0.0419170519233883,-0.0286921679492474,0.0772200902579668,-0.0820181661844878,-0.131217846978756,-0.152807758450424,-0.147485538194598,-0.0756960859381986,0.0648115527828169,-0.114321289524029,0.000179295747100061,-7.73163935968975e-05,8.77113663081805e-05,-0.0214744553948269,-0.0819273043051892,-0.0548109693435747,-0.0305173303768379
"b_CongCD_rutaEC",-0.000148774308970637,NA,-0.000359050771318905,0.258112828105997,-0.0729254739349532,0.0576092102223754,0.0851720355920169,0.0471389267343742,0.0672310174421171,-3.70774588569558e-07,0.0627203046998996,0.747412062097723,1,0.0102854243120665,-3.04555325310931e-05,-0.0120192950010083,0.0151228814373383,0.0242882782788313,8.05568326010847e-05,-0.00967261522768742,0.0485754139769226,0.0259530673206696,0.000103511267118329,-0.01156919191828,0.0570438582522922,0.101881169310803,0.000158241432037919,-0.0272025223628691,0.176750085944501,NA,7.58709421567449e-05,1.14707106422573e-06,-0.221288358367052,NA,1.18279260463268e-06,-0.00109563638092364,-0.182435643459551,0.055516829865974,0.0372366223476761,0.0248338250427097,-0.0705848399865438,0.0213662234897906,-0.0322285126593815,-0.0454806311954212,-0.0952282009415298,-0.108830917012877,0.0186606509548746,0.045033842158502,-0.0697986575751339,0.000154494591186402,0.000175706243456021,0.000258224506833266,0.00463466792742248,-0.0194127585502079,0.0202259275696207,0.0408266335839813
"b_Sem_0_ruta1",0.00390493806748147,NA,0.00109359959225278,0.0746066736228337,0.120224092945774,-0.121105252928233,-0.0666953545304761,-0.00988250827264844,-0.0669731244270519,3.9688089475149e-09,-0.0547331092959572,0.0191034211937543,0.0102854243120665,1,-0.00144382229191599,0.218403414098363,0.433711792156867,0.880375179252125,-0.00189071565528321,0.221339009651586,0.387515125620153,0.855578291090487,-0.00231428575521411,0.197848378347729,0.323648253041988,0.773536253232231,-0.00271607421287293,0.170178425224555,0.189057982769888,NA,-0.00202026105706756,0.00298276439286265,0.038349102605534,NA,-0.00205753786295003,0.00330987434395179,-0.0230438770737987,0.0924786225234789,0.0359564579174255,-0.00631658293573198,0.0654110196005759,-0.00996357767131079,0.00709666942474345,0.0913846688784814,0.107713067455514,0.139244557502996,0.0637821245555591,-0.167297754130134,0.0737700034321095,0.000718864665201478,0.000452884791508172,0.000621114550969145,-0.0600931784024279,-0.0525098074860772,-0.117796729658072,-0.103889835691321
"b_Sem_0_ruta2",-1.31341523816099,NA,0.194762029490002,-0.000130857431700684,-0.000151039596132492,0.000495413150037747,-0.000229977967495917,-0.00163393595839557,0.000243565914758234,6.81581997297412e-06,-0.000338402477960981,3.48480787354371e-06,-3.04555325310931e-05,-0.00144382229191599,1,-0.00128491893971162,-4.13223529502341e-05,-0.0021481221458381,0.999967836580509,-0.00199794191164339,-0.000843331323133278,-0.00229472932639192,0.999966590360516,-0.00211070001748518,-0.000941355850778294,-0.00190793916768146,0.999960067378396,-0.00197845674511704,-0.000417116295791791,NA,2.17645950573277,0.425349658026753,-0.000421054797414274,NA,2.17641217902438,0.425217282472272,-0.000301666050182709,2.47953891303478e-05,9.11130615905105e-05,-0.000117894312872497,0.000299882292720147,-0.00018808195021324,-1.34922621058559e-05,-0.000163012066931072,-0.000145196229212001,-0.000410674138452947,6.87131572582214e-05,0.000240265943353677,0.000101660553508746,0.126638235748748,0.126639153787531,0.126638624543263,-8.63645849833754e-05,0.000164829284916757,0.00017935265710009,-3.81398357052134e-05
"b_Sem_0_ruta3",0.003055540385583,NA,0.00116745665851523,0.0479465136733,-0.0319247171068147,-0.0112092940195098,-0.0111959170570865,0.0187081663626055,-0.023297056229222,-9.03575474537498e-06,-0.115835133158387,-0.0124868071203495,-0.0120192950010083,0.218403414098363,-0.00128491893971162,1,0.190236111599497,0.185402925600087,-0.00155281146474862,0.671505545761097,0.137636570973563,0.153279458631862,-0.00177264352557891,0.67023469123636,0.104520285553101,0.107601821882117,-0.002025421238405,0.64510895175878,0.0124844978474017,NA,-0.00161588260131944,-0.00231594268831892,0.0305504746685245,NA,-0.00165748304813571,-0.0012947160889717,0.0136324673995508,0.00123328089004565,0.00568995593809341,0.0513666759516023,0.03420932093502,-0.00563142101575091,0.0177573646091061,0.00381381931108207,0.036724757657266,0.0661859945144925,0.0543023822524849,-0.0521592046724889,0.00905724955950542,0.00102442334541345,0.000971817635754844,0.000941201307691923,-0.00946940732456014,-0.029614240892256,-0.0278604704425996,-0.0298155340258079
"b_Sem_0_rutaEC",0.00171406771898114,NA,-0.00199564834651655,0.0915175932484942,0.113242877391761,0.0339455510564109,0.0171491533101782,0.0226614143536474,-0.0595321294757689,1.41053867137938e-06,-0.0189877044709889,-0.0023361727269241,0.0151228814373383,0.433711792156867,-4.13223529502341e-05,0.190236111599497,1,0.342637199733809,-0.000729410838651973,0.159180098178766,0.808034157447194,0.298261880674573,-0.00108884706506873,0.13832595015168,0.770807636551396,0.222828303990295,-0.00138555207557746,0.11251945881825,0.656784615704579,NA,-0.000855257374718762,5.80589861490015e-05,0.0111760523839516,NA,-0.000861891775831917,0.00053296777411126,0.0560030490127296,0.0467632087975243,-0.0138864307355404,0.0262421864687386,0.019034493536261,-0.0154076732201207,0.0197431792385166,0.0445452141060983,0.0678126351328177,0.0330414112418888,0.0461022745418654,-0.0219133199251213,0.0547640217576915,-0.00136212556495097,-0.00120662371107143,-0.00126621551316299,-0.0681389823239458,0.0345840344330811,-0.0394372769151406,-0.0687919684883954
"b_Sem_1_ruta1",0.00426225870680452,NA,0.00131479825090358,0.0284262902763788,0.158282611762928,-0.0860799247225397,-0.0390722750562686,-0.0139130677114116,-0.0387674374575932,-6.77860074356019e-07,-0.0353892096704859,0.0235584086349699,0.0242882782788313,0.880375179252125,-0.0021481221458381,0.185402925600087,0.342637199733809,1,-0.0021434933208374,0.223960682627532,0.40405270459274,0.920774366532958,-0.00247609416910238,0.207948049781003,0.353032760830567,0.834936063212457,-0.00289506485064942,0.180221513103934,0.214227073359737,NA,-0.00220324898162423,0.00353677019229609,0.0404461439558755,NA,-0.0022260242710945,0.00358931424675793,-0.0115528319209276,0.032837433056536,0.0216846405707881,0.0307197940321636,0.00364596221342223,0.00223897101944235,0.0156792340965171,0.0911369608175632,0.0543963578126918,0.112848663604694,0.0681960873754688,-0.116216712201325,0.068981228041558,0.000720386439124599,0.000475010437759774,0.000640639650075363,-0.044547390911952,-0.0386749550039799,-0.097310337578616,-0.077171140975713
"b_Sem_1_ruta2",-1.31345512560979,NA,0.194768215580184,-0.000176060740799699,-0.000247110429139466,0.00015532703851137,-0.000182248313575819,5.53685303515357e-05,0.0004058046633042,6.80453335638692e-06,-0.000246620229504732,2.48176543757096e-06,8.05568326010847e-05,-0.00189071565528321,0.999967836580509,-0.00155281146474862,-0.000729410838651973,-0.0021434933208374,1,-0.00199768223628448,-0.000865508204704347,-0.00229568409239245,0.999994451113982,-0.00211448629042293,-0.000967805556983554,-0.00189656727186842,0.999988078172072,-0.00198624132486228,-0.000423412029580985,NA,2.17652885402014,0.425364053634354,-0.000429157686815445,NA,2.17648123954109,0.425228145823665,-0.000285153721352145,6.05621953104505e-05,6.66872437323345e-05,4.13187915951317e-05,0.000125920085001739,1.36385224105368e-05,-9.76963847881281e-05,-1.55390677130252e-05,-0.000163328701902709,-0.000389584852153791,-2.79801121733656e-05,0.00025212277290721,5.33417032838867e-05,0.126642406783982,0.126642929251376,0.126642551558938,-2.42021886333941e-05,0.000159703492927211,0.000256763181307537,0.000207580086008047
"b_Sem_1_ruta3",0.00385112742574502,NA,0.00173576193272327,0.0623963319434205,-0.00899045424776458,-0.0300678029947689,-0.00691151309345129,-0.00758943899526315,-0.0148726857994971,-7.31581161863185e-06,-0.0700860062329608,-0.01240783245936,-0.00967261522768742,0.221339009651586,-0.00199794191164339,0.671505545761097,0.159180098178766,0.223960682627532,-0.00199768223628448,1,0.173549801825151,0.195551999472066,-0.00220682516367136,0.85459287710148,0.138823211258086,0.1363960851219,-0.00251572191826277,0.819668581376901,0.0200740506195794,NA,-0.0020389631310893,-0.00287030538676886,0.0314759546318515,NA,-0.00209684805573758,-0.00151676648315025,0.00859396104919261,0.0293382041725403,-0.00286023245493632,0.0361581463919058,-0.0239049117473203,-0.000518142327010648,0.031832558331254,0.00320396756350724,0.0463621281929319,0.0749154181671447,0.0451880086856671,-0.0489028556633933,0.0140946129658034,0.0010762485032998,0.001092435828243,0.00103597392557082,0.0013546190294394,-0.0290768189687352,-0.0222235106774914,-0.0343585233623089
"b_Sem_1_rutaEC",0.00191346089857902,NA,-0.00248067669396698,0.004955402612483,0.146769679136465,-0.0283343270724388,0.0500073676372323,-0.0068464233478053,-0.0282265540889539,-1.12539301776675e-06,-0.0128551994331942,0.021213758478337,0.0485754139769226,0.387515125620153,-0.000843331323133278,0.137636570973563,0.808034157447194,0.40405270459274,-0.000865508204704347,0.173549801825151,1,0.361101917999188,-0.00119900737643683,0.155965985146447,0.90275062977532,0.26874748607805,-0.00152780477735527,0.128197175346671,0.77390377140938,NA,-0.000923498570151799,0.000195537180774797,-0.00299111044139368,NA,-0.000827297687362997,0.000523729816176316,0.063616380561076,0.0932884088509096,-0.0337305322565394,0.0304243959986495,0.0116113207854014,0.0399690120222298,0.00910383974019167,0.0993160393675575,0.0611816695279297,0.0584748455013964,0.0421493263769168,-0.0388613200110318,0.0656531748292822,-0.00131817863857949,-0.00136356043470177,-0.00126718366041054,-0.0935518993119207,0.0084547863688985,-0.0201821007462014,-0.0649986343573921
"b_Sem_2_ruta1",0.00427147708868221,NA,0.00150364020616173,0.0405597232396273,0.127583641147238,-0.0939974661329885,-0.0453493229504438,-0.0183195548702478,-0.025613376244756,-1.77660228715103e-06,-0.0515256225777405,0.00400988079241049,0.0259530673206696,0.855578291090487,-0.00229472932639192,0.153279458631862,0.298261880674573,0.920774366532958,-0.00229568409239245,0.195551999472066,0.361101917999188,1,-0.00234540848084298,0.202838473790385,0.364534736314359,0.85115322201149,-0.00271106743627933,0.17632366296645,0.228794365566214,NA,-0.00219757999337914,0.0038614502526221,0.0348467391052591,NA,-0.00216938931965892,0.00410859969989503,-0.0259364716634201,0.0443863285046204,-0.00979935297120157,0.0342936887905989,-0.019721930820736,-0.0118355006274853,0.0233110405418578,0.0888844263179799,0.0548063987610659,0.102475582235155,0.0397160455849718,-0.114346697446604,0.049601703004374,0.000847268080638226,0.000685450248394977,0.000869177544299485,-0.0375166134368135,-0.0439129758279295,-0.108824953429565,-0.0807032102399197
"b_Sem_2_ruta2",-1.31345635979509,NA,0.194767767747294,-0.000232331890670465,-0.000316447010002153,0.000108867767260998,-0.000262132349551564,0.000407494985770112,0.000869104467137754,6.80082819531705e-06,-0.000287427984313575,-5.25529013451671e-05,0.000103511267118329,-0.00231428575521411,0.999966590360516,-0.00177264352557891,-0.00108884706506873,-0.00247609416910238,0.999994451113982,-0.00220682516367136,-0.00119900737643683,-0.00234540848084298,1,-0.00218187756786064,-0.000924151210413469,-0.00199590797653352,0.999990098920693,-0.00202324002996144,-0.000351144990679433,NA,2.17652899003361,0.425364148729162,-0.000367561723387392,NA,2.17647906920699,0.425228410293684,-0.000189483386467548,-0.000118862906187981,-5.26830143980146e-05,-0.000106723585946351,-0.000148772522129597,-0.000100500129063663,-4.47107806236465e-07,8.07301167377518e-06,-0.00016083484453735,-0.000341580860997864,-0.000196172386520462,0.00032361243000838,-0.000152340275446139,0.126642060492381,0.126643024664249,0.126642442352083,1.44424417465306e-05,0.000128478788603829,0.000260132758275681,0.000171473265515626
"b_Sem_2_ruta3",0.00394459996220402,NA,0.00177063213609878,0.0482538619270531,0.00832919531000851,-0.0410770372509032,-0.0056354666987272,-0.00868816375180557,-0.0179927193291738,-3.05645130555914e-06,0.0175694727649935,-0.0240123447243837,-0.01156919191828,0.197848378347729,-0.00211070001748518,0.67023469123636,0.13832595015168,0.207948049781003,-0.00211448629042293,0.85459287710148,0.155965985146447,0.202838473790385,-0.00218187756786064,1,0.150704821547192,0.143378985151524,-0.00241900730702555,0.844252559871939,0.0360584454313944,NA,-0.00207123551454001,-0.00299262064815105,0.0177207455906774,NA,-0.00207606003535144,-0.00191076003190207,-0.00132487896664737,-0.0031386211728474,-0.0494302165187347,0.0546563671466954,-0.0264836087173422,-0.0191888020001461,0.0436619270334166,0.0275245681283068,0.0547640885244762,0.0830382828936074,0.0515456707389541,-0.0368220020659781,-0.0224398761161659,0.00138504295445505,0.00141566241836133,0.0013699049326955,-0.0116301081251473,-0.00786562794365918,-0.0317479076529574,-0.0279059875963227
"b_Sem_2_rutaEC",0.00175269115244784,NA,-0.0027291259750588,0.00548331626938839,0.147735953930828,-0.050619957891432,0.0391891198213922,-0.00447276233922697,-0.0115019291144784,-1.86037343648692e-06,-0.0169129653158696,0.0160850807610542,0.0570438582522922,0.323648253041988,-0.000941355850778294,0.104520285553101,0.770807636551396,0.353032760830567,-0.000967805556983554,0.138823211258086,0.90275062977532,0.364534736314359,-0.000924151210413469,0.150704821547192,1,0.277451052761323,-0.00116160387718562,0.124961674341524,0.804285099576271,NA,-0.000823927607028862,0.000159909100981793,0.0292327304837918,NA,-0.000683203155107327,0.000772757570378416,0.0896057884044082,0.0700347066650917,-0.0611952911538474,0.0613935379512566,-0.00590086493690008,0.0460242943975709,0.0248843474569965,0.0999406444229768,0.0599115737788332,0.0466251985499362,0.0186651382762081,0.00500314273804264,0.0398351000813154,-0.00180970702949779,-0.00154645359841283,-0.00148520867924182,-0.108858233519503,0.0281644397558541,-0.0281812201609053,-0.0507557253729643
"b_Sem_3_ruta1",0.00366153200839899,NA,0.00137423278085227,0.0623681128276601,0.0922473776039422,-0.0425084602515691,-0.0338281863671891,-0.0122991857605297,-0.0141971044034232,-1.45764388823332e-06,-0.0341831287675727,0.0635897259565448,0.101881169310803,0.773536253232231,-0.00190793916768146,0.107601821882117,0.222828303990295,0.834936063212457,-0.00189656727186842,0.1363960851219,0.26874748607805,0.85115322201149,-0.00199590797653352,0.143378985151524,0.277451052761323,1,-0.00200975166707949,0.120428634893704,0.228840695018551,NA,-0.00190695351684685,0.00366455298805006,0.0153041564750808,NA,-0.00193740833629395,0.00354019203643162,-0.0456394785718888,0.0798179408142259,-0.0152443544547941,0.010004361853576,-0.020877773857587,0.0265607951099387,0.00868560243783376,0.0884125874071113,0.0516824563194128,0.108183784739552,0.0184787966698449,-0.113908220740781,0.0590942471101113,0.000839413772688957,0.000617010730674478,0.000757839525403291,-0.044717261292057,-0.011348387025638,-0.0807845012854369,-0.0504377782555103
"b_Sem_3_ruta2",-1.31344401974709,NA,0.194770223780706,-0.000238910781496335,-0.00043129119919001,0.000103656349407882,-0.000253228305071017,0.000439532421845836,0.000988209376636987,6.80157810474381e-06,-0.000239060817113913,-8.61074583272037e-05,0.000158241432037919,-0.00271607421287293,0.999960067378396,-0.002025421238405,-0.00138555207557746,-0.00289506485064942,0.999988078172072,-0.00251572191826277,-0.00152780477735527,-0.00271106743627933,0.999990098920693,-0.00241900730702555,-0.00116160387718562,-0.00200975166707949,1,-0.00226192582092911,-0.000285976640461418,NA,2.17650128909611,0.425360231266528,-0.00114467705716391,NA,2.17645311520891,0.425224447347137,-0.000902277990250648,5.84196313406804e-09,-0.000111501011777953,-0.000137227071722632,-0.000166973050652272,-0.000102759135806941,7.76133091804229e-06,0.000154385974289272,-0.000119288363694186,-0.000452241675284124,-0.00016700352673957,0.000286502211837775,-0.000130342359538005,0.126643722241641,0.12664472420983,0.126644032360673,8.03353473973814e-06,0.000398533190994924,0.000360433702508304,0.000413361436672608
"b_Sem_3_ruta3",0.00367622608752363,NA,0.00157841416336889,0.0124535810127887,0.0241160074450234,-0.0348743238175214,-0.00417804256811141,0.00181141425739609,-0.0104923426840219,-1.77810767514855e-06,-0.0476366023094357,-0.0432757451955333,-0.0272025223628691,0.170178425224555,-0.00197845674511704,0.64510895175878,0.11251945881825,0.180221513103934,-0.00198624132486228,0.819668581376901,0.128197175346671,0.17632366296645,-0.00202324002996144,0.844252559871939,0.124961674341524,0.120428634893704,-0.00226192582092911,1,0.0276775516742653,NA,-0.00193342360592119,-0.00302257293341379,0.0373300281550442,NA,-0.00194732155541724,-0.0018093826064039,0.0233649043349847,-0.0007287523455988,-0.034004029412055,0.0125552578513239,-0.0165110354068424,-0.00406022535186754,0.0386727095520296,0.0170936623768271,0.0497897254952713,0.0706662920598922,0.0396905070978923,-0.0329263384869111,-0.0130780734454291,0.00124514502500054,0.00131617450710551,0.00128013796943447,-0.0104936824884955,-0.0214997912173468,-0.0375471259779362,-0.0262216115712326
"b_Sem_3_rutaEC",0.000780250250847574,NA,-0.0025091379615542,-0.00887485539483792,0.0969934426492856,-0.0230509431609428,0.0367369176693001,0.000117325455238788,-0.0103938055943876,-1.55036464134108e-06,-0.00957153028974666,0.129414656816733,0.176750085944501,0.189057982769888,-0.000417116295791791,0.0124844978474017,0.656784615704579,0.214227073359737,-0.000423412029580985,0.0200740506195794,0.77390377140938,0.228794365566214,-0.000351144990679433,0.0360584454313944,0.804285099576271,0.228840695018551,-0.000285976640461418,0.0276775516742653,1,NA,-0.000350671497269385,0.000153730522833272,-0.0387100196381665,NA,-0.000306801960851067,0.000346517726476173,0.0468397080803203,0.0667046098512742,-0.0811848639755512,0.0267418448397729,-0.0210149265242153,0.0410747330244342,-0.00320657301247755,0.051273812624594,-0.00804724314332766,-0.0105325373217093,0.007248746464117,0.0164930902488253,0.00314790549871569,-0.00169806470242457,-0.00133234686022628,-0.00141115026697742,-0.0768131197027497,0.0538365124903312,-0.0503609237509095,-0.0426001736390033
"b_ACC_0_ruta1",NA,NA,NA,NA,NA,NA,NA,NA,NA,NA,NA,NA,NA,NA,NA,NA,NA,NA,NA,NA,NA,NA,NA,NA,NA,NA,NA,NA,NA,NA,NA,NA,NA,NA,NA,NA,NA,NA,NA,NA,NA,NA,NA,NA,NA,NA,NA,NA,NA,NA,NA,NA,NA,NA,NA,NA
"b_ACC_0_ruta2",-1.37104359055685,NA,0.190826351385974,-0.00024701558686359,-0.000300061099801909,8.66962765756207e-05,-0.000225278632682028,0.00033891232148825,0.000815836373917707,-2.58674551008972e-06,-0.000242221557396923,-9.85641100844363e-05,7.58709421567449e-05,-0.00202026105706756,2.17645950573277,-0.00161588260131944,-0.000855257374718762,-0.00220324898162423,2.17652885402014,-0.0020389631310893,-0.000923498570151799,-0.00219757999337914,2.17652899003361,-0.00207123551454001,-0.000823927607028862,-0.00190695351684685,2.17650128909611,-0.00193342360592119,-0.000350671497269385,NA,1,0.417519285899659,-0.000543647193092043,NA,0.999987336151086,0.417390345612162,-0.000364476307328125,2.56329690288915e-05,-5.32794363774337e-05,4.17437095661323e-05,8.15514516936828e-05,-5.33026905427115e-05,-9.07052198388601e-05,4.88266488305009e-05,-4.38897286093219e-05,-0.000281930341524635,-0.000107083145530017,0.000374031116916421,-2.90283911033291e-05,0.124208485835503,0.124208694138331,0.124208241982817,-4.34562598895083e-05,8.63040344981365e-06,0.000149780270583583,0.000141368718507133
"b_ACC_0_ruta3",-0.78239595832941,NA,-0.486312742555845,-0.000486968770915926,0.000719769906875181,0.000141576719789839,0.000890744544254999,0.000130367904337312,0.000349296910257208,1.53814092067961e-05,-0.000956855082756479,0.000190480395737881,1.14707106422573e-06,0.00298276439286265,0.425349658026753,-0.00231594268831892,5.80589861490015e-05,0.00353677019229609,0.425364053634354,-0.00287030538676886,0.000195537180774797,0.0038614502526221,0.425364148729162,-0.00299262064815105,0.000159909100981793,0.00366455298805006,0.425360231266528,-0.00302257293341379,0.000153730522833272,NA,0.417519285899659,1,-0.00204497810791545,NA,0.417510490840815,0.999577673093455,-0.00223930154335475,0.000310916658046866,0.000541850827608108,-0.000265604923683958,-0.000407697229535289,-0.000265792722349905,-0.000215615257679403,-0.000223371847107665,-0.000320197738757169,-0.000229314580187759,-0.000565013379099347,-0.000329253632329987,0.000207611956397978,-0.395791369350785,-0.395795173247095,-0.395792891929433,7.17203138488112e-05,-0.000246182186816629,-0.000547313848623407,-0.000295991597057324
"b_ACC_0_rutaEC",0.000623285927324408,NA,-0.00691466582462545,-0.103420365821369,0.105071652479667,-0.0335479486662706,-0.0416567283899763,-0.026013618894457,-0.0577385133054119,-1.88792670827924e-06,-0.075655944571045,-0.219899521377869,-0.221288358367052,0.038349102605534,-0.000421054797414274,0.0305504746685245,0.0111760523839516,0.0404461439558755,-0.000429157686815445,0.0314759546318515,-0.00299111044139368,0.0348467391052591,-0.000367561723387392,0.0177207455906774,0.0292327304837918,0.0153041564750808,-0.00114467705716391,0.0373300281550442,-0.0387100196381665,NA,-0.000543647193092043,-0.00204497810791545,1,NA,-0.00142112619074034,-0.00212219297945204,0.949556201369996,-0.0742723242912374,-0.060584737198626,-0.0173560975555135,-0.014692924900779,0.00688944811553577,-0.092420238298367,0.0111008002095709,0.0377209831306241,0.086946279183112,0.0337007657501944,-0.0627920118271297,-0.0260847548040415,-0.0044682441641327,-0.00412959321120039,-0.00432547877395895,-0.0564355171090793,-0.0617517757467874,-0.0686806943138822,-0.0815174459858384
"b_ACC_1_ruta1",NA,NA,NA,NA,NA,NA,NA,NA,NA,NA,NA,NA,NA,NA,NA,NA,NA,NA,NA,NA,NA,NA,NA,NA,NA,NA,NA,NA,NA,NA,NA,NA,NA,NA,NA,NA,NA,NA,NA,NA,NA,NA,NA,NA,NA,NA,NA,NA,NA,NA,NA,NA,NA,NA,NA,NA
"b_ACC_1_ruta2",-1.37101877226345,NA,0.190827875101288,-0.000368234324862232,-0.000491600679955359,-2.92398958705904e-05,-0.000259387336770076,0.00061120506610231,0.00145522925215305,-2.58427952824956e-06,-0.000153993210538553,-0.000408563558266797,1.18279260463268e-06,-0.00205753786295003,2.17641217902438,-0.00165748304813571,-0.000861891775831917,-0.0022260242710945,2.17648123954109,-0.00209684805573758,-0.000827297687362997,-0.00216938931965892,2.17647906920699,-0.00207606003535144,-0.000683203155107327,-0.00193740833629395,2.17645311520891,-0.00194732155541724,-0.000306801960851067,NA,0.999987336151086,0.417510490840815,-0.00142112619074034,NA,1,0.417396390068537,-0.00114933019707528,0.00027858724407527,-0.000230085314784641,0.000244785451825798,0.000414063475723798,-0.000108226513373927,-0.000232176533288036,0.000274414636786402,0.000351806903374246,-8.06249375865146e-05,-8.66138919554031e-05,0.000668401017598641,8.98562320732308e-05,0.124211649922882,0.124210130854172,0.12420965629055,-0.000167342765714172,-0.00029692203096089,-9.03989944240686e-05,0.000107606198776044
"b_ACC_1_ruta3",-0.78214336624277,NA,-0.486152173987075,-0.00125419152286554,-0.000192674064546817,0.000164642151156214,0.000620848094496647,0.000161334006574263,0.000273017336898035,1.54962673273145e-05,0.00184976788730062,-0.00147486585378181,-0.00109563638092364,0.00330987434395179,0.425217282472272,-0.0012947160889717,0.00053296777411126,0.00358931424675793,0.425228145823665,-0.00151676648315025,0.000523729816176316,0.00410859969989503,0.425228410293684,-0.00191076003190207,0.000772757570378416,0.00354019203643162,0.425224447347137,-0.0018093826064039,0.000346517726476173,NA,0.417390345612162,0.999577673093455,-0.00212219297945204,NA,0.417396390068537,1,-0.00206287584315742,4.79886525937498e-05,-0.000481248172333527,-0.00022544757740317,0.0012715336074309,-0.000609715886022124,-0.000730349572239009,-0.000337353288627449,0.000484747050095246,1.97537422019406e-06,0.000163817861650392,-0.000248941730899738,0.000853250818923653,-0.395657339134813,-0.395660583220714,-0.395657840505547,0.000110537967117422,-0.000819928574094935,-0.00146763189957294,-0.0012302428728086
"b_ACC_1_rutaEC",0.000333466991497241,NA,-0.00718596089042747,-0.159577958943824,0.122935643138801,-0.0328870653343234,-0.0184374823375497,-0.0185461242749433,-0.0566606084567984,-1.90323400857471e-06,-0.0630909815092777,-0.188225257764099,-0.182435643459551,-0.0230438770737987,-0.000301666050182709,0.0136324673995508,0.0560030490127296,-0.0115528319209276,-0.000285153721352145,0.00859396104919261,0.063616380561076,-0.0259364716634201,-0.000189483386467548,-0.00132487896664737,0.0896057884044082,-0.0456394785718888,-0.000902277990250648,0.0233649043349847,0.0468397080803203,NA,-0.000364476307328125,-0.00223930154335475,0.949556201369996,NA,-0.00114933019707528,-0.00206287584315742,1,-0.0722776084542079,-0.0850595487840599,-0.0165936636328133,-0.0104620316930539,0.0363873979615355,-0.0910833092435876,0.0271433984962209,0.0476287175538018,0.0832509432085912,0.0436685247556925,-0.0404899692968555,-0.0496115139851691,-0.0045888217197582,-0.00423526542668895,-0.00445013279235663,-0.0845265766816799,-0.0540330604149234,-0.0643752210521008,-0.0549440046482871
"b_SI_CAMFD",9.12118598146139e-05,NA,-0.000203012799300896,-0.0819331238620571,-0.085863311180232,-0.0625760184100945,0.0423373583652182,0.0482358961335356,0.0397269858893286,-3.62618847884096e-06,-0.001938656336198,-0.0195187658102608,0.055516829865974,0.0924786225234789,2.47953891303478e-05,0.00123328089004565,0.0467632087975243,0.032837433056536,6.05621953104505e-05,0.0293382041725403,0.0932884088509096,0.0443863285046204,-0.000118862906187981,-0.0031386211728474,0.0700347066650917,0.0798179408142259,5.84196313406804e-09,-0.0007287523455988,0.0667046098512742,NA,2.56329690288915e-05,0.000310916658046866,-0.0742723242912374,NA,0.00027858724407527,4.79886525937498e-05,-0.0722776084542079,1,-0.0573557951451585,0.0782241236935315,0.136743880399334,0.000448431130051332,-0.00218861530074102,0.111740342041351,0.0250356750163883,0.0617528769078956,-0.0516068401590391,-0.0197949340134613,-0.00149318167363956,0.000898373192757934,0.000685721067590596,0.000666998600482062,-0.0457810527195848,0.0678763435018396,0.0883324313060047,0.0788448319549045
"b_SI_PANEL",-6.84458407913281e-06,NA,0.000694342860638574,0.0493551852636609,-0.0187152993115685,0.0437896250219487,-0.066627537708113,0.00541115182629318,-0.0240225702243586,1.78705977748332e-06,-0.00818898750169644,0.0668187425006924,0.0372366223476761,0.0359564579174255,9.11130615905105e-05,0.00568995593809341,-0.0138864307355404,0.0216846405707881,6.66872437323345e-05,-0.00286023245493632,-0.0337305322565394,-0.00979935297120157,-5.26830143980146e-05,-0.0494302165187347,-0.0611952911538474,-0.0152443544547941,-0.000111501011777953,-0.034004029412055,-0.0811848639755512,NA,-5.32794363774337e-05,0.000541850827608108,-0.060584737198626,NA,-0.000230085314784641,-0.000481248172333527,-0.0850595487840599,-0.0573557951451585,1,0.0320592079025019,-0.041511581907951,-0.0165671016510394,0.0260246656634473,0.00210668430557152,-0.0483106570741513,-0.0565862581505245,-0.0120440435131241,-0.0662901084000044,-0.014565819383269,0.00022527440981268,0.000399848678843761,0.000501367753201468,0.00736643022010956,-0.0407076063556943,0.042320024660735,0.0256821954384246
