"","asc_ruta1","asc_ruta4","b_tt","b_dt","b_Sem","b_ACC_1","b_ACC_2","b_SI_CAMFD","b_SI_PANEL","b_SI_ZER","b_Si_MTRP","b_No_Info","b_UsoCel_F","lambda1","lambda2","lambda3","gamma_EDUBASICA_LV1","gamma_EDUSUP_LV1","gamma_HPICO_LV1","gamma_CSECO_LV1","gamma_SININFOTRF_LV1","gamma_LV2_LV1","gamma_ADULTO40_LV2","gamma_EXP_3_LV2","gamma_EXP_4_LV2","gamma_EXP_5_LV2","gamma_HPICO_LV2","gamma_USODISPMOB_LV2","gamma_EDUBASICA_LV3","gamma_JOVEN30_LV3","gamma_ADULTO40_LV3","gamma_EXP_2_LV3","gamma_USODISPMOB_LV3","zeta_FRbr","zeta_EnfCond","zeta_AFrSem","zeta_CulFr","zeta_OmLmVel","zeta_IgPare","zeta_PasoPeaton","zeta_UsoDirec","zeta_UsoPito","tau_FRbr_1","tau_FRbr_2","tau_FRbr_3","tau_FRbr_4","tau_EnfCond_1","tau_EnfCond_2","tau_EnfCond_3","tau_EnfCond_4","tau_AFrSem_1","tau_AFrSem_2","tau_AFrSem_3","tau_AFrSem_4","tau_CulFr_1","tau_CulFr_2","tau_CulFr_3","tau_CulFr_4","tau_OmLmVel_1","tau_OmLmVel_2","tau_OmLmVel_3","tau_OmLmVel_4","tau_IgPare_1","tau_IgPare_2","tau_IgPare_3","tau_IgPare_4","tau_PasoPeaton_1","tau_PasoPeaton_2","tau_PasoPeaton_3","tau_PasoPeaton_4","tau_UsoDirec_1","tau_UsoDirec_2","tau_UsoDirec_3","tau_UsoDirec_4","tau_UsoPito_1","tau_UsoPito_2","tau_UsoPito_3","tau_UsoPito_4"
"asc_ruta1",0.0517755882066311,0.0301711238117772,0.00938182721471175,0.0169510768280578,0.00683820666012743,0.000150219824833596,-0.00991393500276008,-0.0112577357991049,-4.8707004952885e-05,-0.00788766449115967,-0.0153875639892583,-0.00106255707275573,0.00292138210491882,-0.00170470214899991,0.00356475212310749,-0.00483746459782265,-0.00341423388776246,-0.00388684667340442,-0.00450687009516511,0.00176759429014351,-0.00136829672876154,0.00298439282846125,0.00133527263553275,0.00031866422735771,0.00304915781228105,0.00101755938718072,0.00226195645264301,0.000968506943079423,0.000397882309056342,0.00527273179144581,0.00142137419456953,-0.00374136144450278,0.0010956326471802,-0.000214530806902233,-0.0041091077291959,-0.0379171266691465,-0.000747295139116874,0.00963502985553441,-0.0373641961675521,0.00279039327051459,-0.00486030838277298,0.000496916382356871,-0.00030049506782298,0.00638010664828639,0.00514808484226406,0.0145556708454183,0.00235277814977151,-0.00363529348938731,-0.00431781804335434,-0.00749668009400373,0.0318043397581848,-0.0725160787854176,-0.0812088723922952,-0.172041779096512,0.000538194254816715,0.0027662431329454,0.00372204965260081,0.0031262502844336,0.00847942646033542,0.0202775980721963,0.0236409831355689,0.034814990125339,0.0663962888789489,0.0139636520291943,0.0115987865506709,-0.0207831596717864,-0.00264893050636881,-0.00164317363272678,0.000230401481178378,0.00147459948480366,0.020579727753003,0.00956625142059461,0.00736697710270063,0.00271841530988973,-0.00137028411418254,0.00232212232138832,0.00383745104422266,0.0121941315913821
"asc_ruta4",0.0301711238117772,0.467605931530086,-0.0130403926776372,0.0178335094689354,0.00493129945083943,0.0248863647727869,-0.0418033744733362,-0.0313941711979594,-0.0118877544114252,-0.0253642363648662,0.00153506080360869,-0.151324319897267,-0.288986095040227,0.0092434549264821,0.0159685004931107,0.0675414319923285,-0.00835182537329055,7.84653416057254e-05,-0.00314289339019706,-0.0121518297956139,0.0112614876110699,0.000629144241945229,0.00330552314858481,-0.0116226527043597,0.00432829700228358,0.000569015639924264,0.00419279213323099,0.00673303246391135,-0.0241218158455868,-0.00811035506847073,-0.00968809801740056,-0.00661638236370991,0.00517180142369144,0.056289154586657,-0.0341663079515494,0.00667823922107946,0.000933463053899924,0.00208775221843653,-0.0499248161538986,0.00327864964401037,-0.0463833676716873,-0.020130475574453,-0.04596545684727,0.101949355656604,0.120260269200104,0.276457622334257,0.0226259065653488,-0.0828869134941142,-0.114849676581404,-0.111514465386111,0.0254594083790832,0.0217376861191621,0.023923465831615,0.01533170519187,0.0106749343643599,0.0116846725608473,0.0118587857989973,0.0170816697087592,0.0219454421109143,0.0274926353580451,0.0350803004069603,0.0463695833775409,0.141012370846463,-0.022230247091848,0.0927482405454154,0.334610953443641,-0.0319462008638914,-0.0326818372073008,-0.0272727909585938,-0.0277637376905799,0.0679664696877703,0.0221075674822475,0.0122695022709206,-0.034322316155078,0.0211191578665662,-0.0363186960954059,-0.0426259804884732,-0.0963632687295823
"b_tt",0.00938182721471175,-0.0130403926776372,0.0174613760417327,-0.00571028242482621,-0.00205091417482748,0.00125635297495986,-0.0169074656778635,-0.00347467782888457,0.00109185341339315,-0.00244569195451531,-0.00437179532906537,-0.00256027238665406,0.00879637021672445,0.000867776642875813,-0.0020584209013785,-0.00557217663097504,-0.000282849322938999,-0.00120714227764129,-0.000637667987123673,0.00112817644725048,3.35367604306155e-05,0.00129446049953911,0.00028947899924061,0.000565513941078036,0.000626740549026989,0.000195769154739255,0.00045753788294461,0.000137392159821319,-0.000514325530776852,0.00408291318770035,0.0016216701298719,-0.00268668519258315,6.94865422851104e-05,-0.00260722113118647,0.000340050456002872,-0.0107853983076434,-0.000392574604806396,0.00101906182854268,-0.00583640054306817,0.00170315164144637,0.000593840205638785,0.000537243971280446,0.00563163718999684,0.000795597938555278,-0.000279733527413685,-0.00358149307379234,0.00302126960693268,0.00565443473108695,0.00679723700476984,0.00816626532642802,0.0120062906305868,-0.0165321207916031,-0.0188746252252232,-0.0394728266065109,0.00118355291782292,0.00173735321863034,0.0019946727288729,0.00117721204515093,0.002093818315081,0.00268131549075372,0.00281864597924004,0.00484222504977073,0.0147365557759669,0.00458680169101889,0.00309850489143848,0.000652136923457895,-0.0025288189714909,-0.00184093002659021,-0.00127279970426267,-0.000347135325427274,0.000394016617963786,-0.000733938984415222,-0.000984288332438874,-0.000691681681245544,0.000999418372177651,0.00363217535781779,0.00399751957678377,0.00754423421838392
"b_dt",0.0169510768280578,0.0178335094689354,-0.00571028242482621,0.0968302733682974,0.0172931957541775,-0.00302129605372989,-0.0312135196451581,-0.0229058494015378,0.00575493472210369,-0.0179284777846417,-0.0288075116337199,-0.00385203685407059,0.00907575956212389,-0.0136492565137188,0.0287843502133646,-0.0148871344329565,-0.00489117149333033,-0.00605489152509627,-0.0103006929107226,0.0046156700619667,-0.000601653462199103,0.00606348844380895,0.0020981863739448,-0.00044328217230658,0.00579922549780533,0.00148204497887925,0.0046277827052125,0.0020335636957526,0.00145146642163619,0.0079508754578739,0.00137601574264377,-0.00571668706685107,0.00225837735647388,0.00363115089230644,-0.0130527960000404,-0.0864540376359266,-0.000534327602101893,0.0253888863124049,-0.0455360946471749,0.00392285766444435,-0.00414728478526228,0.000321738805274255,0.00164056546155611,0.0250831665700535,0.0228347459278256,0.0562518175212628,0.0153641585067592,-0.00971221982908059,-0.0168963251624559,-0.0331064836507609,0.0783936399430629,-0.161767163094137,-0.182942326338387,-0.400923679475261,-0.000305085152003212,0.00755801251231579,0.0105881865511347,0.0129586134269422,0.0145000573476801,0.0470503008463048,0.0548990932111381,0.0798698782621339,0.116531201247588,0.0654240019312394,0.0579613248431441,0.00558748864558905,-0.00277771863967323,-0.0014520665296263,0.00129261061739333,0.00278659539390336,0.0287839367215531,0.0102425572284153,0.00831603045288583,0.00496122839858489,0.0030596384636881,0.00816910772717819,0.0103243137898784,0.0233965128141824
"b_Sem",0.00683820666012743,0.00493129945083943,-0.00205091417482748,0.0172931957541775,0.0407364716974722,-0.00513159054095688,0.00317554159833562,-0.00247513294798473,-0.00219847284813004,-0.00442821902687629,-0.00999340880519817,-0.000607524056841751,-0.00147211186476683,0.00330152836826611,-0.00764559833062566,0.00257750801923603,-0.00145537171026092,-0.000386796506492592,-0.00138002626550374,-0.000992352127915337,-0.00120277469524882,9.83947212451675e-05,0.000466003773716844,-0.00072393467656113,0.000380633681652479,-0.000460054465211781,0.000561294818117178,-7.71987191610578e-05,0.000779947099895417,0.00182804071335284,-0.000723005690687695,-0.000703608597915873,0.00132474650799952,0.000924473555405556,-0.00320311894582882,-0.00374159653350096,8.05608313774662e-05,0.00105330576236496,0.00912745520158318,0.00114415236216393,-0.00248382801568575,-0.00110682926884136,-0.00521962143770806,-0.00265487288716086,-0.00330408626706828,-0.00177184936675094,-0.00186556122999562,-0.0112528578788781,-0.0146284972060023,-0.019164139024972,-0.00326652507912932,-0.0140129918293516,-0.0148060607705763,-0.0337148629064309,-0.00151655902839393,-0.00141331041119523,-0.00127936670324431,-0.000954495473561322,0.00190304530565487,0.00167890038496657,0.00228570435572304,0.00227204960134046,0.0218679161756341,0.0135823915428299,0.0194404562217042,0.030311818538192,-2.88736576686187e-05,0.000395628086340289,0.000992184247225743,0.00149044403070669,0.00903718621738482,0.00551228297793161,0.00460252863842799,0.00232415949861921,-0.00167425253674413,-0.00566948764147967,-0.0060085840710078,-0.00828817642264834
"b_ACC_1",0.000150219824833596,0.0248863647727869,0.00125635297495986,-0.00302129605372989,-0.00513159054095688,0.151964279528284,-0.0131001364122736,-0.00985905824800926,-0.00672978864050778,-0.00553498815176949,0.00805596988609142,-0.0215077257931869,-0.0109657579940218,0.000196925573745528,0.00923501172459538,-0.0044846590362985,-0.00606100172740655,-0.00614732823265862,-0.00497481851852816,-0.00256784311895537,0.000174274265355892,0.00127114765927758,0.000279341927408969,-0.0026334560868503,-0.000145317755071881,-0.00218412153168609,0.00185055044920592,0.000183014085167889,0.00239205313926794,0.00236818163309803,-0.00114401117897279,-0.00324592261006629,0.00565500775913965,0.0163883014750139,-0.0127613454074667,-0.00972791030995463,-0.000270102732070161,0.000599945639843738,0.0620386751625873,0.00473673272671821,-0.00591923856486566,-0.00741704422325423,-0.0288034621041901,0.0128068056010757,0.0157160417441957,0.0693979172389681,-0.00560716627777067,-0.0435918755203051,-0.0577251721165269,-0.0624509172724629,-0.0116772075256545,-0.0405584757002203,-0.0409196980106085,-0.106505040492811,-0.0049793562948196,-0.00477101196539803,-0.00475473857136197,-0.00842177430083626,0.00450742694069911,-0.00213484432889168,-0.00343854335014018,-0.0104491991498156,0.0489750918294863,0.0574595489029405,0.0948315046201759,0.178792139602873,-0.00199916848053623,-0.000232211808512091,0.00255074036704543,0.00598828254418329,0.0277819253799635,0.0144740390958413,0.0131807702918312,0.00709987592525849,-0.00397921091854986,-0.026994626917587,-0.0305645144616952,-0.0454512972903601
"b_ACC_2",-0.00991393500276008,-0.0418033744733362,-0.0169074656778635,-0.0312135196451581,0.00317554159833562,-0.0131001364122736,0.117319087973155,0.0573686470802874,-0.07742206381747,0.0251671371240946,0.0556505119648082,0.0433806462725903,0.050103173684354,0.0309311365237434,-0.0822881668770288,0.0359125938238269,-0.024331314851241,-0.0027109426113469,0.0312481805832837,-0.0688500008675213,0.00955643989773521,-0.0292987077245388,-0.00754636973081281,-0.0046789941938339,-0.0324756499299235,-0.0122551223277724,-0.0100095066718247,-0.00730919593450955,-0.00672946914685421,0.0115578688140988,-0.00100561622397638,0.00137821780408034,0.0105553713782895,0.0474174979616279,-0.00255540762182707,0.502309578652076,0.00809933993977325,-0.182837991027406,0.928052417210838,-0.00103083651687027,0.0485922883752561,-0.0756736811866973,-0.190143187567648,-0.111002570786486,-0.095476057060784,-0.153390019809,-0.123309890556902,-0.226932812992626,-0.300088830462539,-0.126560847973558,-0.63514102563626,0.779985764617433,0.944316725003321,2.00089700254682,-0.0598366761950674,-0.0862465530888355,-0.094587992888837,-0.0798075439650782,-0.0391604756652918,-0.283302757403871,-0.343352349003106,-0.556220681117932,-0.328340811309785,0.840609594021194,0.931842618432957,1.77537266853526,-0.00599482451346559,0.0119187848989137,0.0118473231596203,0.0203948520213566,-0.127887917907894,-0.105420201438264,-0.0715802327813297,-0.0212879139624843,-0.0213930707268046,-0.250126506676996,-0.298225620708041,-0.567157073830994
"b_SI_CAMFD",-0.0112577357991049,-0.0313941711979594,-0.00347467782888457,-0.0229058494015378,-0.00247513294798473,-0.00985905824800926,0.0573686470802874,0.134428342563222,-0.00776951408158916,0.021727557039865,0.0200246950729425,0.00913773667353415,0.0210891635784051,0.000431770326831667,-0.00956800807547713,-0.00363280983338707,0.00664192719374286,0.00661692587288601,0.00513660345950097,-0.00349757323175523,-0.0038081857471455,-0.00449120819436196,-0.00210401846525352,0.00294303779815194,-0.00479714094690784,-0.00163281666584769,-0.00365621487806189,-0.00234647313195847,0.00152286367492562,-0.00334122316738364,0.00128305109715922,0.00287143640685395,-0.00400395407273569,-0.0119149708755338,0.0105982213878776,0.0574398236431894,-0.000648440362270089,-0.0207811908169428,0.0342775346521554,-0.0046508519395523,0.0169034650772458,0.00270526480004222,-0.00134547078172653,-0.0394077293594419,-0.0408534459910294,-0.0990491001327062,-0.0193902231513846,0.0070918691450549,0.0134894608721102,0.0127913516115244,-0.0650699628438674,0.101315822441493,0.113331998689312,0.243025362282344,-0.00134487236548718,-0.00881463926890839,-0.0117828951268977,-0.0164660358918893,-0.0115392396658635,-0.0379668150672683,-0.0451112508336476,-0.0688506854032743,-0.108035683963106,-0.0554385690196099,-0.057438343130367,-0.0458731578027037,0.00684455155957153,0.00612685861649034,0.00282655595695795,0.000320498047372184,-0.0500180204040925,-0.0242949320083068,-0.0186564095698583,-0.00275269284823419,-0.010583193817156,-0.0042536018600823,-0.00459349924829248,-0.00638158711380311
"b_SI_PANEL",-4.8707004952885e-05,-0.0118877544114252,0.00109185341339315,0.00575493472210369,-0.00219847284813004,-0.00672978864050778,-0.07742206381747,-0.00776951408158916,0.0653016832292441,-0.000618184980036771,-0.00951007190330026,0.0125357775843719,0.0118795819575308,-0.00479575035962799,0.00735917072413727,-0.000843799966105662,-0.00469183627327578,-0.00641561434613657,0.000174730920776168,0.00164514543124449,0.00340007740855491,0.00341690830159203,0.000211881182549455,0.000605002975330017,-4.8303066901112e-05,0.00051314364611274,0.000569176598475942,0.000201419492900806,-0.00174761428799914,0.00229711326705071,0.000138941021942937,-0.00142868455297677,0.000590547300260062,-0.00374392904580354,-0.00299212681797646,-0.00413413833611958,-0.00115735405666371,-0.00919433341344807,0.0297689350460918,-0.000563054451950661,0.00914498601526906,-0.0044892497549786,0.00408403867775714,0.00283513061057656,0.00222420570919747,-0.00456199504758263,0.00693154002844614,0.00289478386909415,-0.000625436765811295,0.00653251049055902,0.0025576169069343,0.00228874808331844,0.00471537334877651,0.00671145469010644,0.000398430784941412,0.00128979559017968,0.0016929728901976,0.00175905607952502,0.00225442618235651,-0.00996441773002565,-0.0121278297860745,-0.0183601679050997,0.00750427890514359,0.0644228795456958,0.061243762274276,0.0781502163192968,-0.00045573381253755,-0.000561415693956361,-0.000803163343401525,-7.19116090902349e-05,-0.0217335443409403,-0.0184571048461427,-0.0146192152750782,-0.00477043781237586,0.00428382064343727,-0.00207239352472405,-0.00398789398349496,-0.0120164114473653
"b_SI_ZER",-0.00788766449115967,-0.0253642363648662,-0.00244569195451531,-0.0179284777846417,-0.00442821902687629,-0.00553498815176949,0.0251671371240946,0.021727557039865,-0.000618184980036771,0.10010150782943,0.000611466395997864,0.00261205751975436,0.0169104992470359,-0.000135521167753576,0.00139889298283148,-0.0050111563859401,0.00526349820746948,0.00587488318480866,0.00242946751080969,-0.00193851479880083,-0.00235192294715208,-0.00374248454749988,-0.00163402079848944,0.00170846753282123,-0.00336217531107139,-0.00160464971017884,-0.00242359343310335,-0.00161686831853651,0.00258406085743806,-0.00138654166873578,0.000902096620617241,0.00178294850505421,-0.00233360890376983,-0.00663487369872204,0.00617132843945573,0.0352770577005824,2.780425348004e-05,-0.0134188587724078,0.0320291357179849,-0.000452226540991533,0.00741639046665494,0.00191183188584897,-0.00182322898780685,-0.025626199807174,-0.0270045750223424,-0.062885137135939,-0.0122340107940745,0.0014426907886165,0.00410826356612828,0.000148061449415717,-0.0405368874104782,0.058839937363173,0.0652654811765886,0.137372121420017,-0.00100750575113597,-0.00559098920636417,-0.00742019593818744,-0.0107093024119966,-0.00906807880459653,-0.0264867476879087,-0.0310954944492583,-0.0465205052808431,-0.0779053233700333,-0.0328212858613445,-0.0315650543036752,-0.0190021885525249,0.00268004543199417,0.00300610643063253,0.00219999812225566,0.00246057283440482,-0.0224288176610043,-0.00777980405985389,-0.00501563386830937,0.00227709749995087,-0.00706370907607769,-0.00430893699466474,-0.00471381834878023,-0.00621369067643648
"b_Si_MTRP",-0.0153875639892583,0.00153506080360869,-0.00437179532906537,-0.0288075116337199,-0.00999340880519817,0.00805596988609142,0.0556505119648082,0.0200246950729425,-0.00951007190330026,0.000611466395997864,0.169636574403386,-0.000857070528158771,-0.0168955327910751,0.00419307337303921,-0.00250965533948215,0.00976130436453041,0.00217243267230283,0.00374715353208518,0.00382843312700165,-0.00797656559283018,-0.00314718722607915,-0.00656496937810658,-0.00241099490749784,-0.000338412323107582,-0.00530421437382148,-0.00171680381903798,-0.00302031686716926,-0.00140603499101628,0.000935404768973477,-0.00777548601597884,-0.00179221577645243,0.00243800653242877,-0.00129614246198107,0.00273891528307426,0.0134043123710384,0.0739204170366276,0.000723294937081489,-0.0187222435224689,0.0461129807271537,-0.00219422051496919,-0.00123630517018395,0.000830254867621537,-0.0281387687014685,-0.0327114751354481,-0.030332864540795,-0.0497463025607228,-0.0340897434668507,-0.00788825625925583,-0.0026083696207983,0.0146534815040656,-0.0982967997882022,0.107712547129292,0.12675579698567,0.292925079044983,-0.0103910083431494,-0.0171942642568775,-0.0200253646898352,-0.0187374791226208,-0.0102945304221992,-0.034782512453238,-0.0400630519034979,-0.0604714354613515,-0.0962099328260117,-0.0341819620460327,-0.0274186780622288,-0.00316842805245373,0.00280653372782772,0.00209059861861387,-3.37307898868654e-05,-0.00153505658956,-0.00518177085694453,0.00202229132776973,0.00111013307817576,-0.000658937408143517,-0.016536595214961,-0.020028543883461,-0.0209756218286194,-0.0310317299769971
"b_No_Info",-0.00106255707275573,-0.151324319897267,-0.00256027238665406,-0.00385203685407059,-0.000607524056841751,-0.0215077257931869,0.0433806462725903,0.00913773667353415,0.0125357775843719,0.00261205751975436,-0.000857070528158771,0.169455833584673,0.0290624590112408,0.00640235721504706,-0.0177403710943577,0.00666058703371094,0.000179860911327854,0.00140368313383873,0.00343140885761197,-0.00178585205599806,-0.0171728163583559,-0.00402860203480934,0.000358440098575718,0.00709205697120556,-0.000552152218839136,0.00102839196729218,-0.00169551053463783,-0.00319953083356934,0.00615756755545117,-0.00449429557540539,-0.00136352159831747,0.0100620550424182,0.000707988389676979,-0.0164344229391558,0.0183896648270086,0.0270638418412508,0.000682836020143897,-0.00403543796913139,0.0187647075565018,0.000828572294416003,-0.00453752676592344,0.00821495739131072,-0.0127944952472126,-0.0627966303315059,-0.0685731242401357,-0.121587876449279,-0.0361763589622097,0.00977579872539152,0.0228113941704152,0.0298127158056244,-0.0693723810913954,0.0107864937813917,0.0183111710670782,0.086237203907965,-0.0148539243039376,-0.0177429153989086,-0.0184584825928426,-0.0159774914177645,-0.00330683891199611,-0.00892158873174814,-0.0111734310266866,-0.0186252827436953,-0.0280043455450582,0.043424243626799,-0.00831608266339108,-0.130704399511959,0.00584083397619553,0.00834090202283405,0.00756225099958814,0.00957939717769582,0.0213012868399477,0.0217593585008222,0.0180987396459633,0.0144769347455057,-0.0228308167589497,-0.00623976696401744,-0.00291815416015234,0.0124498465230201
"b_UsoCel_F",0.00292138210491882,-0.288986095040227,0.00879637021672445,0.00907575956212389,-0.00147211186476683,-0.0109657579940218,0.050103173684354,0.0210891635784051,0.0118795819575308,0.0169104992470359,-0.0168955327910751,0.0290624590112408,0.287697042637058,-0.00253226797138358,-0.0347522419348431,-0.0474735625383414,-0.00315077005112505,-0.00805107593994698,-0.00163274511184364,0.00580379044426403,-0.00372983787290195,0.00258872019971973,-0.00140073416966287,0.00800331028170087,1.69190963073313e-05,0.00132133790992694,-0.0005291577408231,-0.00330234583070851,0.00994607916627419,0.00909285253923452,0.00819495049594387,-0.000702066023421517,-0.0050737462078777,-0.035616735430229,0.0201116534553449,-0.0181147368289132,-0.000966907377771769,0.00126210863260699,-0.00159182840494993,-0.0054462749169921,0.0271787893504049,0.01266024329725,0.0238424169286541,-0.0641584948615236,-0.0751243015833186,-0.169461737295999,-0.0173593694234556,0.0498895941388785,0.0713739392820072,0.0721948669353442,-0.0120327837247195,-0.0414421401428573,-0.043983141359552,-0.0693269518399341,-0.0096456303302409,-0.00844231482394561,-0.0077368549621347,-0.00991514139905357,-0.00401405914248984,-0.00438364435601031,-0.00796069814554379,-0.012031900768414,-0.030405748933052,0.0368900578298476,-0.0477515552251093,-0.244301029357942,0.0197615800499409,0.017039295526839,0.0129953347726988,0.0119714050667348,-0.0430877970923544,-0.0200546427850389,-0.015125999298043,0.0128772135092273,-0.0164178753257724,0.0230502198287447,0.0279818248400449,0.0669688978879033
"lambda1",-0.00170470214899991,0.0092434549264821,0.000867776642875813,-0.0136492565137188,0.00330152836826611,0.000196925573745528,0.0309311365237434,0.000431770326831667,-0.00479575035962799,-0.000135521167753576,0.00419307337303921,0.00640235721504706,-0.00253226797138358,0.0485715227635317,-0.100027985003836,0.0141871036445687,0.00315789754056795,0.0117978577589421,0.00956138266497983,-0.0070883682591922,-0.00251864750930953,-0.00777665957193481,-0.000589993897868095,-0.00107906563991698,-0.0032035565776702,-0.00269509549715207,-0.00382737816079056,-0.00171693435633009,0.000207951275207932,-0.00437270859580955,-0.00179671694781229,0.00275092384419079,0.00138286633189155,0.00756313850960216,0.00478359709827255,0.0608974375601725,0.00337865515808877,-0.00471435512862936,0.0443246807890201,0.00051685147285966,-0.0072268897769951,-0.000363381065145861,-0.0112049674286866,-0.0136845951284768,-0.011847785190921,-0.00840366140481784,-0.0101293348617458,-0.0155306702241994,-0.0178469572897103,-0.0174566721576707,-0.058069432614676,0.0950210695903077,0.109320408069082,0.235009584457472,-0.00301172058366259,-0.00691481209299182,-0.00778588576823343,-0.00443920181993075,-0.00967439359265513,-0.0222315785378231,-0.0233415678208965,-0.0324391495055575,-0.0464355141645231,-0.0655199242406234,-0.0496945608361838,0.0330174938193867,0.000254710012474757,-0.000316839344364187,-0.000293008777550369,0.000383470623779202,0.00802844742165901,0.0119021660631336,0.010326243360964,0.00167811739077133,-0.00164467209438492,-0.0153190024137259,-0.017426065319908,-0.0321370359496159
"lambda2",0.00356475212310749,0.0159685004931107,-0.0020584209013785,0.0287843502133646,-0.00764559833062566,0.00923501172459538,-0.0822881668770288,-0.00956800807547713,0.00735917072413727,0.00139889298283148,-0.00250965533948215,-0.0177403710943577,-0.0347522419348431,-0.100027985003836,0.243106484208726,-0.0332540122319447,-0.00151091672433764,-0.0149392618798673,-0.0203102100818353,0.0107402911890474,0.003523654023284,0.00618051332390708,0.00106048140795513,0.000915164332849568,0.0062671768486547,0.00463597943430606,0.00838466296483761,0.00527300222513439,-0.000877891702006963,0.00954494721410814,0.00345584532867348,-0.00702861455222388,-0.00340282762014909,-0.0024109022161815,-0.00469359356441969,-0.119434693533515,-0.0032051078889034,0.00912718487861229,-0.0923344792595454,0.00109631478461318,0.00857400057114449,0.00392335048825442,0.0145440752487619,0.0359899049893092,0.0336701214046736,0.0436638737978418,0.0180632574762056,0.0249979785469732,0.0265038835208259,0.0278920497361358,0.120092306630623,-0.2072029949795,-0.23842445123093,-0.509192300002943,0.00562464226573659,0.014195284256575,0.016156308799636,0.00970528952695849,0.0200020713991469,0.047914992859733,0.0506331524287816,0.0708089728000368,0.0982532243236676,0.141683842455923,0.118360786753404,-0.0130196162026396,-0.00434698070871907,-0.00212550862869339,-0.000949042182814201,-0.00136449823184303,-0.00165678592399597,-0.0165141826263168,-0.0145371991075969,-0.00281360490045999,0.00278508419509866,0.0259554693576983,0.0296977778403747,0.0548057135670515
"lambda3",-0.00483746459782265,0.0675414319923285,-0.00557217663097504,-0.0148871344329565,0.00257750801923603,-0.0044846590362985,0.0359125938238269,-0.00363280983338707,-0.000843799966105662,-0.0050111563859401,0.00976130436453041,0.00666058703371094,-0.0474735625383414,0.0141871036445687,-0.0332540122319447,0.0651475140580646,0.000510237869464771,0.00562968780769408,0.00446489648907953,-0.00960871177620011,-0.00510251309534106,-0.00758470492995248,3.23654048902387e-05,-0.0028404043208651,-0.0014405234030483,-0.000812824329651875,-0.00249470356129178,-0.00091328393376856,0.000215550565545295,-0.014018581804789,-0.00544153872441715,0.0114329566649146,0.00531181924162646,0.0176126245042196,-0.0009283667698773,0.0515986248317832,0.00287685367838084,-0.00197771617734707,0.0343458315562425,0.00134271459744098,-0.0266224605958708,-0.00205651014159845,-0.0404839095911622,-0.0114085671135878,-0.00645972489362992,0.0285591751770326,-0.0247535717729999,-0.0424758931624278,-0.0494005625143587,-0.05297607412705,-0.0734574600613791,0.0552317690280808,0.0665233273988354,0.173920060580815,-0.0111218694216275,-0.0139225557416732,-0.0148597828188476,-0.00794673076992919,-0.00725024235777048,-0.00969081351877251,-0.00800020784951491,-0.0126705352520266,-0.0378636421878193,-0.02223910475047,0.00580145540578896,0.0466309851256967,0.00263262111231656,0.00172063745449816,0.00168319954559462,0.00127161627205771,0.0596173992080991,0.0447899869375607,0.0363440052454502,0.00821788091235819,-0.0110535460888849,-0.0292298201633243,-0.0302019475722376,-0.0471811684559795
"gamma_EDUBASICA_LV1",-0.00341423388776246,-0.00835182537329055,-0.000282849322938999,-0.00489117149333033,-0.00145537171026092,-0.00606100172740655,-0.024331314851241,0.00664192719374286,-0.00469183627327578,0.00526349820746948,0.00217243267230283,0.000179860911327854,-0.00315077005112505,0.00315789754056795,-0.00151091672433764,0.000510237869464771,0.0702740408374717,0.0632127910040589,-0.00023019100398896,-0.0113463280705618,-0.0157108105186175,-0.0178273064405485,-0.00146556549631374,-0.00569786693166101,-0.00484104874958546,-0.00489176120371519,-0.00509980001154506,-0.00148850675296039,-0.0113076808275035,-0.00744384981359246,-0.00124648035150618,-0.00403282319983914,-0.00463838461951275,0.00833604865306134,0.00827902757559884,0.00305203473259411,0.00676488630456754,0.00592734769677352,0.0269429524362131,-0.00168863852125038,0.0114422005096029,0.00956523312021913,0.046854202575087,0.0311706918675501,0.0303543782445843,0.0252573744249858,0.0363460931714735,0.0323369466064718,0.029871159407312,0.0147655524004347,0.0663188547986413,0.0227636023248111,0.015483333947038,0.00586285487192515,0.0171621137324163,0.0182533185481725,0.0186529552171098,0.0180619090735193,-0.0201964524510248,-0.0155177584148994,-0.0162921504221776,-0.0149299553101512,-0.100317400167989,-0.142036662887305,-0.112279322423962,0.0279819173557893,-0.0177080813898573,-0.0179472906095394,-0.0191402690309489,-0.0198102561928116,-0.0606462954217604,-0.0441106883431488,-0.0373983902340155,-0.0245423968836943,0.0247643679776043,0.0288147724545882,0.028111928328954,0.0266029670193249
"gamma_EDUSUP_LV1",-0.00388684667340442,7.84653416057254e-05,-0.00120714227764129,-0.00605489152509627,-0.000386796506492592,-0.00614732823265862,-0.0027109426113469,0.00661692587288601,-0.00641561434613657,0.00587488318480866,0.00374715353208518,0.00140368313383873,-0.00805107593994698,0.0117978577589421,-0.0149392618798673,0.00562968780769408,0.0632127910040589,0.114904953206177,0.000346267127210655,-0.0190981237966771,-0.022410781419837,-0.0305082784819476,0.000508427478444479,-0.0017271797108797,-0.00281697150140971,-0.00637995894219334,-0.00623577858149987,-0.000815996236118334,-0.00677279728884912,-0.0118957670148579,-0.000959329542816531,-0.00209457478135292,-0.00472111174980123,0.0187001630370518,0.0175736276378353,0.0335541098064269,0.0120628820848318,0.00537263131799805,0.0229822668478725,-0.00188474981543189,0.00426013058419854,0.0145117373910377,0.0287385147037003,0.013341555397668,0.0111563737151338,0.00950272034960833,0.018714625778338,0.0148104570137179,0.00982652077199392,0.000549549388099836,0.0288772655362851,0.0325474663263969,0.0285907536364039,0.0712526319867307,0.0107188459033282,0.0100169836688074,0.0104094210818353,0.0131841782038877,-0.0186585592046625,-0.0161530717988654,-0.0159820189850881,-0.0163001164469379,-0.0940090769933564,-0.144784182309316,-0.112140096460807,0.0479958045557591,-0.0109363010048833,-0.0127370131820687,-0.0140920089660244,-0.0149317399439111,-0.033193747872121,-0.023592380402716,-0.02018107106785,-0.016240691095268,0.0160033499964967,0.0144756350282498,0.0138254477702681,0.00769412774766239
"gamma_HPICO_LV1",-0.00450687009516511,-0.00314289339019706,-0.000637667987123673,-0.0103006929107226,-0.00138002626550374,-0.00497481851852816,0.0312481805832837,0.00513660345950097,0.000174730920776168,0.00242946751080969,0.00382843312700165,0.00343140885761197,-0.00163274511184364,0.00956138266497983,-0.0203102100818353,0.00446489648907953,-0.00023019100398896,0.000346267127210655,0.0398727257401367,-0.0127005314689992,-0.00376029349002374,-0.00848923534754292,-0.000838369656530396,0.00387292058412334,-0.00333216685001097,3.3164190904828e-05,-0.00729360665876022,-0.000769711922199678,-0.00462220676560185,-0.00827957925105229,-0.00150531964986346,0.00411761950223487,-0.00293204757036004,-0.00193910512989404,0.0108177114196046,0.0479645214970153,0.00159071899264015,-0.00472814791800998,0.0244369925030818,-0.00730263818409656,0.0131433151955316,0.00531054894893225,0.0113914299476542,-0.0133585203542678,-0.011770388075515,-0.0395608760251039,-0.000705178997013905,0.0152309025043413,0.0193659745226196,0.0157515471523768,-0.0280556120632256,0.0880392784145471,0.0970095331717176,0.222130772335515,0.00321427878359174,-0.00204066594053695,-0.00427762608048706,-0.00597536451487266,-0.0149762988008293,-0.0195327170365735,-0.0224537420831054,-0.0326690435543865,-0.103426109354615,-0.0704714324249558,-0.0769440691504752,-0.0105722749870724,0.00166012451947258,-0.0010804558371397,-0.00454462270543361,-0.00897051614772608,-0.0562879740730666,-0.0321974598195749,-0.0260439576371562,-0.0123341178492609,0.00121592414472741,0.00674942567690243,0.00683723038103728,0.00391092006935991
"gamma_CSECO_LV1",0.00176759429014351,-0.0121518297956139,0.00112817644725048,0.0046156700619667,-0.000992352127915337,-0.00256784311895537,-0.0688500008675213,-0.00349757323175523,0.00164514543124449,-0.00193851479880083,-0.00797656559283018,-0.00178585205599806,0.00580379044426403,-0.0070883682591922,0.0107402911890474,-0.00960871177620011,-0.0113463280705618,-0.0190981237966771,-0.0127005314689992,0.0488391540008459,0.00207749369771061,0.0164501893629896,0.00163440425933817,-0.000552593849110274,0.0012680150329307,-0.00183608496709417,0.00143366372828828,-0.000435889694467192,-0.00862072898258769,0.00800112439259849,-1.46192167484791e-05,-0.00804992916828533,-0.00232551962868748,-0.0162469468103056,-0.0166711417810412,-0.0698648607903911,-0.00527560774902234,0.0067554979589512,-0.0187482973071512,0.00260272811953466,0.0114801098116876,-0.00662619982248614,0.0496825739680451,0.0415046810587987,0.0378147482767834,0.0343196907993252,0.0479305792872537,0.0335816505178794,0.032026775426373,0.016637877451921,0.10695395722646,-0.0520138961258207,-0.0678538427386431,-0.199598023147745,0.017250844287389,0.0229087429893535,0.0248773953590881,0.0208083534383904,-0.00333283324722156,0.00648398671726104,0.00810059590470907,0.0190445507902291,0.00314482167034055,-0.0270207163931634,-0.0121551392645427,-0.016562304068183,-0.0162069581224505,-0.0150019429518184,-0.0141894960922042,-0.0132183653343068,-0.0426605399411951,-0.035287923382291,-0.0310727373218529,-0.0196533547243069,0.027368006655111,0.0333679121101151,0.0329013073072313,0.0412796539809166
"gamma_SININFOTRF_LV1",-0.00136829672876154,0.0112614876110699,3.35367604306155e-05,-0.000601653462199103,-0.00120277469524882,0.000174274265355892,0.00955643989773521,-0.0038081857471455,0.00340007740855491,-0.00235192294715208,-0.00314718722607915,-0.0171728163583559,-0.00372983787290195,-0.00251864750930953,0.003523654023284,-0.00510251309534106,-0.0157108105186175,-0.022410781419837,-0.00376029349002374,0.00207749369771061,0.0424658172184163,0.0118976740633517,-0.0038146602449309,-0.00770570576756257,-0.00112892537645866,0.00102571022764296,0.00128109489259868,0.00260630497902595,-0.00748785150665583,-0.00176889943398792,-0.00135546823056201,-0.00209946161781694,-0.00163714578033288,-0.00754181078868556,-0.0144819437707461,-0.0362670893876372,-0.00296134034794386,0.000984143998036385,-0.0226313739409748,-0.0029268242707517,0.0144562656099098,-0.00405264546562891,0.0325535174474887,0.0333422836884611,0.0349972990222559,0.0449774261441649,0.0349758290952637,0.0186589447284425,0.0171617851973059,0.00733519337727038,0.067155525466164,-0.0125198468464337,-0.0190099872327786,-0.0588898784136042,0.0107156700937321,0.0149312952642134,0.0160525317797682,0.0167359523063493,-0.00485281394881836,0.00141739049584073,0.00214637470440381,0.0050278765788448,-0.0284314906836339,-0.0370298313946423,-0.0288237522767766,-0.0433527405772393,-0.00928292966998339,-0.0101098488945242,-0.0114091931525359,-0.0138851123793244,-0.0561507019705429,-0.0402663866454148,-0.0345498889149705,-0.0196131909779279,0.0185477976614137,0.0249728404060184,0.0244060128064464,0.0305731059581071
"gamma_LV2_LV1",0.00298439282846125,0.000629144241945229,0.00129446049953911,0.00606348844380895,9.83947212451675e-05,0.00127114765927758,-0.0292987077245388,-0.00449120819436196,0.00341690830159203,-0.00374248454749988,-0.00656496937810658,-0.00402860203480934,0.00258872019971973,-0.00777665957193481,0.00618051332390708,-0.00758470492995248,-0.0178273064405485,-0.0305082784819476,-0.00848923534754292,0.0164501893629896,0.0118976740633517,0.0354422331331181,0.000906108171933057,0.000368658230672829,0.00338370919098232,0.00296530636678694,0.00330651010524849,-0.000480449248534256,-0.00523842048321,0.00977133905781783,0.00142958579176665,-0.00675262726629346,0.00106797389426929,-0.0285364540186,-0.0287460085700723,-0.0783131222176311,-0.0120252132530329,0.00551221125637567,-0.0253106528517096,0.0014332198954019,0.00877041867037834,-0.0141927842982726,0.0307204777880822,0.0221085007795156,0.0196147163227724,0.0169848459836218,0.0312421112241,0.0128542138826843,0.0130488261911969,0.00927972328191671,0.0743059755702503,-0.0615433727134678,-0.0705523208059921,-0.178960535934485,0.0098572282023781,0.0131434009639365,0.014145420418345,0.0115499471395822,0.0110055821078338,0.0156890880542319,0.0167933067985254,0.0245255048586398,0.068473439687001,0.039697612252235,0.0328729098525949,-0.0245470219216499,-0.00809585056775679,-0.00661980597261487,-0.00572969855220461,-0.00523004667940358,-0.0235361639153552,-0.0218494095500229,-0.019217863742593,-0.0101314400154614,0.0130392924540927,0.0201843557512879,0.0208416419563432,0.0326704842444853
"gamma_ADULTO40_LV2",0.00133527263553275,0.00330552314858481,0.00028947899924061,0.0020981863739448,0.000466003773716844,0.000279341927408969,-0.00754636973081281,-0.00210401846525352,0.000211881182549455,-0.00163402079848944,-0.00241099490749784,0.000358440098575718,-0.00140073416966287,-0.000589993897868095,0.00106048140795513,3.23654048902387e-05,-0.00146556549631374,0.000508427478444479,-0.000838369656530396,0.00163440425933817,-0.0038146602449309,0.000906108171933057,0.00552564139830013,0.00136883327718094,0.0010521254169428,-0.000381890593853884,0.000395677785057411,-0.00183205627733519,-0.000624485474079279,0.000598687803733497,-0.000202440025925926,0.00038281193120312,2.27473381229614e-05,-0.000721736558432771,-0.000396056185345075,-0.0122787754805218,-2.73725073946758e-05,0.00376522019923615,-0.0169929263039901,-0.000445540635552186,-0.00180039331513527,0.000860400019497688,0.00169651093872301,0.00108332424070597,-3.66264185816132e-06,0.000755223125101145,0.0010675460100438,0.000478534619791258,6.49495722173761e-05,0.000130407311074843,0.0109444374648556,-0.0240365574051858,-0.0273262133152954,-0.0541799739769172,-6.63824196563707e-06,0.000949544438588473,0.00136820158865389,0.0015020490166606,0.00509222129188359,0.00849059043236032,0.00961692419451056,0.0129856250875544,0.0354294996349307,0.00662628618769353,0.00315819796291945,0.0134891593201181,0.000722760130703315,0.000134712205867204,0.000226018427234224,7.45593618539002e-05,0.00642790537143836,0.00229270374177111,0.0014158223573684,-7.47101121988172e-05,-0.000345599882662054,0.00189118143170189,0.0026867034688007,0.00568639620637195
"gamma_EXP_3_LV2",0.00031866422735771,-0.0116226527043597,0.000565513941078036,-0.00044328217230658,-0.00072393467656113,-0.0026334560868503,-0.0046789941938339,0.00294303779815194,0.000605002975330017,0.00170846753282123,-0.000338412323107582,0.00709205697120556,0.00800331028170087,-0.00107906563991698,0.000915164332849568,-0.0028404043208651,-0.00569786693166101,-0.0017271797108797,0.00387292058412334,-0.000552593849110274,-0.00770570576756257,0.000368658230672829,0.00136883327718094,0.0428235860056801,0.00193819793629025,0.00244067453828394,-0.00209772408635814,-0.00225296267378453,0.00207371815075199,0.00288259480093883,0.00209223318492619,0.000124077981427959,-0.00257152875669556,-0.00992804865377588,0.010554242260056,0.00775342780815106,-0.000254406030690102,-0.00390265778657295,0.00452599492724072,0.00134953224443547,0.0096475291861137,0.00420508934628409,0.00162410720312211,-0.0226646691390917,-0.0272941394424355,-0.0616372498460371,-0.0136106221337261,0.0132532019893695,0.0194079494409881,0.0266648338922666,-0.0204551219015654,0.00577781074448395,0.00669219653045391,0.0326080048218002,-0.00289479772813709,-0.00439753499181524,-0.00447718289705752,-0.00670044232300934,0.00564710986924992,-0.00174104761460107,-0.00460003060554438,-0.0111851449624053,0.001380011280235,0.0307586772985761,0.0110366465448226,-0.0221369613904469,0.000173723206286028,0.00126034654401205,0.00122386508878164,0.00186398666786935,-0.0186820704601518,-0.0121357274328973,-0.00920336441340014,-0.000680067324459906,-0.00886457276661807,0.0015568465244628,0.00306876834147754,0.00753802581052589
