"","asc_ruta1","asc_ruta2","asc_rutaEC","b_tt","b_dt","b_CongCD","b_CongEF","b_Sem","b_ACC_1","b_ACC_2","b_SI_CAMFD","b_SI_PANEL","b_SI_ZER","b_Si_MTRP","lambda1","lambda2","lambda3","lambda4","lambda5","lambda6","lambda7","zeta_FRbr","zeta_EnfCond","zeta_AFrSem","zeta_CulFr","zeta_OmLmVel","zeta_IgPare","zeta_UsoCel","zeta_PasoPeaton","zeta_UsoDirec","zeta_UsoPito","zeta_PrPer","zeta_AmbTr","zeta_ComVrb","zeta_ComAfec","zeta_ConCl","zeta_Ans","zeta_StrC","tau_FRbr_1","tau_FRbr_2","tau_FRbr_3","tau_FRbr_4","tau_EnfCond_1","tau_EnfCond_2","tau_EnfCond_3","tau_EnfCond_4","tau_AFrSem_1","tau_AFrSem_2","tau_AFrSem_3","tau_AFrSem_4","tau_CulFr_1","tau_CulFr_2","tau_CulFr_3","tau_CulFr_4","tau_OmLmVel_1","tau_OmLmVel_2","tau_OmLmVel_3","tau_OmLmVel_4","tau_IgPare_1","tau_IgPare_2","tau_IgPare_3","tau_IgPare_4","tau_UsoCel_1","tau_UsoCel_2","tau_UsoCel_3","tau_UsoCel_4","tau_PasoPeaton_1","tau_PasoPeaton_2","tau_PasoPeaton_3","tau_PasoPeaton_4","tau_UsoDirec_1","tau_UsoDirec_2","tau_UsoDirec_3","tau_UsoDirec_4","tau_UsoPito_1","tau_UsoPito_2","tau_UsoPito_3","tau_UsoPito_4","tau_PrPer_1","tau_PrPer_2","tau_PrPer_3","tau_PrPer_4","tau_AmbTr_1","tau_AmbTr_2","tau_AmbTr_3","tau_AmbTr_4","tau_ComVrb_1","tau_ComVrb_2","tau_ComVrb_3","tau_ComVrb_4","tau_ComAfec_1","tau_ComAfec_2","tau_ComAfec_3","tau_ComAfec_4","tau_ConCl_1","tau_ConCl_2","tau_ConCl_3","tau_ConCl_4","tau_Ans_1","tau_Ans_2","tau_Ans_3","tau_Ans_4","tau_StrC_1","tau_StrC_2","tau_StrC_3","tau_StrC_4"
"asc_ruta1",0.0887215088435151,0.0749111251453731,0.075510852315939,-0.011812482983445,0.0598310373954116,-0.00317797266588297,0.00195843210649822,0.00787884026983367,-0.00357279145221499,0.00194207121211174,-0.00343803391520321,-0.000520168702983708,0.00085060394728299,0.00542489873437255,-0.000289597683370972,-0.000206174744252178,-1.98354288306129e-05,-0.00112705420733802,-0.00161347558047897,0.00134758702746529,-9.75434168864638e-05,0.000524230333771112,-0.000157201113294397,0.000127716109676683,0.000140298928270664,-0.000405956571465576,-0.000148085494921305,-0.000139343086311349,0.000178054108604073,-5.70922340359988e-05,0.000163824643477821,6.50372879637763e-05,3.30117563772625e-05,-5.85777349563517e-05,-0.000103142605060558,8.10004606435334e-05,-0.000100715204434373,-0.000302896765122149,-0.000221109441481224,0.000104701481361023,0.00018344861196359,0.00081792077378874,0.000139773517273435,-0.000129545072076847,-0.000120791482230343,-0.000133034554073727,-5.54735317045324e-06,-0.000230981313679206,-0.000220847321612769,0.000144319670096478,-0.000109385260868868,-3.73030971868801e-05,-1.26474418306063e-05,0.000104882860041259,-6.70843284074874e-06,-0.000434943339027467,-0.000490154288201881,-0.000713403495271699,-0.000288279888542266,-9.11907870491666e-05,-8.66646618520216e-05,-0.000530609517898564,7.73153575294465e-05,-2.38432732248851e-05,-5.55314355068992e-05,-0.000102094647437805,-0.000170346599848206,-0.000120786379118401,-6.93092677694282e-05,8.42522997683751e-05,0.00015041360896323,9.56841815252733e-05,6.88592253564622e-05,2.88134734439292e-05,-0.000205413259176169,4.39753997421388e-05,8.98893230454755e-05,0.000302858106758425,-0.000101445844242815,-2.51252499105713e-05,5.01490574780844e-05,0.000105092403228726,-8.26382859874114e-05,-5.85755657966304e-05,9.9349445960398e-06,4.50891899688058e-05,-1.63719966158444e-05,1.02911188668315e-06,1.98669926480164e-05,3.01216412836214e-05,-1.42364854846828e-05,-9.49368839562857e-05,-0.00013258782023386,-0.000152462538379581,1.78409534089508e-05,9.85520251173778e-05,0.000160932879921099,0.00018797339785546,0.000136390770595018,0.000121786654743384,9.32827430835077e-05,-4.86745886763548e-06,0.000289283421545737,0.000185788747083951,-5.23894724613522e-05,-0.000141555961052176
"asc_ruta2",0.0749111251453731,0.10473602433824,0.0732905042586593,-0.0533400058885467,0.000539497720819471,-0.000854838866413773,0.00590507279009494,0.00226920743133774,0.00248589935553503,0.00970573671816057,0.00242532966326145,-0.000787083799318483,0.00251946391835432,0.0144794348148791,0.000458853873388868,-0.000610689816967076,0.00150232752884403,-0.000639522306129666,0.00033900578244605,1.45609277086517e-05,-0.000386511987088623,7.43928094809861e-05,0.000168891888093918,4.33387293541832e-06,3.69715742746179e-05,-0.00011359159015194,0.000415203326589214,-0.000114854157691202,0.000228750631396977,0.000117591209855283,7.88982359184751e-05,1.9608208418208e-05,4.99788424529725e-05,-4.79768736032986e-05,-0.000111097408313421,0.000134822642346892,-3.18573567124323e-05,-5.71160065253256e-05,-7.85006251105915e-05,-1.63299805507465e-05,2.88851498497774e-05,0.000162252466124919,-0.000179949570504773,-4.28167698028871e-05,9.89490415638026e-05,0.000482543090350104,-6.3844327797113e-05,-3.58420358012039e-05,-5.03592865454543e-05,2.28866814600469e-05,-3.89147537037408e-05,-2.28029704579259e-05,-9.7008168605345e-06,4.41738453514512e-05,-2.42604807839952e-05,-0.000245665889521184,-0.00024081383774764,-0.000300739876702166,-0.000318290294412342,0.000343444123916991,0.000394904992189313,0.0005766987269473,8.62447192384216e-05,-1.54856777215281e-05,-4.8945027684729e-05,-0.000105946973652731,-0.000203710305508052,-0.000141285712397663,-8.8986939835682e-05,4.63997429693146e-05,-0.000152495362742289,-9.99308472095793e-05,-7.32108318289015e-05,-1.9470106227489e-05,-0.000108869317396272,-3.59782640740321e-05,-2.91720178847095e-06,0.00012762707708873,1.00270731644892e-05,3.16659909667381e-05,4.79050417496148e-05,7.67729683651237e-05,8.0306359694988e-06,4.00921192600324e-05,9.15467255524699e-05,0.000125125872278325,-1.39246748465706e-05,-2.43482581295475e-06,1.22588478147789e-05,2.02940176407452e-05,2.68077433273799e-05,-9.99735096893316e-05,-0.000176039970741873,-0.000224372653545925,4.34921221278989e-05,0.000135737672220645,0.000205856670864576,0.00023540528114626,6.29691831087084e-06,-2.5883329588365e-05,-6.85041092121449e-05,-0.000143252568736392,3.51897994252026e-05,-9.38330324510487e-06,-0.000105035753717992,-0.000123925977304956
"asc_rutaEC",0.075510852315939,0.0732905042586593,0.175074615518753,0.0526916870221773,0.0294010682162989,0.0253033917132742,0.0685128394933394,-0.00171700348459666,-0.00511483592237539,0.0321073493055308,-0.00109073529182228,0.00599517583159348,0.00415931769330397,-0.00799705492517924,-0.0398895762775515,-0.0235851077833514,0.00566253276421476,0.0322494468065378,0.000316689230120211,0.0156548573053536,0.0128471029475375,0.00808995828660063,-0.0011256897816651,0.00582187210043913,0.000143018780795329,-0.000922799247164815,-0.00950327080806792,0.000456682298812939,0.00134349455929214,-0.0017234853001519,0.000982556526322189,-0.0014063031264444,8.57561701682524e-05,-0.000191409787148048,0.00113095796103352,-0.00116400442969423,-0.000146172371750825,-0.00485808054949042,-0.00284187123497824,0.00219479540273049,0.00263581795936616,0.00655901924122242,0.00218083634562363,0.00028040773852417,-0.00103831232767372,-0.00539605908148546,-0.00113966179493752,8.44440461233473e-05,0.000728583274819987,0.00282701105450697,3.45137814911974e-05,-0.000356878328437681,-0.000793647561451644,-0.00197940034130608,0.0035032889670161,0.00275156972453367,0.00292356892661326,0.00207976033831594,0.00864175831258719,-0.00588180967043631,-0.00727655302572464,-0.0142025496724734,0.000423978938868378,0.000757127030804671,0.000982012662360873,0.00122455136140471,-0.00347146053009153,-0.0030024849971152,-0.00257806891309318,-0.00192888378204759,0.000853196469119858,-3.18071480297294e-05,-0.000630163788287278,-0.00216190908914763,-5.32925777780631e-06,0.000833527688751864,0.000970505701310549,0.00180817353317943,-0.00114579467166113,-0.00187007878692903,-0.00186639694008335,-0.00219477227768601,-0.000751459796370564,-6.25183040523011e-05,0.000666402980010239,0.00083024884180686,-0.000507587490754218,-0.000476747775846504,-0.000459893382132738,-0.00041356930643296,0.0014132526743699,0.00300284072792584,0.0039486251157273,0.00475037595759672,0.00113011876424461,0.000636939888175963,0.000379761813354312,0.000330695722101557,0.00133787301433092,0.00171087930515734,0.00200254002725445,0.00214029213990692,0.00443794981336212,0.00257095781211814,0.000198785321930152,-0.000220377900896054
"b_tt",-0.011812482983445,-0.0533400058885467,0.0526916870221773,1.33971383669273,-0.521140612941976,-0.0197581384321628,-0.0736527242627671,-0.0209861284710949,-0.0376017653812054,0.0185172209827321,-0.0330399457194611,0.0134434937446027,-0.0381881100779192,-0.0600282400911625,0.00239127601201443,0.0149652971958279,-0.0352977464909949,1.44735990261947e-05,-0.0202815701586862,0.00149663985759408,0.0194748471252642,0.00820141527556422,-0.00620982200269861,0.00506608288442135,0.00177699994134084,0.00185174744327429,-0.0224445105813391,0.000884199621014778,-0.000689731768625538,-0.00617732721088801,0.00418721944396889,-0.00092807323555268,-0.00193044688679141,-0.000416719194039662,0.0038277737051079,-0.003879688066285,0.00692415980466216,-0.003478970729347,-0.00297124497560811,-0.00195771835907486,-0.00161657670510944,0.0070542744246918,0.00521936343654008,-0.0039490245839764,-0.00824425659758546,-0.0195058894097873,-0.000767979972301054,-0.00588805694172343,-0.00477504269638294,0.00224558353070638,-0.000908243380934333,-0.000982246749378145,-0.00137698578324343,-0.00101909106048625,0.000711580143996691,0.00562701959160076,0.00630657390109273,0.00621800715245887,0.0128710661144416,-0.023187814893653,-0.0252305008728219,-0.0394066520111642,-0.000492016295019708,0.000411557775707118,0.000735705749659303,0.00127496702744451,-0.000876570821525717,-0.000722933368854548,-0.000566504067223709,-0.00033870257151301,0.00913537970124288,0.00618075579457741,0.00451387183982786,0.000400977469210362,-0.00512550337970964,0.00105669101260279,0.00139148840250299,0.00357626935242726,-0.00146704756778978,-0.00175124680149683,-0.00187484672881742,-0.002718973444643,-0.00159162894476339,-0.00243378159482647,-0.00336796788402998,-0.00422155576449453,-0.000275485732944729,-0.000177784914257289,-8.86913380491702e-05,1.65684335093984e-05,-0.000520858987754894,0.00386435582353959,0.00634895078059867,0.00779217013288092,-0.00092147218925585,-0.00307313852397236,-0.00503924952442247,-0.0062787152717092,-0.00338247900386212,-0.000287023047443714,0.00289553049621267,0.00809310770989558,0.00340168329005814,0.00244369464634781,0.00136942973641801,0.00112680399565326
"b_dt",0.0598310373954116,0.000539497720819471,0.0294010682162989,-0.521140612941976,2.41713147280024,-0.0211687331897707,0.006423888038358,0.0905469607499812,-0.0183109252601699,-0.0238876250545923,-0.0305111445033158,-0.010639860030984,-0.0106996630498437,-0.0621192220188441,-0.0608650163388088,-0.0380649332189215,0.0244843650744977,0.0188719138545095,-0.0493309162930631,0.0557715750153996,-0.0257001865303741,0.0078492952061748,0.0106559771524271,0.00443934546902787,-0.000959605567043845,-0.00874414565194728,0.000203927983964788,-0.00148452206609719,-0.00143377622687045,0.000279052852878991,-0.0053229367671859,0.00111050305909779,0.00360628191157642,0.00021834507210657,-0.00649423900345762,0.00282875246800335,-0.0086229787502889,-0.000838874031894927,-0.00123351826978703,0.00835349349953514,0.00895388840226159,0.0117389738469201,-0.00587121333936537,0.00674744604892989,0.0108442718514763,0.0237552298146816,0.0011927837029963,0.00679776570324946,0.00615268405791745,0.0049269554638246,0.000473047988601955,0.00089642811556221,0.0010894553649144,-0.000287680163171528,-0.00254512286807099,-0.00919129789912101,-0.010069051184878,-0.0127940338060098,-0.012546998671462,0.00392903021585858,0.00315390107794503,0.000216021849918318,4.6376647671383e-05,-0.000831571320734623,-0.00105617099905947,-0.0013453352647009,0.0021556508178759,0.00102389802490309,0.000753236636637571,0.000860683959011338,0.000296778182638915,6.97993733784202e-05,-5.9892438722723e-05,0.000535882799149404,0.00735138130380028,-0.00120766716040697,-0.00214214490496659,-0.0060761119420988,-0.00108980112582167,0.000271450139179746,0.00193278980532965,0.00315175600004677,0.000262984365867392,0.00305644392665827,0.00598949125574346,0.00760510150991043,-3.28196180196674e-05,-3.64729961873666e-05,-4.13343577975606e-07,5.88394499719971e-06,0.000243446129200331,-0.00466441486737971,-0.00680790222996599,-0.00779885645356752,0.000852267138649567,0.00357271773166085,0.00654494608172421,0.0085349705092904,0.00485569518473602,0.00255983380587615,2.28508382528263e-05,-0.00514317698213357,0.000294126484511985,0.000647463332215768,0.000772781688303664,-1.51603066453284e-06
"b_CongCD",-0.00317797266588297,-0.000854838866413773,0.0253033917132742,-0.0197581384321628,-0.0211687331897707,0.0917124606069208,0.0519220754525722,0.00164770494877462,0.00264618996486989,0.0162018051396933,0.00650216282495251,-0.000208897585229479,0.00287781657528639,-0.00792034223797358,-0.0176311169568038,0.00299106211949387,-0.012083508210247,0.0128963500057612,-0.00155866125977607,0.00426832917722361,0.00735804330302512,0.00206328973675445,-0.00403398287398631,0.00100562761706469,-0.000779887893074649,0.00064956304998531,-0.00315148052839106,-0.000178226028822586,0.000957047145334179,-0.000882750434550522,0.00166954671310896,-8.56081029691318e-05,-0.00062957402128956,-0.00017986686131002,0.00124112534417093,-0.00100056889471717,-0.000620847883489502,-0.00071933778450311,0.000261917313563231,0.00148290766626272,0.00150342257633424,0.00182366457873135,0.00496328947157053,-0.00145810607955791,-0.00335381291530508,-0.00820231671616879,0.00112465133919564,0.000519134705087203,0.000527039111089486,-0.000279011535835158,0.000827791160787506,0.000299329663974165,-9.64877693761362e-05,-0.00119778179781665,0.000566863818121349,0.00124534642529126,0.00159449970670878,0.00183992134311775,0.00278641518009116,-0.00273030890455593,-0.00284076855716449,-0.00447405930589094,0.000319572303103533,0.0001359025521001,0.000102056091436926,3.47835244129237e-06,-0.00141084766303885,-0.000928079573224226,-0.000507286766222953,0.000104149323872049,0.0011937374720248,0.000791975402941528,0.000457494070719291,-0.000219780526589373,-0.000777050814952988,0.00123326400369511,0.001414892875185,0.00291609368998977,9.82200188600155e-05,0.000142009954141434,0.000151173678732589,-2.71040669150163e-05,4.54112763648069e-05,-0.000238681234346501,-0.000712474040861471,-0.00108799946027359,-5.28560643034182e-05,-2.09446024071908e-05,-8.14425344306714e-06,1.76283900023506e-05,-0.000233454228266475,0.00106175396266321,0.00191871119906576,0.00254538666810992,-0.000455132516912205,-0.000922076117653819,-0.00130070487677825,-0.00159369717808803,0.000762851077753006,0.000839101020160906,0.000911635162584341,0.00098651189267883,0.000776203575630627,0.00071238510212867,0.000834511277097779,0.000864895919952302
"b_CongEF",0.00195843210649822,0.00590507279009494,0.0685128394933394,-0.0736527242627671,0.006423888038358,0.0519220754525722,0.107664880331328,0.000942434306207059,-0.000909460912242507,0.0219866843857781,0.00420918540337955,-0.00176373112951075,0.00800851394524822,0.00187049772045368,-0.0193314861232457,-0.00139640355186349,-0.00778494037527039,0.0083597222582989,-0.00588173798322478,0.0105938489986947,0.0026167299290385,0.00435163247636016,-0.00472632717651476,0.00165985412478073,-0.000136565816844446,-0.000772834527828282,-0.00213366804420492,-0.000480096752761313,0.00201928586190903,-0.000183528378082912,0.00269649001698912,-0.000464242453580581,-0.000738285345847991,-0.000551037205951439,0.000984828471059349,-0.00077108265999485,-0.000764069127849019,-0.000509801361783664,0.00180858380324851,0.00439057076396057,0.00477013729211782,0.00681952943420996,0.00745160377495559,-0.000610870072717091,-0.00254117870023261,-0.007251740520625,0.00374803734507545,0.002343710504611,0.00229141672663399,0.0022003608690242,0.00147023067162555,0.00125165598593102,0.000942791496527631,0.000125632649868506,0.00288561904938656,0.00119854227923746,0.00122350582701011,0.000815511054420067,0.0047333946252067,0.000705494593410714,0.00070803674319012,-0.000650165278380395,0.000999243074112213,0.000567695290494884,0.000465194372186717,0.000230209612468343,-0.0024238269481039,-0.00152926287961592,-0.000803413397331525,0.000487711155220927,0.000441900007458972,0.000145616829104797,-0.00011711726145715,-0.000298570268079667,-0.000542879049119429,0.00265285779270306,0.00312809644154956,0.00577785759381036,0.000970325906238112,0.000520251250245271,0.000169472985025187,-0.000677050548627857,0.000828554296695689,0.000401874787886347,-0.000187684069988545,-0.000846259168424748,-0.000392422719823615,-0.000269617116281535,-0.000158114939074818,-7.0100140214337e-05,0.000721259785370063,0.00180783406633676,0.00235934891195819,0.00273450431504641,0.000546042709481406,0.000240250683977892,-0.000161909904162375,-0.000452333737576765,0.0019154540253205,0.00175486715409737,0.00152885114390615,0.000879021972416086,0.00164602617658468,0.0015115153352911,0.00118080474702991,0.00102564667018881
"b_Sem",0.00787884026983367,0.00226920743133774,-0.00171700348459666,-0.0209861284710949,0.0905469607499812,0.00164770494877462,0.000942434306207059,0.0273333954305923,-0.00534399757397977,0.000167747560503856,-0.00278054502035037,-0.00282520765114037,-0.00192195990278399,-0.00659801381032567,-0.00166682694235627,0.00357909880770266,-0.00417562323369685,-0.000855135004188766,-0.000243043685751964,-0.000484710791799483,0.00353624723208535,0.000239407740325617,-0.00175147649837032,-0.000380300160190594,9.3841056420054e-05,2.83721837977077e-06,-0.00049237533530674,-5.26526476888763e-05,0.000189920385724062,-0.000392980057847963,0.000760541453807573,0.000294992218589139,-0.000222631256803372,-1.94895264328438e-05,0.000425917838121618,-7.2565697561335e-06,7.94772746298935e-05,-0.000312468688883625,0.000148763313086128,0.000283053995568128,0.000284152941026858,0.00041747635576359,0.00188575675119955,-0.000905678025818587,-0.00147024137398447,-0.00316202869667416,0.0005091613982322,-0.000316638953770315,-0.00037864011843117,-0.000769811194331108,-5.10618492347167e-05,7.60479617648824e-05,9.31216594150207e-05,0.000131947992545745,-0.000225612531321874,-0.000395338432196917,-0.000425235416542492,-0.00052316062711402,-9.11065211654593e-05,-0.00122029131521419,-0.00119026252568347,-0.00182853673845253,-1.84681755737836e-05,-9.02064141176035e-05,-0.000108035751492455,-0.000118481622587363,-0.000238427090758217,-0.00013197559096837,-3.13846310935482e-05,0.000138190434594654,0.000630738720392248,0.000432159755989027,0.000314757124638057,8.25976760158401e-05,-0.0005970617637921,0.000384421055068285,0.000522605899842314,0.00128568323758646,-0.000176985124824023,8.93182653383e-05,0.000262086192761349,0.000394993355092239,-0.000251146926864282,-0.000440160586642483,-0.000564636970491618,-0.000635531363765112,4.75847493646326e-05,5.37833017851212e-05,5.14200258852078e-05,4.80616687956088e-05,-0.000181320327660373,0.000119310877080768,0.000336848461879521,0.000480284648247558,-0.000172121653936219,-0.000180891572912381,-0.000231366704129513,-0.000314093898248346,0.000209097532296649,0.000309124820435737,0.000358040091383094,0.000492203577252369,0.000408374540551586,0.000378382118341546,0.000245011067515417,0.000170944126241377
"b_ACC_1",-0.00357279145221499,0.00248589935553503,-0.00511483592237539,-0.0376017653812054,-0.0183109252601699,0.00264618996486989,-0.000909460912242507,-0.00534399757397977,0.10618737308443,0.0436377800539248,-0.0030773619978982,-0.0026106654167343,-0.00222074193277469,0.00430820462144351,0.00684863487374466,-0.0101193293259957,0.0165674582889117,-0.00770752020244543,0.00352746323263154,-0.00577730036262467,-0.000917358269064767,0.000198033748450318,0.00213447550768025,0.000352532020687407,-0.000362007176010595,0.000544094467051622,0.00608094767296469,0.000399971265593479,-0.000336749834031086,0.000448338202535337,-0.00193196030692582,-0.00119834954660258,9.43767850877928e-05,0.00011513028393697,-0.000534364601295337,0.000459589371994705,0.000750744111863736,0.00101444057900216,-0.00147332692592371,0.000115440556334146,0.000399901177083455,0.00124303895865316,-0.00238159876309493,0.00187571029465694,0.00305050254430318,0.00541479304737614,-0.00166265697056884,0.000448428863010535,0.000627868616570272,0.0018890716155238,6.35977347381512e-07,-0.000224462398309881,-0.000240601277986096,-0.000261859729184465,0.00100620463635749,0.000929489979169717,0.000810290912369331,0.000884876840265548,-0.000539670544194713,0.00780091075027458,0.00823040363739394,0.0115071937453689,-4.38987068788707e-05,0.000303698130511497,0.00039915259388851,0.000472953343938383,0.000409728873346925,0.000207053479464758,-8.73581240353001e-06,-0.000393471759843104,-0.000778051387134282,-0.000510172465550861,-0.000362692435067089,-0.000142186771320862,0.00187916622190058,-0.000479826005360661,-0.000740386819493858,-0.00210381685763759,9.92846952528584e-05,-0.00119483133525996,-0.00192019452131766,-0.00239845049612989,7.71635958611891e-05,8.8115958148732e-05,0.000277049578674911,0.00037221629717297,-3.88255158528892e-05,-7.04756704081827e-05,-9.5442666312284e-05,-9.77846936776278e-05,0.000299703382109011,0.0001153159510401,-0.000273090647542928,-0.000631932152762503,0.000435155788921757,0.000741518666308889,0.00103687701829788,0.00128590062455163,-0.00147077841857728,-0.00154580602078924,-0.00154018678992873,-0.00155098512245991,-0.00146807875692594,-0.00142040841117373,-0.00143303495784739,-0.00133441316402044
"b_ACC_2",0.00194207121211174,0.00970573671816057,0.0321073493055308,0.0185172209827321,-0.0238876250545923,0.0162018051396933,0.0219866843857781,0.000167747560503856,0.0436377800539248,1.29576723666138,-0.00341816735165955,0.00918297928175283,-0.00477157191536915,-0.0158344530565516,-0.0022447039078209,-0.00886606022715717,-0.00578948952798275,0.0122235971867356,-0.00768347990579235,0.00229647077672395,0.00437584700737918,0.00162474438848751,-0.000871351615175458,0.00279343891087271,5.37167272037756e-05,3.61927717750181e-05,-0.00184105345118641,0.000237380770397764,-0.000220029007491726,-0.000810536215331796,0.000364563857904374,-0.00108423004886557,-0.000363294307278103,-7.85436255769827e-05,0.00151513158774752,-0.0011208061562075,0.000849592589326993,-0.000406902077663141,-5.78787383274217e-05,-9.62534861965466e-05,-0.000103080006276311,0.00054394033568851,0.00211827179992283,0.000252672233972424,-0.000563141215666785,-0.00277187798259599,-0.000521286452794753,0.000818891818720405,0.00132054379034513,0.00246111863711451,0.000234851107593893,-2.11094334888481e-05,-0.00025234415630529,-0.000630483224173302,0.000996221024562494,0.000902863059721908,0.000865779582777413,0.000630305691945045,0.00232992267783283,-0.00118845038184632,-0.00174424258960706,-0.00376201502684919,3.43370353973103e-05,0.000172938161856688,0.000239860295311434,0.000330772126852194,0.00016375490471671,9.76427275452046e-05,6.24153667818437e-05,-0.000113623029073435,0.00121407725327124,0.000846072467518107,0.000611440076180999,4.56871698145483e-05,0.000482066419211422,0.000641528479292245,0.000549983176772419,0.000424731448910055,0.000538550362789837,-0.000573575772189765,-0.00106219386637325,-0.00147694280166492,0.000365255732952264,0.000232686778297122,0.000231904306577948,7.23297367145505e-05,-9.57274596961684e-05,-7.19728349417718e-05,-7.77164863844019e-05,-6.43262799502973e-05,-0.000100413479774568,0.001598356376789,0.00265749242929547,0.00332349222033642,-0.000164767089392765,-0.000770500083496184,-0.00118130529385807,-0.00139780464261929,-0.000328882157830159,5.89294549038765e-05,0.000415380584553492,0.00108747899673486,0.000488052655295249,0.00031902359732615,0.000344226606848746,0.000434735923274485
"b_SI_CAMFD",-0.00343803391520321,0.00242532966326145,-0.00109073529182228,-0.0330399457194611,-0.0305111445033158,0.00650216282495251,0.00420918540337955,-0.00278054502035037,-0.0030773619978982,-0.00341816735165955,0.085451665898612,-0.00497049054193914,0.00861573648871267,0.00972516881639004,-0.00167221938314059,-0.000826820992113174,-0.00173914507608085,0.00118947916181614,-0.00473338474741289,0.00296521095542095,-0.00276467090765042,0.00138297034026869,0.000347782305971542,0.00111433682515917,0.000694724821472033,-0.000573714274432415,-0.000261026662247364,-9.44331612095459e-05,-0.000145706911519668,3.36778755102374e-06,-0.000108696322145653,5.63602145444739e-05,0.000396351085615919,-3.94397990940063e-05,-0.000295741778063108,-0.000115096483159835,-0.000419822189155872,0.000639207028174196,0.000404996402961035,0.000552206823438791,0.000536206516232107,0.00133850120300566,-0.000113515549688533,-0.000517061201684955,-0.000718742767816114,-0.000735075495827163,0.000643890110031899,0.000236422615165876,0.000292636873129595,0.000774591916312218,-0.000100019900845412,0.000247019074581772,0.000322309685129094,0.000514534926303297,-0.000568541087601093,-0.00061213461496455,-0.000562446569376587,-0.000752799028154557,-0.00145787619420295,0.000109407430364371,7.92227897797853e-05,-0.000318309717869547,-1.17360507216085e-05,-0.000155467392913085,-0.000166927789828823,-0.000149606526597112,0.000359845893985116,0.000335786750318268,0.000296257987460829,0.000201571946731422,0.000182323566177884,9.35737753929155e-05,9.89098152594907e-05,0.000199431770616421,0.000235259049533111,-0.000434205564913977,-0.000598587988506183,-0.00113530290076848,-5.25607095321327e-05,9.56032049764441e-05,0.000202287941793636,0.000159121343170234,5.01238167861636e-05,0.000397631708035113,0.00065021289847551,0.000783130869593397,-2.05940021790893e-06,1.18603273659454e-06,2.04071273856785e-05,3.80756094382813e-05,3.64692202378841e-05,-0.000259396690535517,-0.000352565122931323,-0.000375871729799142,-7.57537246366758e-05,-9.91893715713892e-05,-0.000107880986445337,-9.34641522742421e-05,0.000299441327849384,0.000174384088815406,-2.76053885927282e-05,-0.000218382684520881,-0.000388217965454298,-6.48324647661434e-05,0.000403892057497394,0.000488727603045799
"b_SI_PANEL",-0.000520168702983708,-0.000787083799318483,0.00599517583159348,0.0134434937446027,-0.010639860030984,-0.000208897585229479,-0.00176373112951075,-0.00282520765114037,-0.0026106654167343,0.00918297928175283,-0.00497049054193914,0.0477301020745183,0.000422572682011793,-0.00521148738052237,0.00123178545763315,-0.00141435931142778,-0.00236574944398482,0.00243494030308762,-0.000564378435467314,0.00192771970683406,-0.00205110926846897,-0.000147056586152757,0.00104579962478015,0.000127448280605342,0.000135027775616925,3.75116817378759e-05,-0.00111408969477072,9.57205327686514e-05,-0.000463791426858653,0.000487238784260429,-0.000101341243080565,-0.00025535723040087,0.000259510102774774,0.000183736525497714,0.0001660007407579,-0.000113425451644912,0.000119701040307646,-0.000304018573990441,-0.0003212804104542,-0.000649329563851311,-0.000683139160398165,-0.000826891652659942,-0.00141021175728326,8.93430434920441e-05,0.000465036142601086,0.00146588567968229,-0.000532564938166493,-0.000470522589129414,-0.000475379709096033,-0.000448971561214695,-0.000218595092910624,-0.000215541449335316,-0.000191471988492458,-8.95453282623879e-05,-0.000563360824981145,-0.000234698072901315,-0.000155701235571015,-6.64971123267612e-05,-0.000348488536237023,-0.00164418423668225,-0.00173876593746176,-0.00231827210766286,-0.000239877988616784,-0.000132217593468559,-0.000114761584990159,-6.13857885653341e-05,0.000842650302564912,0.000585440447394866,0.000383512037854836,8.17567821660261e-05,-0.000437511239067732,-0.000265714340756092,-0.000161676183472179,0.000179462676211125,-0.000321106529707472,-0.000376766198699456,-0.000332003374213243,-0.000562768145838359,-0.000170625106148027,-0.000559733914850092,-0.000637498423866398,-0.000611287530389679,-0.000109943169175465,6.57771229870746e-06,0.000213533350188866,0.000417670045811132,0.000118640993828402,8.19877350887875e-05,3.01016285069926e-05,-5.95527274540397e-06,-0.00027738645493103,-0.000156197488367893,2.01330386665048e-05,0.000108971043966377,-0.000255200325318218,-0.000372931872617727,-0.000413968429905199,-0.000411540266741203,-3.446124677289e-05,5.52117531337557e-05,0.000116836036861088,0.000277071610502827,0.000220794545016178,0.000130699718456431,7.9766463847021e-05,6.01080116925387e-05
"b_SI_ZER",0.00085060394728299,0.00251946391835432,0.00415931769330397,-0.0381881100779192,-0.0106996630498437,0.00287781657528639,0.00800851394524822,-0.00192195990278399,-0.00222074193277469,-0.00477157191536915,0.00861573648871267,0.000422572682011793,0.0715231418048903,-0.00316019779558217,-0.00257273040303991,-0.000813101442541235,0.000759974178808094,-0.000403055676644665,-0.00260704346249764,0.00565350262199329,-0.0027400557433745,0.00105565619384273,0.00089579851032805,0.000864145854888177,4.58919869651296e-05,-0.000868212396768269,-0.00239998516953261,-0.000234322677243389,0.000881059188983277,0.000158766722568423,0.000508042562136396,-5.98935240457306e-05,0.000247731886358352,-0.000166544151660093,-0.000196588857289924,0.00038914776290815,-0.000224025182262956,-0.000518540645845149,-0.000318805367910387,0.000152878451804129,0.000239517322592876,0.000911262838825103,-0.000888828249471419,-0.000371069698268845,-0.000342747996073952,0.000750289866942928,-0.000173695076085814,3.02928129685267e-05,0.000105272875637977,0.000649083112023941,9.28374762208065e-05,-3.58701565551773e-05,-0.000117426342709598,-0.000242940791535742,0.000145151167301779,-0.000285077645484716,-0.000301930096747471,-0.000607254039643682,0.000422319111853367,-0.00178867277239128,-0.00215383724399388,-0.00351828304674471,0.000203997297066218,2.10531380162305e-05,-8.51601849296493e-06,-5.87809688043964e-05,-0.000983629184374061,-0.000642538731668971,-0.000386331904194684,0.000250513504927676,-0.000126274304036307,-9.73625574483085e-05,-7.91436224262336e-05,-6.93372551338578e-06,-0.000574071655058695,-0.00031548311855689,-0.000275740890990788,3.14456736819834e-05,-0.000448522562634519,-0.000324596310623049,-0.000224226051376221,-0.000233503580220018,-0.000290142245589443,-3.60751207043321e-05,0.000221851432740092,0.000387452389174826,-3.13091928282953e-05,5.26229228748149e-06,4.96776293261987e-05,8.12756846700138e-05,-8.97798766440696e-05,-0.000233195603104426,-0.000272662202869182,-0.000257345088536461,2.45711733385716e-05,0.000309005054649832,0.000573600065205603,0.000715164946833351,0.000165242320168868,0.000188931822914404,0.000121353534328333,-0.000133819907433204,0.000389509763369213,0.000245761862909572,-7.25665751570538e-05,-0.000203437782003736
"b_Si_MTRP",0.00542489873437255,0.0144794348148791,-0.00799705492517924,-0.0600282400911625,-0.0621192220188441,-0.00792034223797358,0.00187049772045368,-0.00659801381032567,0.00430820462144351,-0.0158344530565516,0.00972516881639004,-0.00521148738052237,-0.00316019779558217,0.133540498341543,0.00818576545079255,0.00849661908861191,-0.00148427731585126,-0.00656603277157758,0.00411175405184851,0.000215760195518901,-0.00424711040236296,-0.000955352723697856,0.000274527681227904,-0.00193408812924763,-0.000255171550071144,-1.31257193880077e-05,0.00182295590177321,-0.000160603285524509,0.00107993822730413,-0.000132927522000676,0.000326343269925108,0.00116990839735595,1.16237656185911e-05,-4.07121173832042e-05,-0.000588222364677623,9.96374231597893e-06,0.000261282450894072,0.000524757211591939,0.000507300345675621,-0.000506001147709589,-0.000361914890722402,-0.000318803788280759,-0.00100912294637463,-0.000992838227002795,-0.000640158715192667,0.0010291280390305,0.000897257896885084,-0.00128094759408892,-0.00153951092535389,-0.00204874840705161,0.000146956952167342,3.30354135265875e-05,-1.25176670071305e-05,4.8191348127787e-05,0.000642513102129328,-0.000216621723637517,-0.000278338773979057,-0.000328937066292935,0.000403800093434758,0.00181805742283754,0.00201166807815801,0.00303173834963415,0.000204527322906542,5.33070485077669e-05,-2.36129421954269e-06,-9.37313999005555e-05,-0.0013847885346097,-0.000977440099033806,-0.000602213781788382,0.000122472732153342,8.61717030573222e-05,7.97803730910127e-05,6.02538732333623e-05,-0.000206034526510008,-0.000919576895319949,-0.000564496896067909,-0.000383850506726626,0.000346873175551183,0.00049816515397668,0.00164092283595223,0.00199401469650118,0.00234596171445718,0.000408813505000276,0.000254205789520376,-8.07259490032038e-06,-7.16338811761728e-05,-5.67703092995851e-05,-6.28541011793026e-05,-4.87160939024291e-05,-3.83551155120506e-05,0.000334113268963326,-0.000485118670791409,-0.000971388142426409,-0.00128019241556482,0.000166775913259186,0.000155747363827815,3.29410637695932e-05,-8.01360471279498e-05,-0.000241434346670577,-0.000208836449643235,-0.000133149390948199,-5.86539826229465e-05,-0.000396051052873743,-0.000194995076799822,1.07739250022311e-05,1.62393484232337e-05
"lambda1",-0.000289597683370972,0.000458853873388868,-0.0398895762775515,0.00239127601201443,-0.0608650163388088,-0.0176311169568038,-0.0193314861232457,-0.00166682694235627,0.00684863487374466,-0.0022447039078209,-0.00167221938314059,0.00123178545763315,-0.00257273040303991,0.00818576545079255,0.128097704041389,0.00342310528315205,0.00541885983120102,-0.0264788626748962,0.0186237142885262,-0.0529697460057987,-0.0488996494821186,-0.0210644290968723,0.0158148026538332,-0.00848908641721454,-0.00164689745652124,0.00175467858572396,0.012753594550609,-0.000149007591048828,0.000306727098974136,0.00642083064136879,-0.00982764341571719,0.000564154433364213,0.001310937114793,0.000839449110854178,-0.00196998423115271,0.00186483976247661,0.00361488143424461,0.00420158524440609,-0.00202577339001555,-0.0171201591151171,-0.0182032938146214,-0.0256859306903823,-0.022127531750936,0.00355953770508746,0.0109484881153324,0.0299694455568239,-0.010832425616677,-0.00638468839976781,-0.00612540171924441,-0.00276270677856563,-0.00218948858911723,-0.00339499324630414,-0.0031104363172142,-0.000847020476515027,-0.000866042856264116,-0.00230817884068085,-0.00359684475870401,-0.00317322636389661,-0.00533436434089192,0.00719441865412422,0.00740998477228307,0.0160802246120793,-5.88520681160479e-05,-0.000391879205312671,-0.000637679949380962,-0.00081862812034222,0.00149423363002877,0.00132548201204467,0.000605193012914284,-0.000247488039536631,-0.00864812400839455,-0.00580568855951481,-0.004082861976639,-0.000210387494781792,0.00433970130840854,-0.00755511735363275,-0.00930245421609999,-0.0201347928984799,0.000735191487665519,0.00119760223557886,0.00102107708462783,0.00283332996553121,0.000672698529278031,0.00122958753181995,0.00202731149134332,0.0034395481889499,0.000539341423389299,0.000290047258686639,9.20189949448271e-05,-3.28983001683914e-05,-0.000538619761616966,-0.00346357758367536,-0.00551357111933261,-0.00698031233360851,-0.000273150228878429,-0.000119236160222945,0.000143414913062735,0.000668567452830679,-0.00799247895320209,-0.00776733370009288,-0.00688523642065027,-0.00405806372184142,-0.00780337675483863,-0.00663614691227274,-0.00415684249938855,-0.00321530175203745
"lambda2",-0.000206174744252178,-0.000610689816967076,-0.0235851077833514,0.0149652971958279,-0.0380649332189215,0.00299106211949387,-0.00139640355186349,0.00357909880770266,-0.0101193293259957,-0.00886606022715717,-0.000826820992113174,-0.00141435931142778,-0.000813101442541235,0.00849661908861191,0.00342310528315205,0.0423498233083229,-0.0309865385964341,-0.00623682350957611,0.00542120108373173,-0.00523700479849116,0.00790047147717377,-0.00228606099250049,-0.00977409790321737,-0.0043473550608078,0.000462884839090412,0.00211713113205734,-0.000524583132456087,-0.000180298996617879,0.00105411492170979,-0.00104982547138427,0.00473866903236468,0.0021257850367291,-0.00249580594978576,-0.000209304823081334,0.000721173483923897,-0.000877388260169177,-0.000227911669261647,0.000960136625416425,0.00284804600547949,-0.000378643208168929,-0.000904099966418468,-0.00225026347613288,0.00861530348456157,-0.00569114335985793,-0.00903011876622175,-0.0181952572888243,0.00403391791257053,-0.00282753986203369,-0.00338817326146239,-0.00649673147073369,0.000176645570328813,0.000592795001071046,0.000602939349565685,0.00107766424916403,0.000540820257479578,0.00201460726848951,0.00236595930767125,0.00281707430939435,0.00318537876195389,-0.00128948027755686,-0.000634584796275632,-0.00115888344343738,0.000365783020000507,0.000123808410701085,3.19882714432714e-05,-0.000105456378694741,-0.00144975702144457,-0.00082269009805281,-0.000248489900515991,0.000564601667693416,0.00162913975430969,0.00116123287943565,0.000894740528816449,0.00024561190726494,-0.00510115124286865,0.00184865749256106,0.00286678307322647,0.00735535058258856,0.00118696143158473,0.00286634607082708,0.0034435755195171,0.00344337770862633,0.000265691268043884,-0.00187924699934643,-0.00415669650833392,-0.00556851878788078,-4.38855381389287e-05,2.39280288205828e-05,8.67769094148202e-05,8.93742101355046e-05,3.84457086784317e-05,3.14234279919742e-05,0.000368537914648031,0.00059227877978891,-0.000325384047845373,-0.000882580820644364,-0.00169424447129873,-0.00247684400388861,0.00132024470517758,0.00165979502197816,0.00177930412545994,0.00218269852031621,7.30755481398307e-05,0.00106480945843393,0.00235378908628355,0.00246830304070717
"lambda3",-1.98354288306129e-05,0.00150232752884403,0.00566253276421476,-0.0352977464909949,0.0244843650744977,-0.012083508210247,-0.00778494037527039,-0.00417562323369685,0.0165674582889117,-0.00578948952798275,-0.00173914507608085,-0.00236574944398482,0.000759974178808094,-0.00148427731585126,0.00541885983120102,-0.0309865385964341,0.0642058689046994,-0.0225405280998157,0.0176441484933239,-0.0117191638079357,-0.00797330696275602,0.000288635098582586,0.0102132445715524,0.00204271565958052,-0.000637924581225522,-0.00125676470714983,0.0123290640856261,0.000416141816620485,-0.000516082980356108,0.00149067691314512,-0.00561309331639132,-0.00154926630559623,0.00104872071127962,0.000152863896610469,-0.00295110614348132,0.00271781513189265,0.000810561261905992,0.000140391485529023,-0.00281503173719134,0.00199958768083149,0.00235606337072434,0.00190147322195813,-0.0108474587760226,0.00625426602407573,0.0109136124370006,0.0228135828280106,-0.00387442256588081,0.00431982034712498,0.00446696952066863,0.00615383478132643,3.55060488119147e-05,-0.000152363664407792,0.000117673094076507,-6.277460467829e-05,0.00066183645803711,-0.00218283412062803,-0.00273639661375947,-0.00259806187762404,-0.00550366698723314,0.0136685603517914,0.0145640809189946,0.0229548746128521,-0.000238915849668077,0.000171351136542629,0.00026363803601039,0.000327138463930453,0.000495958514839958,0.000146900206000077,-0.000227313550411012,-0.000667992238809394,-0.00293986115293819,-0.00195987529100237,-0.00142188043675935,-0.000486229500456456,0.00525502590018377,-0.00216758684237284,-0.00305310326984129,-0.0070543606609176,-0.00100168894069499,-0.00213587337141459,-0.00284289838842422,-0.0032474293545124,-0.000546424191526985,0.000314628441262614,0.00148122048300047,0.00213523064936568,-6.64534980302848e-05,-5.14960746143665e-05,-2.59245024820304e-05,-1.61390175161663e-05,0.000621616674292788,-0.000994131459024819,-0.0030825606329897,-0.00460525180104614,0.00157303607487726,0.0034940039964715,0.00513756045893739,0.00629881741333391,-0.00275519760892925,-0.00336306000025527,-0.00353993194094079,-0.00426293551643075,-0.00175729414842401,-0.00267308840036569,-0.0042159568949248,-0.00437823413918017
