"","asc_Op1","asc_Op3","b_tt","b_dt","b_CongAB","b_CongCD","b_Sem_1","b_Sem_2","b_ACC_0","b_ACC_1","b_SI_CAMFD","b_SI_PANEL","b_SI_ZER","b_SI_MTRP","lambda4","lambda5","gamma_USOCINTURON","gamma_USODISPMOB","gamma_EXP_2","gamma_LV4","zeta_PrPer","zeta_AmbTr","zeta_ComVrb","zeta_ComAfec","zeta_ConCl","zeta_Ans","zeta_StrC","tau_PrPer_1","tau_PrPer_2","tau_PrPer_3","tau_PrPer_4","tau_AmbTr_1","tau_AmbTr_2","tau_AmbTr_3","tau_AmbTr_4","tau_ComVrb_1","tau_ComVrb_2","tau_ComVrb_3","tau_ComVrb_4","tau_ComAfec_1","tau_ComAfec_2","tau_ComAfec_3","tau_ComAfec_4","tau_ConCl_1","tau_ConCl_2","tau_ConCl_3","tau_ConCl_4","tau_Ans_1","tau_Ans_2","tau_Ans_3","tau_Ans_4","tau_StrC_1","tau_StrC_2","tau_StrC_3","tau_StrC_4"
"asc_Op1",1,0.518680130384399,0.236909121062218,0.157460485480545,0.0481699631802394,0.0295132323667545,0.0852122426121584,0.17347067622137,-0.097666881535536,-0.0884162283947171,0.0200373094888473,0.195929210666209,0.135263851799243,0.0631063160237648,0.00208675388945083,-0.0134397036705729,0.000542531302101246,-0.00311096875447378,0.00250510757243515,0.00126958664902721,-0.00166358569168491,0.00054021910088223,-0.000658709758095354,-0.00210743305531395,-0.00132574837611693,0.000621398295893795,0.00268507381587876,0.00141557787460243,-0.000168197491229736,-0.0012224575267323,-0.00139991954490829,-0.000178614227185153,2.67234860475695e-05,0.000286574893946911,0.000428050904065481,-0.000110764345941242,-8.21859184908852e-05,4.52196799808586e-05,0.000131173573835047,0.000260963959843837,-0.000781638845305839,-0.00127411486554921,-0.0016706835034073,2.88561245549977e-05,-0.000487930031356382,-0.000882966557535741,-0.000930962076231508,-0.000181089182748036,-4.23200012265115e-05,9.12872550677429e-05,0.000200096189323777,-0.00100539539456863,0.000165778008578532,0.00127775778694906,0.00119372654087935
"asc_Op3",0.518680130384399,1,-0.254811843363584,0.39814759458954,-0.478987833552921,-0.0909877555888336,0.0834294644954437,0.132783471624101,-0.0643982274459091,-0.0493289668910993,0.166244426886489,0.157951038779401,0.22792794595561,0.00821922753267552,0.00783352519328553,0.119887867283819,0.0870020981615369,0.0802823404774747,0.03860786264182,0.0242690841364708,-0.00649060798700151,-0.012427640060381,-0.000912480762953703,-0.0209297832967866,-0.0147559934005256,0.00334297610629221,-0.00400057646186653,0.0720769325604138,0.0983081283446647,0.0620187810525193,0.0337054651883892,0.091616612647943,0.0946568447156781,0.0846128224823241,0.0659385262707948,-0.0341353412262463,-0.0464879476576174,-0.0500367580129532,-0.0474025549572743,0.122707968394396,0.0900813521769301,0.0673767995008374,0.0492576630316042,0.114733727380816,0.0944047396465305,0.0756704680578105,0.0639029161855722,0.0673409242279867,0.0700191772293489,0.0679105060385998,0.0479401754059285,0.105286444843435,0.10910245372929,0.0867285136628241,0.0737501485315426
"b_tt",0.236909121062218,-0.254811843363584,1,-0.403626887425589,0.226573065522188,0.0294467057738276,0.0882740903611932,0.0158756996236793,-0.122839643393176,-0.169431608970653,-0.117179619895662,0.0802104413141517,-0.113090555869122,-0.0480303998930141,-0.0568057477877311,0.0262710649807052,0.000142499717352042,-0.00761449784751478,0.00239866598864923,-0.000429313410416913,-0.00310134162135738,0.00134240841896719,-0.00310073671098648,0.00864105465644115,-0.00327779222414409,0.00197928091406297,-0.00290224509872499,0.00202066709150815,-0.00124916065238253,-0.00342251317174181,-0.00445511217957375,-0.00123827064595745,-0.000945414455145578,-0.000819407478674051,-0.000836406870235215,0.000475560355169893,0.00104527213368217,0.00142566664322123,0.00155395534082813,-0.00370846972191364,0.00383301479239382,0.00475397659064468,0.00413501800786045,-0.00204320553142936,-0.004435225905549,-0.00536995038394541,-0.00493541233890325,-0.00134483879448805,-0.00116587637662057,-0.000931276020914761,-0.000436897338764989,-0.00044065718450692,-0.00137897826363168,-0.00288844347859927,-0.00311162906369634
"b_dt",0.157460485480545,0.39814759458954,-0.403626887425589,1,-0.0764004638693519,-0.0474397863879448,-0.150861169093705,-0.0326331069152324,-0.221521974908169,-0.178139800170567,-0.026540347982743,-0.0417706188100497,0.0353175364472332,-0.132029591268053,0.0236369236209235,0.000609322485411124,-0.000120383011575712,-0.00233300760080116,-0.000678055392197502,0.00105818510480778,0.000885921309569246,-0.000896737884820599,-0.000272231430173736,-0.0144423015074539,0.00624591973297821,-0.000901329477316967,0.00734475705780971,-0.00111399816111399,-0.000114173323013541,0.000766841599137212,0.00110466741302062,-5.05524813935776e-05,-0.000270114345276037,-0.000423792398478762,-0.000391235400593404,7.29754498589205e-06,-8.46706759296574e-05,5.96317702598496e-05,0.000221680612473651,0.00219768341181891,-0.00875019201182979,-0.0102768795175301,-0.0101562384844512,0.000492700286073233,0.00411062947714797,0.00574745515485781,0.00582565676938422,6.47502193196883e-05,5.61288881830653e-06,-7.76466275421822e-05,-0.000209284931769988,-0.00348353342412476,-0.000667386280287157,0.00325549620583617,0.00349065230971379
"b_CongAB",0.0481699631802394,-0.478987833552921,0.226573065522188,-0.0764004638693519,1,0.493415408403186,-0.0384155461405658,-0.0460077681895984,0.010408910017636,-0.00308004160388488,-0.0674215584419029,0.065935019694632,-0.129729274900166,0.0408146851411689,0.0186652381380784,0.0248053998309924,-0.00034269927094113,-0.00628943014045955,0.00186491569746782,0.00946140596274246,-0.00473898655241964,-0.00445220483103062,0.0115218561752627,0.00720824363197418,0.000543764696547056,0.000852878909832688,0.0160648228926964,0.00118628010996275,-0.00132993602628294,-0.00284316407438231,-0.00382376397440637,-0.000967688135244803,-0.00109820562322594,-0.00146332999895695,-0.00181980012821807,0.000773213959619068,-0.00069783760768375,-0.00240453369723912,-0.00331929951315665,-0.000991810698921056,0.000282578739560843,-0.000211309829931057,-0.000188373613603031,-0.000558214751697896,-0.00332604533248291,-0.00570204610729109,-0.00579949442015316,-0.00252731178806955,-0.00203183708227092,-0.00143579908208366,-0.000359026247214256,-0.00492070748480276,-0.000917153066657102,0.00324305147577833,0.00372668462291188
"b_CongCD",0.0295132323667545,-0.0909877555888336,0.0294467057738276,-0.0474397863879448,0.493415408403186,1,-0.043819057896434,-0.025331248982321,0.0635106512262191,0.0878238136180794,0.0382286743078155,-0.0176363060371835,-0.0995102274911191,0.05707032476631,0.0505430585122159,-0.0032110266744754,-0.00157381146886521,-0.00610764377477325,-0.00363561582755432,0.00195933677390965,-0.00161930679203389,-0.00191516709912268,0.00303016406936564,0.00665376914935528,-0.00306986313845384,0.000619213532770852,0.00394626317889796,-0.000952183721049677,-0.00237114104941548,-0.00227676695328275,-0.00232568609892245,-0.00186329780722357,-0.00212230275201452,-0.00235028771303745,-0.00232361160955048,0.00107351466522434,0.00107103995306026,0.000774865833955507,0.000441804795077993,-0.00451182233672525,-6.20905792570461e-05,0.000790670310905737,0.00198954190393286,-0.0040340591057299,-0.00495710609726478,-0.00551767650635665,-0.00568783642369965,-0.00228194590123038,-0.00213122812268468,-0.00188387119246761,-0.00109619832420943,-0.00411409812768785,-0.00369689223128054,-0.0014248252237047,-0.000626122968470629
"b_Sem_1",0.0852122426121584,0.0834294644954437,0.0882740903611932,-0.150861169093705,-0.0384155461405658,-0.043819057896434,1,0.577032144141268,-0.0960401460209097,-0.0604423932967267,-0.0268468118688922,0.0884594280614942,0.0325542789891483,0.110620760048975,0.0762977690295383,-0.112686095206435,-0.00281802970358115,0.00374129246499644,-0.000993461022423409,-0.00439821717085345,-0.000299583405946046,0.00424397515135755,0.00245412046813449,-0.00739363524770833,-0.00227207189041763,0.00164990031931248,-0.00187703122987269,0.000355517687021784,-0.0024100094197709,-0.00234799095010274,-0.000243955770926249,-0.00224649730301513,-0.00175828957533763,-0.000334297931493082,0.0010776226874296,4.6953085499737e-05,-4.6123118645408e-05,-0.000216171262193398,-0.000364917828370582,0.000840159043430552,-0.00256818124459334,-0.00399890323808892,-0.00415574917580126,0.000298619369904403,0.00129498292368259,0.0010036808978634,7.09732365571733e-05,-0.000958370648309628,-0.000849923235027435,-0.000652085271952398,-0.000233330220045297,-0.000588569435821727,-0.000116780544566244,0.00080107543235061,0.000817688790735679
"b_Sem_2",0.17347067622137,0.132783471624101,0.0158756996236793,-0.0326331069152324,-0.0460077681895984,-0.025331248982321,0.577032144141268,1,-0.0939903537395293,-0.0432482915491576,0.00469556745139103,0.0239296091179093,0.068136573940646,-0.0121161261517286,0.0442205264950059,-0.0817353645139855,-0.00106833923725649,0.000920498541133943,0.00358640233801117,-0.0046403500629509,0.00274104098194384,0.00434075244224636,-0.000123120241822688,-0.00336427880027135,-0.00667633887693499,0.000873713570543917,-0.00182118678922495,-0.00158327700988016,-0.00136658809904624,-8.12573445175763e-05,0.00200177122359357,-0.00157230304992822,-0.00124845614509637,-0.000291630552632725,0.000723348900336586,-7.56215555169306e-05,0.000127074015840617,0.000262020141700452,0.000237780536018102,-0.00067146888730102,-0.00042344398827973,-0.000580510342765434,-0.000700512176142799,-0.000955856352015298,-0.00175056428442926,-0.00254008956867431,-0.00319702814856222,-0.000122054908930884,-0.000227513177798551,-0.000304886330569946,-0.000334133271625873,-0.000449381645886763,-7.68233141408336e-05,0.000583178268638511,0.000532570482089969
"b_ACC_0",-0.097666881535536,-0.0643982274459091,-0.122839643393176,-0.221521974908169,0.010408910017636,0.0635106512262191,-0.0960401460209097,-0.0939903537395293,1,0.839451747342101,0.0674959568782316,0.0203570301116581,0.139444545449748,0.156765190485321,-0.0384809484388587,0.067857488061114,8.67492651111488e-05,0.00158250137125273,-0.000218361977556076,-0.00116407182615403,-0.00215860915514597,0.000310022071053558,0.000559995703176578,0.00570032485363856,0.000678414926396172,0.00106586998527864,0.000371314000876384,0.00159475969849397,0.000229845551691196,-0.0017815109684803,-0.00297317525255562,-6.93934003175305e-05,0.000212147767441801,-5.09804134255717e-05,-0.000334831660306865,0.000132783852298035,1.85598716160996e-05,-0.000114916867097225,-0.000174592628666228,-0.000440780876273057,0.00213625554261969,0.0027419542887518,0.00324206209298069,3.75866798493198e-05,-0.000852052261274806,-0.00130191461170764,-0.000995258661391961,-0.000397113575848838,-0.000323692956227157,-0.00024940078137317,-9.87926286946033e-05,0.000355317068299032,1.21386515542114e-05,-0.000698271062402516,-0.000676106835281077
"b_ACC_1",-0.0884162283947171,-0.0493289668910993,-0.169431608970653,-0.178139800170567,-0.00308004160388488,0.0878238136180794,-0.0604423932967267,-0.0432482915491576,0.839451747342101,1,0.0287644566106882,-0.0287279380424579,0.102088708234388,0.159579792405889,0.0410975111569651,-0.0102631750538304,-0.000749980940311393,-0.00181469720598178,-0.00281262532876393,0.00331444760648018,-0.0020897904749816,-0.00186594216553727,0.00398799758770643,-0.00244527416121582,0.00155580173236945,-0.000764200748083234,0.00625931577537526,8.2079305964e-05,-0.00119688613160894,-0.00129166184437126,-0.000949066402095336,-0.000992111412772845,-0.000908988511439358,-0.000566417479840358,-0.000202647378127893,0.00049580602792187,-1.13619106713084e-05,-0.000577127395851933,-0.000805801395881212,0.000257533148245249,-0.00298570633061959,-0.00414029271215767,-0.00388124247721835,-0.000528714132334315,6.86629129475293e-05,-0.000305227901303585,-0.000870658530621847,-0.000996936050858472,-0.000884851116935846,-0.000713478917827843,-0.00024158125390109,-0.00295624183718222,-0.00116651661391055,0.00159783056230735,0.00184008264975332
"b_SI_CAMFD",0.0200373094888473,0.166244426886489,-0.117179619895662,-0.026540347982743,-0.0674215584419029,0.0382286743078155,-0.0268468118688922,0.00469556745139103,0.0674959568782316,0.0287644566106882,1,-0.108214499436061,0.119202257816814,0.104201811514289,-0.0236103572796957,0.0197644871320453,0.00314973407763806,0.00209165898129335,0.00122385738291363,0.00029173701365148,-0.0013537081140415,0.000899052109516772,-0.00225909001242355,0.00386981688199677,0.00201562860892165,-0.000116067390438547,-0.00144978320684647,0.00321347021610119,0.00283850108897025,0.00101129538252749,4.76079157720909e-05,0.00238015632628428,0.00289432213085854,0.00301086680960125,0.00277596979449693,-0.000861792311194842,-0.000941305225079919,-0.000779438960876258,-0.000557399821718477,0.00361332141596415,0.00390562825166905,0.00366288084240024,0.00390582821644479,0.00419959607919649,0.00307990441473628,0.00237636046217914,0.00224062875347133,0.00227236616062358,0.00233577636072804,0.00224350987373606,0.00150828976380901,0.00377804290606114,0.00325010388740958,0.00118827623436348,0.000727789849678424
"b_SI_PANEL",0.195929210666209,0.157951038779401,0.0802104413141517,-0.0417706188100497,0.065935019694632,-0.0176363060371835,0.0884594280614942,0.0239296091179093,0.0203570301116581,-0.0287279380424579,-0.108214499436061,1,-0.0350588562340808,-0.0449816214393326,0.00442675878538703,-0.0511591030686016,0.00266494823448538,0.00127996890562391,0.00561418414452896,0.000769889206047545,-9.58439167444854e-05,0.000799775667956459,0.00490194479259755,0.00597956688210428,0.00135538885498499,0.00119661827753211,0.00013426511927898,0.0020915264910276,0.00176177860559497,0.00107833988159487,0.00148744865163601,0.00195758955796435,0.00198719190534394,0.00221258233695705,0.00228105470544184,-0.000753497239873955,-0.00181115487780954,-0.00273903512790541,-0.00302575447892285,0.0016686106166168,0.00484909351283931,0.00528396547313235,0.00477463947920777,0.00302220233939063,0.00202821739324361,0.00162930611840987,0.00166389549967715,0.00141624814265104,0.00161103519512583,0.00170964020239618,0.00141938281451529,0.00272363720078015,0.00260302962485051,0.00113192411101631,0.000776169789463109
"b_SI_ZER",0.135263851799243,0.22792794595561,-0.113090555869122,0.0353175364472332,-0.129729274900166,-0.0995102274911191,0.0325542789891483,0.068136573940646,0.139444545449748,0.102088708234388,0.119202257816814,-0.0350588562340808,1,-0.0872176547682512,-0.00538283652347406,0.0215629501431766,-0.00012169131965053,9.96589809061897e-06,0.00474445703896562,-0.00251089693247562,-0.000636345266748201,0.00214347046520163,-0.00713034362195495,-0.00101168125223126,-0.00600828893456265,0.00122652069929679,0.00210234267311685,0.00101148978594695,8.75856747856692e-05,-0.00132168141197613,-0.00178914207805187,-0.000328855271813623,-5.37216598001644e-05,-4.90911888913334e-05,-6.56525441782755e-05,-0.000179331302016607,0.00092293411572173,0.00219343959984406,0.00261939404079973,0.000208189916592936,0.000254752880552451,0.000386194886611457,0.00044202754551053,-0.0010687069839407,-0.00260779393787212,-0.00335693201396126,-0.00353099469999619,-7.95125410651459e-05,-9.4663554433832e-05,-6.81377374954722e-05,-6.54872862686981e-05,-0.000450640393756935,0.000527626594605959,0.00146196168912753,0.00150977462129827
"b_SI_MTRP",0.0631063160237648,0.00821922753267552,-0.0480303998930141,-0.132029591268053,0.0408146851411689,0.05707032476631,0.110620760048975,-0.0121161261517286,0.156765190485321,0.159579792405889,0.104201811514289,-0.0449816214393326,-0.0872176547682512,1,-0.0215054069698264,0.0692964030849357,-0.000571587665984506,0.00209866568458794,-0.00452693200261154,0.00186554429503988,-0.00352263219605052,-0.00175195908288403,0.00464775645935943,0.0022584276413427,0.000710726705965569,0.000173562364996607,0.000630903080890747,0.00201163856190732,0.000709401535179419,-0.00149889459893926,-0.00351218415781552,0.000210210210773971,0.000550831646010593,0.000201030484057737,-0.000342892934159515,-2.66014807400247e-06,-0.000693633593907634,-0.00145100958744007,-0.00170721213495054,0.000847207197693908,0.00133909486286317,0.000763167748325598,0.000728885797980392,0.00105567662834182,0.000456127013187346,-4.49359857581107e-05,-0.000238989807267372,-0.000528112884815202,-0.000360601751757592,-0.000212669742593809,4.18624654653394e-05,0.000279791069992953,0.000365356559348198,-7.59993337546769e-05,-7.66762151913257e-05
"lambda4",0.00208675388945083,0.00783352519328553,-0.0568057477877311,0.0236369236209235,0.0186652381380784,0.0505430585122159,0.0762977690295383,0.0442205264950059,-0.0384809484388587,0.0410975111569651,-0.0236103572796957,0.00442675878538703,-0.00538283652347406,-0.0215054069698264,1,-0.782884310674511,-0.0348401665994439,0.0238023557492305,-0.00781770624908641,-0.113092237478284,0.0528782049726576,0.0594394949500428,-0.0152345807842321,-0.0842247878871031,0.0195793159305396,0.00146391275098882,-0.0117312729870481,-0.0361178969274825,-0.0188616790010394,0.0067069819118979,0.0289401398052273,-0.0235806223558643,-0.0211523292314428,-0.0115904220503706,-0.00048066385222875,0.00216837418995354,0.00801905511315898,0.0149029555395073,0.0167976960802375,0.0030086073552096,-0.0310027116615646,-0.0422728988550994,-0.0446620773220968,0.00685411722960851,0.0393644186835368,0.0462162411568505,0.0380461553822387,0.00109479593900696,-0.00397642768122175,-0.00823462280115293,-0.0106633017600697,-0.0178696040382702,-0.0102790535543642,0.0101288723901338,0.0123503776761171
"lambda5",-0.0134397036705729,0.119887867283819,0.0262710649807052,0.000609322485411124,0.0248053998309924,-0.0032110266744754,-0.112686095206435,-0.0817353645139855,0.067857488061114,-0.0102631750538304,0.0197644871320453,-0.0511591030686016,0.0215629501431766,0.0692964030849357,-0.782884310674511,1,0.0181439717323039,-0.00263888568090928,-0.00530519082849471,0.0811883624631508,-0.0469867645721042,-0.0495249821375161,0.0225460841334525,0.0387699674447694,-0.0402384363451486,0.000984561822828,-0.00186250190523404,0.0290477736578909,0.0156051266966725,-0.0117426956702674,-0.0373474649323253,0.0166892345880302,0.0151654596049308,0.00410527210833357,-0.00821240276729899,-0.00308360667352051,-0.00840832372888482,-0.0141542742885345,-0.0157640038581274,0.00479953403980888,0.0216630580132173,0.0282235081665429,0.0293528945810616,-0.00287915914503273,-0.0308548989590847,-0.0384077505250447,-0.0336431763769162,-0.00443199641714426,-0.000538358783032032,0.00275637771690825,0.00525311513615434,0.0158064467182055,0.012457129947958,-0.000868891197814592,-0.00314039572146248
"gamma_USOCINTURON",0.000542531302101246,0.0870020981615369,0.000142499717352042,-0.000120383011575712,-0.00034269927094113,-0.00157381146886521,-0.00281802970358115,-0.00106833923725649,8.67492651111488e-05,-0.000749980940311393,0.00314973407763806,0.00266494823448538,-0.00012169131965053,-0.000571587665984506,-0.0348401665994439,0.0181439717323039,1,0.0677887959504341,0.11985285200852,0.175240260832825,-0.00153206087767157,-0.0501959507113354,-0.0054351435883273,-0.00390527085888404,0.052349024232614,0.0216886405400433,0.0711390516275305,0.598167662978365,0.847035007698941,0.575027605429231,0.337092254005281,0.783935616912158,0.816098646012642,0.748308306176308,0.595027223338778,-0.194091745947771,-0.269497340673464,-0.29511642050788,-0.282415548773574,0.702305885666943,0.546402978080482,0.415215788706635,0.305272791054243,0.678272965497626,0.571501153611559,0.470852411000993,0.412061459745629,0.596468638882041,0.614601001324909,0.591521645784568,0.412056651579635,0.604772248618185,0.628584909797644,0.497849169468256,0.424323351376779
"gamma_USODISPMOB",-0.00311096875447378,0.0802823404774747,-0.00761449784751478,-0.00233300760080116,-0.00628943014045955,-0.00610764377477325,0.00374129246499644,0.000920498541133943,0.00158250137125273,-0.00181469720598178,0.00209165898129335,0.00127996890562391,9.96589809061897e-06,0.00209866568458794,0.0238023557492305,-0.00263888568090928,0.0677887959504341,1,0.111221870658777,-0.0782715242102518,0.0234436818968067,-5.98908019584517e-06,0.0249026103705546,0.00949997517617862,-0.12092812674808,0.00699068896556745,-0.106140694727644,0.167625356965873,0.249471278112704,0.167428238241566,0.13966324394116,0.236558989046969,0.241730388996889,0.215965722288973,0.183904842347894,-0.11687143958471,-0.158783025289683,-0.172692616454609,-0.165415136939296,0.394399722385574,0.376930945876088,0.320635682730626,0.262640554288424,0.390454042276844,0.305297712465083,0.232912668366223,0.189600400918772,0.187412879828595,0.19103970474036,0.182889871622096,0.128881846766406,0.378682153570401,0.376537662994516,0.276554563765098,0.231992158667916
"gamma_EXP_2",0.00250510757243515,0.03860786264182,0.00239866598864923,-0.000678055392197502,0.00186491569746782,-0.00363561582755432,-0.000993461022423409,0.00358640233801117,-0.000218361977556076,-0.00281262532876393,0.00122385738291363,0.00561418414452896,0.00474445703896562,-0.00452693200261154,-0.00781770624908641,-0.00530519082849471,0.11985285200852,0.111221870658777,1,-0.170892427875287,0.139322745983725,0.153093944876605,-0.126801686239888,0.0511796677122741,0.0420078082149671,0.052417252768547,0.047478574328316,0.0660941628176278,0.19469214398267,0.143109402192902,0.13229164956443,0.151752544599452,0.166996561616527,0.147477243607424,0.120101945040627,-0.0688476701905212,-0.0812076796300576,-0.0719959451826941,-0.0587291023101255,0.228292667645676,0.21296694488052,0.172723157171409,0.134027724319658,0.237645270106393,0.207912003684361,0.170608607733486,0.147909784224533,0.147539248668567,0.142165179212761,0.127910648250059,0.0788169502344499,0.204967270693422,0.21272840393372,0.175680144090633,0.151454783800436
"gamma_LV4",0.00126958664902721,0.0242690841364708,-0.000429313410416913,0.00105818510480778,0.00946140596274246,0.00195933677390965,-0.00439821717085345,-0.0046403500629509,-0.00116407182615403,0.00331444760648018,0.00029173701365148,0.000769889206047545,-0.00251089693247562,0.00186554429503988,-0.113092237478284,0.0811883624631508,0.175240260832825,-0.0782715242102518,-0.170892427875287,1,-0.444672608406052,-0.5038544953623,0.157593763362003,-0.151132610637873,0.00878102048620376,-0.0761634060221887,0.234877113072883,0.261215897403109,0.0660689549700361,-0.0681658013488788,-0.149731054434676,0.132721917484543,0.111898781264535,0.0866592271432873,0.0489047468028255,-0.0197043300851522,-0.0564399687082359,-0.0901215871606781,-0.0999803222367213,0.129060568951682,-0.0804878101264742,-0.128154293492141,-0.127467125019193,0.0471418425128437,0.012127254918604,-0.00875615272655278,-0.00967291807097433,-0.0281561446663276,0.0148918061016432,0.053662039683365,0.0856442078307496,0.0170171755848135,0.071201988743442,0.113807383887171,0.109764403429419
"zeta_PrPer",-0.00166358569168491,-0.00649060798700151,-0.00310134162135738,0.000885921309569246,-0.00473898655241964,-0.00161930679203389,-0.000299583405946046,0.00274104098194384,-0.00215860915514597,-0.0020897904749816,-0.0013537081140415,-9.58439167444854e-05,-0.000636345266748201,-0.00352263219605052,0.0528782049726576,-0.0469867645721042,-0.00153206087767157,0.0234436818968067,0.139322745983725,-0.444672608406052,1,0.17832270322836,-0.116317355235652,0.111186053758392,0.0211857681415216,-0.1759427004561,-0.104278329958873,-0.688722976742793,0.133241265011145,0.657242523500656,0.817313361566008,0.0429524097407287,0.00409714877451398,-0.0321779416890112,-0.0399323573853373,-0.00528044161995375,0.00927916735847735,0.0259775530342622,0.0332549016929349,-0.00858965662993192,0.071692196135602,0.0864065437152804,0.0911671183391004,0.0225667794170159,0.0218223828799658,0.0207905603423157,0.0216060498224762,0.146938062626247,0.0858691415332838,0.0239723470833648,-0.0493728911653207,0.0509596159533002,0.0125550120635155,-0.0350800275453817,-0.0394307430007613
"zeta_AmbTr",0.00054021910088223,-0.012427640060381,0.00134240841896719,-0.000896737884820599,-0.00445220483103062,-0.00191516709912268,0.00424397515135755,0.00434075244224636,0.000310022071053558,-0.00186594216553727,0.000899052109516772,0.000799775667956459,0.00214347046520163,-0.00175195908288403,0.0594394949500428,-0.0495249821375161,-0.0501959507113354,-5.98908019584517e-06,0.153093944876605,-0.5038544953623,0.17832270322836,1,-0.0765798926211593,0.0827629889528966,0.0485520241976444,0.105599501474246,-0.0677578461841884,-0.0476245950344005,-0.0514560373542495,-0.0663899671774219,-0.0283411046286623,-0.306864413650735,-0.090690423129003,0.130548563806735,0.273289220732451,0.0079616303437138,0.0225863816865495,0.0369538265432676,0.0414892537962537,-0.0522844969411003,0.0332386914688377,0.0504581709413487,0.0488880308918439,-0.0125225885210203,0.0118170466187512,0.02173155310471,0.0226362069787082,0.0135062645888724,-0.00726237399396881,-0.0279446206985544,-0.0482467391535502,-0.00783842370329657,-0.0297925367311815,-0.0467413161233065,-0.0435542589853424
"zeta_ComVrb",-0.000658709758095354,-0.000912480762953703,-0.00310073671098648,-0.000272231430173736,0.0115218561752627,0.00303016406936564,0.00245412046813449,-0.000123120241822688,0.000559995703176578,0.00398799758770643,-0.00225909001242355,0.00490194479259755,-0.00713034362195495,0.00464775645935943,-0.0152345807842321,0.0225460841334525,-0.0054351435883273,0.0249026103705546,-0.126801686239888,0.157593763362003,-0.116317355235652,-0.0765798926211593,1,-0.176850621879501,0.042717999933525,-0.00406777105321981,0.120154903899614,0.0545321320383736,-0.0207538040452951,-0.06116742086603,-0.0740381800716994,-0.0105528915993984,-0.00772608717390521,-0.0059466317530509,-0.00499881907230695,-0.0307709708283302,-0.174219205514006,-0.307757231578482,-0.344085209308714,0.0511898308719502,-0.0979730392052338,-0.132889575437252,-0.140015677742256,0.0156641795643265,0.0249510666605828,0.0257890445108393,0.0292526306373614,-0.0324349853244392,-0.0212319422824708,-0.0112844459233417,0.00174318755992217,-0.0418451989170004,0.00744930157869316,0.050174652679469,0.0496751799878857
"zeta_ComAfec",-0.00210743305531395,-0.0209297832967866,0.00864105465644115,-0.0144423015074539,0.00720824363197418,0.00665376914935528,-0.00739363524770833,-0.00336427880027135,0.00570032485363856,-0.00244527416121582,0.00386981688199677,0.00597956688210428,-0.00101168125223126,0.0022584276413427,-0.0842247878871031,0.0387699674447694,-0.00390527085888404,0.00949997517617862,0.0511796677122741,-0.151132610637873,0.111186053758392,0.0827629889528966,-0.176850621879501,1,-0.0775554538249796,0.040701730538969,-0.135131201749207,-0.0463172490688893,0.0204870493280969,0.0519255358666226,0.0616723248013872,0.0103802762882669,0.00825745280594087,0.00318984984758231,0.000132350200609885,0.00562055593670988,0.0345455695613753,0.0588850487172164,0.064164808044606,-0.190012158896293,0.497387454442382,0.63941581744718,0.673759804000902,-0.032458196802428,-0.11445853838771,-0.140460852675723,-0.14259807070652,0.0181624466809954,0.0117516416845508,0.00591227025075024,-0.000367055784299666,0.0629883764603775,-0.0178950285587825,-0.105479483459349,-0.102674023490884
"zeta_ConCl",-0.00132574837611693,-0.0147559934005256,-0.00327779222414409,0.00624591973297821,0.000543764696547056,-0.00306986313845384,-0.00227207189041763,-0.00667633887693499,0.000678414926396172,0.00155580173236945,0.00201562860892165,0.00135538885498499,-0.00600828893456265,0.000710726705965569,0.0195793159305396,-0.0402384363451486,0.052349024232614,-0.12092812674808,0.0420078082149671,0.00878102048620376,0.0211857681415216,0.0485520241976444,0.042717999933525,-0.0775554538249796,1,-0.00187740707725419,0.174399516040542,0.00683778300091985,0.00608020537710208,0.00739718027688177,0.0111581383635336,0.00412468243385102,0.0087672611820613,0.0123944638915869,0.0151335518463793,0.0136942710070427,0.00166898918279375,-0.0113038143772073,-0.0152960873231054,0.0301063871046698,-0.129567363780861,-0.171055513280261,-0.179683361715222,0.194930582480508,0.486114107064189,0.609119533950017,0.639585972594224,0.0171935338340672,0.0133027287763846,0.00835795133601184,0.000789213323821931,-0.0479568451455176,-0.0274851053342279,-0.0132958605536173,-0.00953779080578382
"zeta_Ans",0.000621398295893795,0.00334297610629221,0.00197928091406297,-0.000901329477316967,0.000852878909832688,0.000619213532770852,0.00164990031931248,0.000873713570543917,0.00106586998527864,-0.000764200748083234,-0.000116067390438547,0.00119661827753211,0.00122652069929679,0.000173562364996607,0.00146391275098882,0.000984561822828,0.0216886405400433,0.00699068896556745,0.052417252768547,-0.0761634060221887,-0.1759427004561,0.105599501474246,-0.00406777105321981,0.040701730538969,-0.00187740707725419,1,0.0271962575773295,0.191746396760731,-0.0164033295003149,-0.180338197964487,-0.216427895417838,0.00278873415412155,0.0108889080763511,0.00867025293043938,0.00488027937013527,-0.0076268182421047,-0.00901599136968106,-0.00811089465453814,-0.0073459751497316,0.0178368701029984,0.0514011216642547,0.0519688055080819,0.0447392283230333,0.0313043804783707,0.0264908966797008,0.0196984095909284,0.0146358770464939,-0.30287477015728,-0.200477421640294,-0.0926243584093131,0.0615190851239467,0.0145735125939416,0.0256261825653639,0.0328137112809631,0.0314880067188909
"zeta_StrC",0.00268507381587876,-0.00400057646186653,-0.00290224509872499,0.00734475705780971,0.0160648228926964,0.00394626317889796,-0.00187703122987269,-0.00182118678922495,0.000371314000876384,0.00625931577537526,-0.00144978320684647,0.00013426511927898,0.00210234267311685,0.000630903080890747,-0.0117312729870481,-0.00186250190523404,0.0711390516275305,-0.106140694727644,0.047478574328316,0.234877113072883,-0.104278329958873,-0.0677578461841884,0.120154903899614,-0.135131201749207,0.174399516040542,0.0271962575773295,1,0.0721653436099375,0.0118544880700612,-0.0368144565360845,-0.0551410576212624,0.0195414092233637,0.0223491667188883,0.0204403210591832,0.0142128536633775,0.00539090322942591,-0.0204869494609621,-0.0457782232851452,-0.0545090252907663,0.0534377822606462,-0.147320601627133,-0.194441009821745,-0.199194429210121,0.00919380152859175,0.0310735286140369,0.0314471157908973,0.0338645997973834,-0.0163492942700654,-0.00200227379459438,0.00946795050397718,0.0195585861789922,-0.260010815975539,-0.0144358717651249,0.311197967038932,0.330858582526723
"tau_PrPer_1",0.00141557787460243,0.0720769325604138,0.00202066709150815,-0.00111399816111399,0.00118628010996275,-0.000952183721049677,0.000355517687021784,-0.00158327700988016,0.00159475969849397,8.2079305964e-05,0.00321347021610119,0.0020915264910276,0.00101148978594695,0.00201163856190732,-0.0361178969274825,0.0290477736578909,0.598167662978365,0.167625356965873,0.0660941628176278,0.261215897403109,-0.688722976742793,-0.0476245950344005,0.0545321320383736,-0.0463172490688893,0.00683778300091985,0.191746396760731,0.0721653436099375,1,0.529092414844512,-0.0728211267657835,-0.358821825909895,0.537377628603712,0.596107426663408,0.576614100885755,0.476338137429076,-0.146053920253456,-0.209020804259719,-0.234963860198956,-0.228413349185248,0.534637899864738,0.405660537933787,0.303053145803163,0.211849978403869,0.510849625806667,0.430018070889364,0.352666141206982,0.303579060739687,0.342531744372465,0.397140184800393,0.421092365672231,0.336479387317779,0.440414934146289,0.475458244481195,0.395670456673679,0.341102006174623
"tau_PrPer_2",-0.000168197491229736,0.0983081283446647,-0.00124916065238253,-0.000114173323013541,-0.00132993602628294,-0.00237114104941548,-0.0024100094197709,-0.00136658809904624,0.000229845551691196,-0.00119688613160894,0.00283850108897025,0.00176177860559497,8.75856747856692e-05,0.000709401535179419,-0.0188616790010394,0.0156051266966725,0.847035007698941,0.249471278112704,0.19469214398267,0.0660689549700361,0.133241265011145,-0.0514560373542495,-0.0207538040452951,0.0204870493280969,0.00608020537710208,-0.0164033295003149,0.0118544880700612,0.529092414844512,1,0.707392567070146,0.458373070023538,0.830090958444177,0.858945901678081,0.776020483246737,0.606758100917772,-0.209840484471667,-0.286715925906627,-0.310317349815794,-0.295252765418888,0.748295374195025,0.618877211376756,0.485626140368916,0.366871918088128,0.730657341298344,0.605828303152974,0.491953449893759,0.424285598080524,0.644944775894523,0.655330287322623,0.622235379836581,0.423669056127804,0.665200650880636,0.679530643315876,0.523766251997894,0.442728563489188
"tau_PrPer_3",-0.0012224575267323,0.0620187810525193,-0.00342251317174181,0.000766841599137212,-0.00284316407438231,-0.00227676695328275,-0.00234799095010274,-8.12573445175763e-05,-0.0017815109684803,-0.00129166184437126,0.00101129538252749,0.00107833988159487,-0.00132168141197613,-0.00149889459893926,0.0067069819118979,-0.0117426956702674,0.575027605429231,0.167428238241566,0.143109402192902,-0.0681658013488788,0.657242523500656,-0.0663899671774219,-0.06116742086603,0.0519255358666226,0.00739718027688177,-0.180338197964487,-0.0368144565360845,-0.0728211267657835,0.707392567070146,1,0.841621341971792,0.603856924354644,0.586875027123436,0.507828056571459,0.384952536306395,-0.142474878045965,-0.188478976501215,-0.198375599577752,-0.185558923595623,0.50062622924852,0.432976234716444,0.347952835598173,0.273652748009448,0.494227072998161,0.405861311863266,0.327947294120799,0.283995080385309,0.520664465606944,0.492587291098625,0.435949166267427,0.262231681235214,0.468916521300138,0.459837760319338,0.331832589260263,0.275117016942659
"tau_PrPer_4",-0.00139991954490829,0.0337054651883892,-0.00445511217957375,0.00110466741302062,-0.00382376397440637,-0.00232568609892245,-0.000243955770926249,0.00200177122359357,-0.00297317525255562,-0.000949066402095336,4.76079157720909e-05,0.00148744865163601,-0.00178914207805187,-0.00351218415781552,0.0289401398052273,-0.0373474649323253,0.337092254005281,0.13966324394116,0.13229164956443,-0.149731054434676,0.817313361566008,-0.0283411046286623,-0.0740381800716994,0.0616723248013872,0.0111581383635336,-0.216427895417838,-0.0551410576212624,-0.358821825909895,0.458373070023538,0.841621341971792,1,0.380082781476636,0.343223009831514,0.280369273267769,0.220090099609909,-0.0871324866207809,-0.110489690618515,-0.111631317024547,-0.101692303216035,0.299204432743562,0.276421867514999,0.229771884899507,0.188149822014337,0.301481588228972,0.247545822278495,0.201868636962111,0.176860818081827,0.36901639537195,0.327779429711011,0.269915489287693,0.139810592505548,0.298868454396026,0.27991820847444,0.186043627283066,0.149943337969254
"tau_AmbTr_1",-0.000178614227185153,0.091616612647943,-0.00123827064595745,-5.05524813935776e-05,-0.000967688135244803,-0.00186329780722357,-0.00224649730301513,-0.00157230304992822,-6.93934003175305e-05,-0.000992111412772845,0.00238015632628428,0.00195758955796435,-0.000328855271813623,0.000210210210773971,-0.0235806223558643,0.0166892345880302,0.783935616912158,0.236558989046969,0.151752544599452,0.132721917484543,0.0429524097407287,-0.306864413650735,-0.0105528915993984,0.0103802762882669,0.00412468243385102,0.00278873415412155,0.0195414092233637,0.537377628603712,0.830090958444177,0.603856924354644,0.380082781476636,1,0.868244487062246,0.686241087238833,0.478054652335452,-0.194677951593898,-0.267174688023816,-0.290402830310967,-0.276982024717235,0.69612907520225,0.569439250580185,0.445051472357854,0.334906003766204,0.676908496170109,0.561027089001433,0.456338602557795,0.394124950146452,0.579719082618307,0.596510814217784,0.573616763087482,0.400580501595064,0.614443191359399,0.630875655644593,0.489858369633528,0.414641314049071
"tau_AmbTr_2",2.67234860475695e-05,0.0946568447156781,-0.000945414455145578,-0.000270114345276037,-0.00109820562322594,-0.00212230275201452,-0.00175828957533763,-0.00124845614509637,0.000212147767441801,-0.000908988511439358,0.00289432213085854,0.00198719190534394,-5.37216598001644e-05,0.000550831646010593,-0.0211523292314428,0.0151654596049308,0.816098646012642,0.241730388996889,0.166996561616527,0.111898781264535,0.00409714877451398,-0.090690423129003,-0.00772608717390521,0.00825745280594087,0.0087672611820613,0.0108889080763511,0.0223491667188883,0.596107426663408,0.858945901678081,0.586875027123436,0.343223009831514,0.868244487062246,1,0.825329774136525,0.621944072725607,-0.201863878379269,-0.277608779735547,-0.302145009783044,-0.288387824881053,0.722845965497975,0.589595610244279,0.459199375709293,0.343680709359328,0.703367442356236,0.584770093436637,0.475736578868018,0.410532257338625,0.603659664490144,0.621133202195981,0.596993046337383,0.415260569668262,0.636539516103028,0.654183069127483,0.50842351200414,0.43061826987954
"tau_AmbTr_3",0.000286574893946911,0.0846128224823241,-0.000819407478674051,-0.000423792398478762,-0.00146332999895695,-0.00235028771303745,-0.000334297931493082,-0.000291630552632725,-5.09804134255717e-05,-0.000566417479840358,0.00301086680960125,0.00221258233695705,-4.90911888913334e-05,0.000201030484057737,-0.0115904220503706,0.00410527210833357,0.748308306176308,0.215965722288973,0.147477243607424,0.0866592271432873,-0.0321779416890112,0.130548563806735,-0.0059466317530509,0.00318984984758231,0.0123944638915869,0.00867025293043938,0.0204403210591832,0.576614100885755,0.776020483246737,0.507828056571459,0.280369273267769,0.686241087238833,0.825329774136525,1,0.767329845110464,-0.183970827859931,-0.253281641548902,-0.275807711224554,-0.263304028384683,0.659917479155195,0.53518488953941,0.414965373998907,0.308243754177655,0.641846134445602,0.53563557996449,0.436535573493083,0.37650903018804,0.555118044654145,0.570505336571871,0.548095936687694,0.38019818993262,0.580134666197702,0.596003208176684,0.462804631907077,0.391924302799636
"tau_AmbTr_4",0.000428050904065481,0.0659385262707948,-0.000836406870235215,-0.000391235400593404,-0.00181980012821807,-0.00232361160955048,0.0010776226874296,0.000723348900336586,-0.000334831660306865,-0.000202647378127893,0.00277596979449693,0.00228105470544184,-6.56525441782755e-05,-0.000342892934159515,-0.00048066385222875,-0.00821240276729899,0.595027223338778,0.183904842347894,0.120101945040627,0.0489047468028255,-0.0399323573853373,0.273289220732451,-0.00499881907230695,0.000132350200609885,0.0151335518463793,0.00488027937013527,0.0142128536633775,0.476338137429076,0.606758100917772,0.384952536306395,0.220090099609909,0.478054652335452,0.621944072725607,0.767329845110464,1,-0.146868063040709,-0.202288371589166,-0.220224679957148,-0.210179351240682,0.527173690771455,0.42648120059485,0.329859516349216,0.243163261720522,0.513186104560583,0.430944923440003,0.353194629071687,0.304969614176533,0.446846147086326,0.458440446237678,0.439895794076247,0.304421863181236,0.463744386502371,0.475628640310688,0.368235444014738,0.311462936650114
"tau_ComVrb_1",-0.000110764345941242,-0.0341353412262463,0.000475560355169893,7.29754498589205e-06,0.000773213959619068,0.00107351466522434,4.6953085499737e-05,-7.56215555169306e-05,0.000132783852298035,0.00049580602792187,-0.000861792311194842,-0.000753497239873955,-0.000179331302016607,-2.66014807400247e-06,0.00216837418995354,-0.00308360667352051,-0.194091745947771,-0.11687143958471,-0.0688476701905212,-0.0197043300851522,-0.00528044161995375,0.0079616303437138,-0.0307709708283302,0.00562055593670988,0.0136942710070427,-0.0076268182421047,0.00539090322942591,-0.146053920253456,-0.209840484471667,-0.142474878045965,-0.0871324866207809,-0.194677951593898,-0.201863878379269,-0.183970827859931,-0.146868063040709,1,0.584568265218661,0.379276351246377,0.29537780915118,-0.218672757083365,-0.179201809523897,-0.14007233570506,-0.105224161256941,-0.211742008573153,-0.173794654513241,-0.139065703178246,-0.118238864621704,-0.148984251543476,-0.153183447065092,-0.14720541170848,-0.102455601045622,-0.194229469120678,-0.198746345176165,-0.153565531367155,-0.129781822147105
