"","asc_ruta1","asc_ruta2","asc_ruta4","b_tt","b_dt","b_CongCD","b_CongEF","b_Sem","b_ACC_1","b_ACC_2","b_SI_CAMFD","b_SI_PANEL","b_SI_ZER","b_Si_MTRP","lambda1","lambda2","lambda3","lambda4","lambda5","lambda6","lambda7","zeta_FRbr","zeta_EnfCond","zeta_AFrSem","zeta_CulFr","zeta_OmLmVel","zeta_IgPare","zeta_UsoCel","zeta_PasoPeaton","zeta_UsoDirec","zeta_UsoPito","zeta_PrPer","zeta_AmbTr","zeta_ComVrb","zeta_ComAfec","zeta_ConCl","zeta_Ans","zeta_StrC","tau_FRbr_1","tau_FRbr_2","tau_FRbr_3","tau_FRbr_4","tau_EnfCond_1","tau_EnfCond_2","tau_EnfCond_3","tau_EnfCond_4","tau_AFrSem_1","tau_AFrSem_2","tau_AFrSem_3","tau_AFrSem_4","tau_CulFr_1","tau_CulFr_2","tau_CulFr_3","tau_CulFr_4","tau_OmLmVel_1","tau_OmLmVel_2","tau_OmLmVel_3","tau_OmLmVel_4","tau_IgPare_1","tau_IgPare_2","tau_IgPare_3","tau_IgPare_4","tau_UsoCel_1","tau_UsoCel_2","tau_UsoCel_3","tau_UsoCel_4","tau_PasoPeaton_1","tau_PasoPeaton_2","tau_PasoPeaton_3","tau_PasoPeaton_4","tau_UsoDirec_1","tau_UsoDirec_2","tau_UsoDirec_3","tau_UsoDirec_4","tau_UsoPito_1","tau_UsoPito_2","tau_UsoPito_3","tau_UsoPito_4","tau_PrPer_1","tau_PrPer_2","tau_PrPer_3","tau_PrPer_4","tau_AmbTr_1","tau_AmbTr_2","tau_AmbTr_3","tau_AmbTr_4","tau_ComVrb_1","tau_ComVrb_2","tau_ComVrb_3","tau_ComVrb_4","tau_ComAfec_1","tau_ComAfec_2","tau_ComAfec_3","tau_ComAfec_4","tau_ConCl_1","tau_ConCl_2","tau_ConCl_3","tau_ConCl_4","tau_Ans_1","tau_Ans_2","tau_Ans_3","tau_Ans_4","tau_StrC_1","tau_StrC_2","tau_StrC_3","tau_StrC_4"
"asc_ruta1",1,0.781298311164675,0.537643642966673,0.383615433552283,0.113391305491598,-0.104147499009301,-0.0959145192699406,0.156128398296241,-0.0727734843810359,0.0168128400383898,-0.0632316879439721,0.0160675186658614,-0.054789604353799,0.000112571713780712,-0.0384800968674682,0.0197781399687329,-0.0607997113611316,0.0005030360927139,-0.0939767405280121,0.0586809741598656,0.0427887995284265,0.00539187369341326,-0.00715219236642149,-0.000294505898054002,-0.000170041555151807,-0.00697820810212551,-0.00152169108626555,-0.00486995834607795,0.00345692621052969,-0.008421254274924,0.0110055335381662,-0.000507186485473552,-0.00114532573275098,-0.00403576639208796,-0.00141612246138753,-0.00470720706897461,-0.00514166743880698,-0.00321606634760865,0.00547206936013103,0.00625086922343677,0.00527217096452527,0.00523030363487427,0.00955726970838445,-0.00178726065648662,-0.00445396473828515,-0.00522288462844781,0.0100083660932586,-0.000301584717676495,-0.000113047028106573,0.000563170727385665,0.00351364619803907,0.00526482610354324,0.00420167080274697,0.00113658594613229,0.00628722582168883,8.7952547591032e-05,-0.000517732771318612,-0.001902887672328,0.00329095241499119,0.00356428959664265,0.00336208296189934,0.00110784129117678,0.0036507745039649,0.00284614551408935,0.00216830801798264,0.000646849679173262,-0.00280923870106411,-0.00295533981937284,-0.00131159744124437,0.00263085059481082,0.00743294693823428,0.00761678433164936,0.0063949006368416,0.00184933125260536,-0.00620138891312515,0.00822573928394719,0.0088050567402697,0.00981739956413272,4.16783397540405e-05,-3.41271935581592e-05,0.000351844013399331,2.91939274784689e-06,0.00056561652336889,0.000480745374350084,0.000504171024655312,6.56260076180268e-05,-0.00155079184673879,-0.00154612739846337,-0.0008124377215113,-4.71814966095894e-05,0.00400721063319194,0.00249108998312231,0.002316453005656,0.00212651742080906,0.00343487032742452,0.00124676862221768,-2.05416812903418e-05,-0.00038059735339564,0.0104146661506631,0.0121935051933519,0.0116928845211554,0.00432126716519619,0.00861258667453573,0.010708822456293,0.0075563657476438,0.00482706165494119
"asc_ruta2",0.781298311164675,1,0.538624587554332,0.169764625781234,0.0338756195311882,-0.0516734040636053,-0.0232989572870736,0.0644747184621706,-0.0140494552604461,0.0363964314253032,-0.00239611955075253,0.00693596972701533,-0.0169491388088217,0.0703903501850817,-0.0255859927372169,0.00206115279391539,-0.0256028138772629,0.00568871235232036,-0.0559678452567322,0.0385854446244297,0.0217286296274112,0.0046693890890473,-0.00242324789838067,0.00137168208274848,-0.000424150810695604,-0.00371028535431652,-0.00228340130283082,-0.00297417775610791,0.00270050112617064,-0.00629046499683705,0.00631557746262259,-0.00021907798726751,1.89286435808783e-05,-0.00275764851785477,-0.000697856460406722,-0.00180562256394671,-0.00260971664721096,-0.00185921646576376,0.00207276834663485,0.00367651036278251,0.00328741483724449,0.00343213844002054,0.00426649492931178,-0.000923099286827176,-0.00206207880494091,-0.0021678796375235,0.00477212036821171,4.02797715974071e-05,0.000150782110388208,0.00055809663787766,0.00207258474138002,0.00247622397264589,0.00159400138834631,-0.000182097667685836,0.00322349423462629,-4.41884651213476e-05,-0.000160048161955272,-0.000883723968090907,0.00246059390003893,0.000523804682498041,0.000379019215560679,-0.000734626353020153,0.00227666132356571,0.0014293340011256,0.000969356848036994,0.000184595243970382,-0.00238544992713516,-0.00274666848476334,-0.00180694185242859,0.00131971098183692,0.00509013570646447,0.00534705221600075,0.0045600017685293,0.000834537455109234,-0.00354844661851584,0.00383359935496701,0.00420203333936767,0.00502513593655009,-4.85833889267361e-05,5.72191204862032e-05,0.000398571891032303,0.0002138748973511,0.000305216391144111,0.000740516004751021,0.000939668051419201,0.000678642338452559,-0.00100077909739412,-0.00100362655425799,-0.000499992792337471,2.11224454634712e-05,0.00245248548278354,0.00174068365783859,0.00160805031815238,0.00140503340672384,0.00227372132173564,0.00148869632614111,0.000904607525544195,0.000610356004447138,0.00549418697486684,0.00664518139874954,0.0065583114132645,0.00254017333604528,0.00482826266594597,0.00598167554304462,0.00433963563165207,0.00288512227484246
"asc_ruta4",0.537643642966673,0.538624587554332,1,-0.072372981778049,0.204913112451109,0.19650932930991,0.482074966782328,0.0330002073926752,-0.0471796961741628,0.0625578272097949,0.0154831608198096,0.0684918135181743,0.0287104521819761,-0.0454819676613643,-0.28002750119696,-0.281620069573873,0.0519196065052249,0.406683977451542,0.014293698816533,0.160246358881065,0.101009763160107,0.0358462600765064,0.00917702051918618,0.0214709909898255,-0.0126860019695772,-0.00321824730938927,-0.0488472913090843,0.0119075800762751,0.0176837126164589,-0.0146891954262179,-0.00605656630170507,-0.00351931000731089,0.000187856763593923,-0.00139990018203563,0.0102133171729858,-0.00668988180261508,-0.0166251951064347,-0.0500831707069781,-0.0152540297725943,0.0168413159307593,0.0165822466065753,0.0125447671202079,-0.00108160771985449,0.0102878817027657,0.00787951612751753,0.00148202152744856,-0.00395193992090801,0.0024881280236187,0.00310437758635628,-0.000707026162839872,0.00524444953554247,-0.00361317673884565,-0.0102978252646999,-0.0167258800795848,0.0201609461964768,0.016962130522318,0.0150244007445674,0.0085397113001246,0.0509964198264401,-0.029302358089283,-0.0319848683596032,-0.0377612832636277,0.00382581885543157,0.012329237427967,0.0149144410621647,0.00824527629804576,-0.0281761317829071,-0.0367145769568514,-0.0400561800611791,-0.0295911659115897,0.000909208908832448,-0.00416461131812811,-0.0100537136669712,-0.0363889607254177,0.0115467273004033,0.000688068678255211,-1.26378142128614e-05,-0.00280041822438971,-0.0059166517951304,0.00124694483382109,0.00703545586639569,0.00614906289815796,-0.00155104801353071,0.00675588560796944,0.011593038785687,0.0096759031276396,-0.00674263306125032,-0.00947933524700548,-0.0104592148382328,-0.00937201659849649,0.0225056679062723,0.0266691212963138,0.0244218793538957,0.0211685554273403,0.0236755465244598,0.0153194183611552,0.0109747709716971,0.00980392210169354,0.0269833723127725,0.0328005841161337,0.0343361222681833,0.0191009577176942,0.0528017306938428,0.0471641970988899,0.0222997750984537,0.0147749912853438
"b_tt",0.383615433552283,0.169764625781234,-0.072372981778049,1,-0.26178021198232,-0.161755060747903,-0.258018829164678,-0.0313227797677643,-0.0565531417977898,0.00830852174860666,-0.0674587365431123,0.010887933436102,-0.119570178495733,-0.0745799612359496,-0.0663741503863005,0.063652651148492,-0.112168134430327,0.00122374232089326,-0.129818558172587,0.0380647572083705,0.136001068711819,0.0076931636172944,-0.0264386105445756,-0.00122149686286549,0.00229439001746826,0.00399533415392901,-0.000937102936512886,-0.000490456061398549,0.0009876693667167,-0.0196779751897644,0.0223301513651608,-0.00983243539828043,-0.0122813068518722,-0.0062008380099171,0.00762130827201048,-0.0192216122140523,0.0141956063459155,0.00530298635286963,0.0118708594572603,0.00868109048192565,0.00620934866277813,0.00584670030115638,0.0301645533015628,-0.00540449204058233,-0.0149678622916318,-0.0211468220229668,0.0193534511343795,-0.0027857336905652,-0.00230560634702414,-0.00127320389317565,0.00590611618181242,0.00929103147213617,0.00751698323821999,0.00178372784629886,0.00815639732445455,0.0119154956213896,0.0108775616566629,0.00863712777742978,0.011591027548459,0.00580236400634596,0.00574238585253395,0.00314728042929649,0.0040139049049514,0.00624354770782476,0.00618919650143659,0.00292712066670505,-0.00250293519041739,-0.0024272001863077,0.000240394627666712,0.00319104158619972,0.0158280769885236,0.0163397220868455,0.013979505304889,0.00370411307549617,-0.00977885204475204,0.0220002711045823,0.0218802449569679,0.0218797518482825,-0.000173102133008914,-0.00625698998722474,-0.00724030524212782,-0.00774711554416169,-0.00157678067928567,-0.00650929082416361,-0.0088021747697992,-0.00951931688679131,-0.00242025374052647,-0.00248037398985315,-0.00156946806290226,-0.000314272848666132,0.0044224883832418,0.0103198266015692,0.0107453647603955,0.00917451873521075,0.00286019203730163,-0.00522429627521236,-0.00875500452371083,-0.00955051355101695,-0.00114653230606541,0.00593064222061803,0.0125076131619647,0.0144971268892392,0.00586978455050247,0.0103044242494186,0.0111248084538063,0.00904609427078049
"b_dt",0.113391305491598,0.0338756195311882,0.204913112451109,-0.26178021198232,1,-0.0342264405684684,-0.0184996564444088,0.283615898398939,-0.0712219043909493,-0.0153103291880306,-0.0733516803624197,0.0362545130077354,-0.0792246417023465,-0.114095693917464,-0.0341401376926995,-0.081741590903813,0.0036077688858993,0.0592503436512442,-0.112638266405648,0.126512330023182,-0.112979641000231,0.00538859858281704,0.0345327872648113,0.00169566354710587,-0.00701077925014638,-0.022428964051892,-0.00944791409647886,-0.00711448418062212,-0.00313971891173872,0.00656903429980474,-0.015329712365397,0.0105573788288989,0.0204523685029681,0.00137254087686563,-0.0162413556981893,0.0147683086795927,-0.0341621164114219,-0.0148591799682662,-0.00366967860751598,0.00614571294356484,0.00646266661734741,0.00522969228566741,-0.0267035736836701,0.014482943367383,0.0222910028650358,0.0278208462805178,-0.00129062516260124,0.00375816929057731,0.00298346756086742,0.00155481952902336,0.00120935979512391,0.000302048728387394,-0.00021590431750389,-0.00180914122919305,-0.000263672909501139,-0.0127498314534633,-0.0127891472870071,-0.0138429798510018,-0.00897419871163478,-0.00257225225291863,-0.0036782949161069,-0.00634680704984207,0.000195541014280629,-0.00216460662808566,-0.0024621710641862,-0.00123896074172888,0.00450334815792281,0.00280485809897309,0.00126142805412332,-0.00018510628012184,-0.00296455576663809,-0.0035645480509599,-0.00372759447744127,-7.93077101707377e-05,0.00985746709501871,-0.0134756703395163,-0.0138027050025904,-0.0160788177934104,0.00116206750688619,0.00852352213681942,0.0110753913306165,0.0105352058357742,0.00638282007088817,0.0168473680258088,0.0208657274578165,0.0197551613804835,-0.000615917969010206,-0.00115623696964406,-0.00112675621777312,-0.00103728284815737,0.00386270196231788,-0.00794097570792245,-0.00854700420884648,-0.00649552905580732,0.00459625707299363,0.0106577460154309,0.0135245781944352,0.0144080960640622,0.0270921770176466,0.0221610131874147,0.0120300021679873,-0.0086276143382039,0.0113007652026414,0.0114973607124201,0.00624488756410321,0.00203681505786085
"b_CongCD",-0.104147499009301,-0.0516734040636053,0.19650932930991,-0.161755060747903,-0.0342264405684684,1,0.534816150957471,0.0261558645466079,0.034684201005076,0.0437229081247526,0.069785178288782,0.00240179729927773,0.0563645341226226,-0.0625661881908105,-0.128199654630486,0.0488287365283023,-0.137354885276433,0.16192973468787,0.0147184300640419,0.0208274783623993,0.0857157517645293,0.00700236504669144,-0.0317043554795142,-0.000115006229400846,-0.0149691919999208,0.0160829122460928,-0.0135680450972438,7.42002844740524e-05,0.0143479649317474,-0.0149217299122187,0.0150198746134406,-0.000777663931973501,-0.0139241685959998,-0.00326155778443243,0.0150087333866871,-0.0177666090994256,0.00427052919113529,-0.00360924667366101,0.00125324996517259,0.00659120796458713,0.00469970997564257,5.79672324797912e-05,0.0329273581591674,-0.0100862081049213,-0.0196368695182361,-0.0258711152744027,0.00723369929232313,-0.00128759130395761,-0.00216499594860326,-0.0060635941191132,0.00859624327530993,0.00175347650271872,-0.00456602520467098,-0.0105270562796299,0.00210991371056249,0.0138779339697824,0.0142629822991663,0.0130827387882508,0.0211859329413711,-0.0114721810113883,-0.011269051959928,-0.0113919582900089,0.0043532290624229,0.00297228197409974,0.00236627597851415,0.000592879330705001,-0.0151489536549064,-0.0148100614402325,-0.010482086097547,-0.000691447272650692,0.00854985681164078,0.0088470909388116,0.00626320286315637,-0.00606913122463537,-0.00242197742548742,0.0172003132091653,0.0170341745412874,0.0172740651698861,0.00459644059058085,0.00498688508903563,0.00316524157050938,0.00119449418145303,0.00325248138477308,-0.00291124661344039,-0.0080907367912314,-0.00920532450916574,-0.000825068237478893,-0.0008837021494601,-0.000934491979661701,-0.000447309033034834,-0.00239828397232458,0.00975398537602284,0.0123245570999151,0.0118151314294512,-0.00428678878943516,-0.00968391503871803,-0.0108972021009522,-0.0109072316889634,0.0018028893058799,0.00755892896269486,0.0134677559629876,0.0151678406484324,0.00699274095653603,0.00972278770112821,0.0121315229147467,0.0108639204462342
"b_CongEF",-0.0959145192699406,-0.0232989572870736,0.482074966782328,-0.258018829164678,-0.0184996564444088,0.534816150957471,1,-0.00407484555294965,0.00309560740531796,0.0563015173625614,0.0448150834864909,-0.0189358920393135,0.0935264329403716,0.0216812586474154,-0.136945443423999,-0.0206411098306831,-0.0698180722633744,0.0650366646241643,-0.0485397026405269,0.0924177590932772,0.0390879340415047,0.0153441633960883,-0.0380416415591739,0.00394331188718906,-0.0118209826804616,-0.00255962168905571,-0.000949404477398976,-0.0078912667534359,0.0296122456027202,-0.00898206768800145,0.0293168335795012,-0.00556499370036472,-0.0170193773572181,-0.0154849816232998,0.0136583334927579,-0.0139426042238154,-0.000877946351391636,-0.000809109760815547,0.0177144642867532,0.0286862457029442,0.0241318422775651,0.013114410619489,0.0460017325220944,-0.00633217483985057,-0.0172960543636101,-0.0242046891443797,0.0281493654249671,0.0131504525020135,0.0109192501535751,0.00314773151787941,0.0212707631190887,0.0210370851401324,0.0131457057387873,-0.00178459785373034,0.0272669737309412,0.00875025560023421,0.00689926682949691,0.00392149151992252,0.0292706397276726,0.00697250173536105,0.00683457811988397,0.00388833077089722,0.0149562115311345,0.0132573026237076,0.0103461592509304,0.0026659094240835,-0.0255478792974863,-0.0232590243936984,-0.0157267709394409,0.00585253198196626,0.0057185389062059,0.00477295239364383,0.00175750745157511,-0.00616814177731615,-0.00570928677152516,0.0327804062552701,0.0334618265528279,0.0342325650350124,0.0152571094075056,0.00797887964560813,0.00262250422108294,-0.00257554840241292,0.0131489421825552,0.00274010243891477,-0.00588273287105734,-0.0100559092512787,-0.00513073280696427,-0.00488692244232406,-0.00309251305822252,-0.00104750467914818,0.0122362903814789,0.0194199007389531,0.0175807003101067,0.0142058357218222,0.0106837165279201,0.00313451131666034,-0.00184288909251122,-0.00352740261837442,0.0139134407740966,0.0173687057857667,0.0186833562340258,0.0101154704857578,0.0130134491773872,0.0154764401014079,0.0101155412865485,0.00699188475910033
"b_Sem",0.156128398296241,0.0644747184621706,0.0330002073926752,-0.0313227797677643,0.283615898398939,0.0261558645466079,-0.00407484555294965,1,-0.111409154022153,0.0138399611936584,-0.0669109318564298,-0.0440390956164488,-0.0714284261710717,-0.105362885688652,-0.0256197498718452,0.105988212867991,-0.114752292682978,0.00380214992358665,0.00490737233797763,-0.00103917874244399,0.0866990312071803,0.00175186276697253,-0.021227171825623,-0.00501391985702486,0.00529147945864794,-0.000933686375670522,-0.00807334072026212,-0.00191705978212248,0.0112297096388068,-0.0125134434302173,0.0182997924577824,0.00893935094490366,-0.00793158783671798,-0.000278664799245165,0.0120468619628892,-0.00312235262556016,-4.40795357313739e-05,-0.0144374197482173,0.00352125786785409,0.000912366089477512,0.000250854778720737,0.000743798430365534,0.0199187445183941,-0.0136864157025981,-0.0176736043978559,-0.0175483698788121,0.0080771564282884,-0.00559506070458798,-0.00555239391005379,-0.00428376648776262,-0.00172159039232884,0.00188966408897448,0.0021060798245545,0.00233052861785303,-0.00037982102161906,-0.00365441783326518,-0.00344654614115585,-0.00348287216578865,0.0050954143474067,-0.00905786635723804,-0.00847381444666764,-0.00895513039679696,-5.43842944966578e-05,-0.00250664301704793,-0.00270502376809789,-0.00113714470623762,-0.00972754022015977,-0.00828399150327956,-0.00422239905932173,0.00440658884803829,0.00898531949864441,0.00923090375728187,0.00767206870517607,0.00104074167007517,-0.0115027269787731,0.00931617772515597,0.0110493886712122,0.0152698496547093,-0.00184940021254818,0.00469944901193082,0.00558541468677003,0.00541871837368758,-0.00398780231351059,-0.00845781179863961,-0.00905068127003916,-0.00762765818950293,0.000836420229745946,0.00122594625098918,0.00102342652165522,0.000775781096220452,-0.00430484857036357,0.00334315427434411,0.0057257294846282,0.00589130556995067,-0.00340032892715112,-0.00435328406624798,-0.00465900730077265,-0.00467135389744497,0.00514198722397668,0.00797716859895609,0.0104586043956641,0.0103434397552129,0.0154792377551567,0.0155413247377108,0.00855482043549913,0.0053345492481174
"b_ACC_1",-0.0727734843810359,-0.0140494552604461,-0.0471796961741628,-0.0565531417977898,-0.0712219043909493,0.034684201005076,0.00309560740531796,-0.111409154022153,1,0.113631892516257,-0.0239889006411115,-0.0410085962144182,-0.012779676943169,0.0297831577708535,0.0598995151864888,-0.156408513081186,0.207176459965822,-0.124430789970518,0.0259348965069903,-0.0660733652803112,-0.00747062469790187,0.00162539814085684,0.0115515792567704,0.00862604928233805,-0.00445615552230629,0.0021572484183012,0.0301339556777954,0.00804975090082915,-0.0128692151384114,0.00138577443378851,-0.0205523663628089,-0.0178814287787196,-0.00371993652390647,0.00226943850504867,0.000911742017158801,0.00727863165794633,0.0200625876183118,0.0131116731034174,-0.00713056781366342,0.00332103250804573,0.00372122433083191,0.00395649504027417,-0.0106560892189372,0.0128364820436829,0.0156557608469628,0.0134613834053741,-0.0116182317151496,0.00856643370709814,0.00883437707573139,0.00918617609656613,0.00197126762473758,-0.000729095673444953,-0.000680054384030184,-0.00112729512255668,0.00860501581298283,0.00260510562634705,0.00125861512599861,0.00131288080423332,-0.00822749767009822,0.0265871761125217,0.0261725261620302,0.0260556899602261,-0.000120903532812996,0.00607823852666467,0.00682381072860126,0.00309386190115771,0.0108037843135124,0.00977182649278298,0.00596891160266995,-0.00359128715373033,-0.000733349476865349,0.00047188711595216,0.00155427439687282,0.0033407761772142,0.0157127643954519,-0.00581831268006554,-0.00833721183392676,-0.011680650900313,-0.00248780827428313,-0.0152857973622318,-0.0164728533092921,-0.014559435051104,-0.00424990573305506,-0.00589846410188359,-0.00468942767183831,-0.00471664129436806,7.25962266449271e-05,-0.000308890941687009,-0.000818437838360383,-0.000838940433910116,-0.000300192973112359,0.00431611253762081,0.00242988421708546,0.000139820236037696,0.00200643792108936,0.00543161491421717,0.00666987824778807,0.00652276156046398,-0.027689530425752,-0.0309830692567787,-0.0297023070222311,-0.0150331907981751,-0.0197167535006179,-0.025177265655359,-0.0258473646402936,-0.0204609744824082
"b_ACC_2",0.0168128400383898,0.0363964314253032,0.0625578272097949,0.00830852174860666,-0.0153103291880306,0.0437229081247526,0.0563015173625614,0.0138399611936584,0.113631892516257,1,-0.0110496807503716,0.0378006027619756,-0.0140884045879419,-0.0351719848286845,-0.00202049472044164,-0.0403722701745297,-0.0251323160142766,0.043435180710508,-0.042104373616648,0.0139878620528529,0.0104906904990674,0.00219858750532139,0.00202995705941684,0.00455798599017006,-0.000130767618801878,0.000526666698904964,-0.000565043935629198,0.00187608432746017,-0.00329438953002632,-0.0019905357174042,-0.00183601481884134,-0.00322772349924313,0.00088628850604689,0.000621440897817795,0.00605339392423576,-0.00555512530444217,-3.0496285223028e-05,-0.00329823523468621,-0.00122974762968601,-0.00143727074565168,-0.000916093383552308,-0.00030912378073125,-0.000902413268991702,0.00265775025383553,0.00208651340386697,0.001156607888834,-0.00268594502577569,0.00100471615569917,0.00145177671140156,0.00093061508369351,-2.8729579863786e-05,-0.00140827861969089,-0.00212454711472201,-0.00173323798967272,0.00159214982488008,0.00143477098511989,0.00108188992241786,0.000539329757215374,0.00229926021433506,0.000184605520462158,-0.000270887200313305,-0.00106592120095763,-0.000234088058716061,0.000731383933283411,0.00101761102084332,0.000652291440424938,0.0031939247514527,0.00293882506462786,0.00226533092241849,-0.000271511469321226,0.00201911591308209,0.00235789537893831,0.00221231273230132,0.00117551492942836,0.00169689732454589,1.24868184735713e-05,-0.000536092227643775,-0.00153678965177983,0.000903296582915733,-0.00170168083114662,-0.00158496978074477,-0.00110457422515576,0.000849481148828368,0.00168456929508644,0.00219355255744998,0.00191129029326363,6.99859180556518e-05,-3.18662223532839e-05,-0.000372197240333423,-0.000403414063282122,-0.00247050853412374,0.00324065989531891,0.00461148131270952,0.00449700297308372,-0.00181293969845617,-0.00366402594647619,-0.00365836083734634,-0.00325109080041399,6.28217290236764e-05,0.000397921594202909,0.000713506958557758,0.000984298459207818,0.00265343318141409,0.00176163002114174,0.000233003398995722,0.000108583518578452
"b_SI_CAMFD",-0.0632316879439721,-0.00239611955075253,0.0154831608198096,-0.0674587365431123,-0.0733516803624197,0.069785178288782,0.0448150834864909,-0.0669109318564298,-0.0239889006411115,-0.0110496807503716,1,-0.0757479662009038,0.104035605485182,0.0771856023748687,-0.0274085492755042,-0.0390178350294147,-0.00879532573744182,0.0206430767419027,-0.0839147515071936,0.0546701165839884,-0.0472092036301571,0.0112434308200298,0.0111559487861106,0.00678775692614773,0.0123351991183626,-0.00897567699453666,-0.000300336190737951,-6.75867297243773e-05,-0.00581255282040279,-0.000285736019840803,-0.00409908037530184,-0.00102104713888871,0.0114645747969374,7.25091937647542e-05,-0.00548006554265718,-9.98446145257466e-05,-0.0141175613864513,0.00214222194338792,0.00175541166782803,0.00625706563901031,0.00559234915258472,0.00558452920273874,-0.00842182505009128,0.000923200862870514,0.00183507758163219,0.0038266197474553,0.00496691983945005,0.00105228330722172,0.000759648823256806,0.000867663960038443,-0.00110996576097909,0.00470027525298167,0.00591771901615389,0.0043546242169858,-0.00281157127379118,-0.00546212082135442,-0.00484414284455718,-0.00501901965245384,-0.00997164064855381,0.00254510094880629,0.002233371971487,0.00106190392413475,-0.00140232371301104,-0.00260796704453968,-0.00193068062974754,-0.000296595771703192,0.00648104879968068,0.00708601948359787,0.00612688920815412,0.00157640640355772,0.00137252621923458,0.00109991034434341,0.0014736568781744,0.00365528331203583,0.00224182510221999,-0.00736141078958348,-0.00830456963674654,-0.0095264191805649,-0.00521681535470954,-0.00334769567519533,-0.00147677355584482,-0.000886648258283863,-0.00268453064789996,0.00566089956159924,0.00885170917833234,0.00872099812787246,0.000315720397867855,0.000318915292855975,0.00058884603719589,0.00082182264690231,0.000312020384840943,-0.00351171641998065,-0.00347517651200664,-0.00255487183057898,-0.00129493674133381,-0.000778162528438656,-3.08726292554779e-05,0.00067328859601748,0.0118997365339702,0.00935690952199567,0.00354317493294648,-0.00530396406611592,-0.00108396461648751,0.000464720655741225,0.00231084057349206,0.00181657823949729
"b_SI_PANEL",0.0160675186658614,0.00693596972701533,0.0684918135181743,0.010887933436102,0.0362545130077354,0.00240179729927773,-0.0189358920393135,-0.0440390956164488,-0.0410085962144182,0.0378006027619756,-0.0757479662009038,1,0.0157480686043306,-0.0726073398888986,0.0299081691922746,-0.0186143478002974,-0.0535720287882173,0.0454349759996887,-0.00971021866955808,0.0228259878565543,-0.0436877660981268,-0.00327013334681635,0.0156762059654519,-4.5558672346721e-05,0.00214274453306053,0.00134898287104204,-0.00539828496516479,0.00221620038394488,-0.0079200393144377,0.014823169721606,-0.00572326305009742,-0.000695921455288088,0.00922819023677194,0.00996246139308469,-0.00325591492970381,-0.00127319060479203,-0.0111187600153225,-0.00597144454345025,-0.00708740992337972,-0.0092186451705941,-0.00687319599265425,-0.00386405647778988,-0.0185395693468569,0.00305708565241268,0.0078739819257173,0.0104056230226885,-0.0104445151503302,-0.00351484533733956,-0.00279697144335656,-0.00125478669456352,-0.00551798880982095,-0.00771946256124424,-0.00617856354841097,-0.000966195653251693,-0.00901100370339171,-0.00233706621527468,-0.00141240771896552,-0.000437338549263792,-0.00565649460678403,-0.00652313056412677,-0.00632588640896263,-0.0055635166804231,-0.00535396384582401,-0.00463989369360414,-0.00406495978708642,-0.00129324737408051,0.0109476522883735,0.0109063039666146,0.0083423293891397,0.000824607255635642,-0.00738973487479491,-0.00766993328773426,-0.00657900178340896,0.00264197206107592,-0.00334293310338499,-0.0103002245384191,-0.00868351849666269,-0.00911067091228098,-0.00259980425965835,-0.00350632956249997,-0.000977360828224435,0.00100089344649334,-0.000976427993036645,0.00367289145619636,0.00741046424373149,0.00855054074530258,0.00203818888148868,0.00152181818170317,-0.000249176278481089,-0.00164391491334774,-0.00411854964414078,-0.00628778998323462,-0.00444752250918709,-0.00295502803299061,-0.00376531535082532,-0.00423759851994083,-0.00362491734238215,-0.0027046666639804,0.00917835542476458,0.00797296396398909,0.00501824590812037,-0.000686464363776572,0.00438684623197486,0.00509284227692468,0.00552491916233674,0.00407021688687602
"b_SI_ZER",-0.054789604353799,-0.0169491388088217,0.0287104521819761,-0.119570178495733,-0.0792246417023465,0.0563645341226226,0.0935264329403716,-0.0714284261710717,-0.012779676943169,-0.0140884045879419,0.104035605485182,0.0157480686043306,1,-0.0373928350706697,-0.0101803593409124,-0.0144299543600524,0.0202673769999329,-0.029839333074221,-0.0241952140034972,0.0661699004160765,-0.0431081550352572,0.00870226311604354,0.0106710280465747,0.00283107598458254,-0.000316398478192,-0.0107501393933702,-0.00972392917661193,-0.0047057093721358,0.0140013188944207,-0.00033023422557678,0.00423497620282996,0.00106430300992436,0.00807595192666525,-0.00434765690735238,-0.00350884456003274,0.00759444724725023,-0.00179477485162099,0.000677849797348582,-0.00573756427980569,0.00267918537191512,0.00399194742178465,0.00547807377202931,-0.00989276981358679,-0.00177926476268345,0.000579491517695684,0.00495131847531692,-0.00201772697108065,-0.00158567705392225,-0.00143393192697588,0.000425566136196973,0.00129291809881305,-0.00103616179290057,-0.00217801207342244,-0.00201502207931979,0.00340596590384994,-0.0046051088156636,-0.0045744116526133,-0.00518809657310832,0.00226432738426099,-0.00482583484841095,-0.00547392013679117,-0.00636885035858652,0.00264608334767699,0.000739096280616231,0.000367749989677291,-0.00016045470221583,-0.0108728182898562,-0.0103211268093826,-0.00817258714710345,0.00334547675680093,0.000672870187792706,0.000773703526742229,0.000715243021282,-0.00033155603564427,-0.00506810844111099,-0.00606419561808672,-0.00512671129472371,-0.00264454914002434,-0.00983897411597539,-0.00436561791186123,-0.00181752093186942,-0.000930964438813585,-0.00688354968073859,-0.00027820560681183,0.0034922317497977,0.00442003339318337,0.000165652935841572,0.000889999851012596,0.00185585614129408,0.00235098074554566,-0.00195230023180446,-0.00346848019250071,-0.00311566181161259,-0.00245953284330093,-0.000890509060264686,0.00308013322143355,0.00472545469784702,0.00498782524054595,0.000396047974026742,8.87239711746654e-05,-0.0011852679862091,-0.00392700570823584,-0.000983288530900787,-0.00104070482166356,-0.00239848455971194,-0.00266660801748641
"b_Si_MTRP",0.000112571713780712,0.0703903501850817,-0.0454819676613643,-0.0745799612359496,-0.114095693917464,-0.0625661881908105,0.0216812586474154,-0.105362885688652,0.0297831577708535,-0.0351719848286845,0.0771856023748687,-0.0726073398888986,-0.0373928350706697,1,0.0531200716210694,0.107172596333713,-0.0208927922524132,-0.0691171862455662,0.0416230031045811,0.00366459348656651,-0.0425383735086111,-0.00511712276931493,-0.00206385809487959,-0.00949030100804161,-0.00272239402396294,0.000402725537276189,0.00544983386426273,-0.00455659869545671,0.0168067895966919,-0.00692903471454667,0.00722927150993759,0.01306476803338,0.00115268429295109,-0.00179367400375831,-0.00614610088934413,0.00118277625452068,0.00281650511827392,0.00477281884331117,0.00363873141934584,-0.00216360092247013,-0.00179944999966922,-0.00056494356857419,0.00043095529954327,-0.00852001150426133,-0.00685430479178577,-0.00152870083594418,0.00619274977400618,-0.00492885800167657,-0.00529113774396065,-0.00300762243918601,0.000821445313884725,0.00115024487405483,0.00078548226133414,0.000830744413046842,0.00612325592209326,-0.000467395528727181,-0.000522137563145755,-0.000213159661448451,0.00469197941509924,0.00389336778939499,0.00413119758391199,0.00462909935060328,0.00397196022980958,0.00144026081699345,0.000192891408238075,-0.000651865692197241,-0.0158103621180786,-0.0157383507516294,-0.0117938630044666,0.00240646701935821,0.00336228121433438,0.00361937400168418,0.0030231817940328,-0.00365051306036384,-0.00675553970804747,-0.00274509318863279,-0.000927826723061776,0.00377711156255948,0.00458096443630543,0.0119544494992097,0.00993496295044121,0.00782693370426562,0.00451230062569714,0.0020864063356719,-0.000631114663508612,-0.000603958141557803,-0.000987863777480718,-0.00142002154309064,-0.0012178844661527,-0.000839455417520155,0.00635767522669014,-0.00210961555403208,-0.00469069373479909,-0.00486679263120026,0.00395678777007758,0.00337160540223554,0.00157571418648562,0.000441747817179694,-0.00168467993312997,-0.00117253767584353,0.000521601579288257,0.00121240938295163,-0.00299929280150703,-0.00155175421856293,0.00106341986815106,0.00098178678326104
"lambda1",-0.0384800968674682,-0.0255859927372169,-0.28002750119696,-0.0663741503863005,-0.0341401376926995,-0.128199654630486,-0.136945443423999,-0.0256197498718452,0.0598995151864888,-0.00202049472044164,-0.0274085492755042,0.0299081691922746,-0.0101803593409124,0.0531200716210694,1,0.0394491850416587,0.0604591781763628,-0.288347836832803,0.218812539818158,-0.602135718442292,-0.602910372726351,-0.101429619963928,0.123255166941389,-0.0350344419017833,0.0135289307930161,0.00373424450375532,0.0285772147716155,-0.00752081600759243,-0.00562112595646525,0.0965713807876021,-0.10523748936459,0.00519631350258147,0.0402485952623253,0.0245321157601156,-0.0373652031940513,0.0290178746145253,0.00357451785803515,0.0431580719958442,-0.0326827618950354,-0.109650453265746,-0.091909708130813,-0.0557246509962367,-0.148889738690187,0.0287669824024189,0.0694687392787424,0.0936913892534791,-0.0890333084272272,-0.0269338324411114,-0.0220947141791345,0.00322217973689006,-0.0458129406449627,-0.0572170151115922,-0.0389581229227152,0.0103283397726701,-0.0237311734822814,-0.0203583355301127,-0.022866719725755,-0.0168262484361849,-0.0397218627334389,0.00333509423010649,0.00319076018759921,0.0141911875895411,-0.00870744197611145,-0.017730889965797,-0.0198297604597331,-0.00894067865709826,0.0242861997703706,0.0295827912701251,0.0210587134024462,0.00226036735331664,-0.0590657920777694,-0.061866390635295,-0.0524614538487308,0.00147993722581144,0.0269821107686532,-0.0996436508633121,-0.103085044324505,-0.11757524632983,-0.00903612373291407,-0.00492295592862017,-0.0026423011412155,0.00611959362857318,-0.00690854533950944,0.0116107136089004,0.0241149127658815,0.0310701407825381,0.00942742393167981,0.00893542146922491,0.00588263612083517,0.00247420909897081,-0.018622681936965,-0.0492283574781754,-0.051336262253431,-0.0436127610564972,-0.0184380170432777,-0.0101527799416118,-0.00486731038887111,-0.000543158858220437,-0.0614071938800215,-0.0887779971402742,-0.100594873021828,-0.0556597916172367,-0.0889830142400241,-0.0973822901185222,-0.0518607346284598,-0.0325729173461835
"lambda2",0.0197781399687329,0.00206115279391539,-0.281620069573873,0.063652651148492,-0.081741590903813,0.0488287365283023,-0.0206411098306831,0.105988212867991,-0.156408513081186,-0.0403722701745297,-0.0390178350294147,-0.0186143478002974,-0.0144299543600524,0.107172596333713,0.0394491850416587,1,-0.605921346605563,-0.0978904988365119,0.156316974669495,-0.136378440096873,0.185997764845731,-0.0339029048442849,-0.132906523573256,-0.0518561486417325,0.0160348834538051,0.0504754141562347,0.00344688224122849,-0.00964033498133802,0.0444956020024127,-0.0292483844515955,0.0962809348995179,0.030856876579995,-0.063381745205181,-0.0140131142199067,0.00906791246886023,-0.0271630822255041,0.00418764865215138,0.0190445759833398,0.045337838826546,-0.00230492982726124,-0.00836925011541504,-0.0167373377221827,0.116521583036026,-0.0747197246071111,-0.0988241385586554,-0.102885656094381,0.0577089289901013,-0.0209895535920165,-0.0223947293037082,-0.0275711818504524,0.00557823439849348,0.0227138995383254,0.0228062125357495,0.0190216500055644,-0.00338650710399624,0.0327291108277384,0.0330491153160223,0.0324511250362683,0.0288907103682191,-0.00541812259510482,-0.00157716405019369,0.000783967382856839,0.010798393336357,0.00164114993855374,-0.0027652939704482,-0.00307587562574619,-0.0406419772023801,-0.0329294017329873,-0.0137525095952615,0.0205528351504936,0.0185668226872743,0.0202281895349705,0.018649780954782,0.00682906918184376,-0.0607447349057523,0.0594513318231484,0.0695564466627992,0.0859195548808288,0.0388309618614193,0.0397092375417284,0.0271862003371397,0.0162647708027358,0.0201166137675159,-0.0290986127888061,-0.0558427093882448,-0.055194090695245,-0.00195250497154134,1.68754549057192e-05,0.00316636020209201,0.00377679092223991,0.00539131285551598,-0.0035128714918986,-0.00127332602540266,0.000322301987824205,-0.0029226585935735,-0.0155151213154757,-0.0241011753262574,-0.0282383890922129,0.0183851749408456,0.0311778921626802,0.0412669739595564,0.0421389573027295,-6.29537044567906e-05,0.0220622607184128,0.0513649223368998,0.0451615053867849
"lambda3",-0.0607997113611316,-0.0256028138772629,0.0519196065052249,-0.112168134430327,0.0036077688858993,-0.137354885276433,-0.0698180722633744,-0.114752292682978,0.207176459965822,-0.0251323160142766,-0.00879532573744182,-0.0535720287882173,0.0202673769999329,-0.0208927922524132,0.0604591781763628,-0.605921346605563,1,-0.391644380876103,0.28986305469118,-0.170392214853102,-0.140359414692641,0.012821547809609,0.0750116111847781,0.0369326866051781,-0.0122661193736489,-0.0322261990426905,0.056667117207057,0.00352125133339938,-0.00947453370431647,0.0280424677790707,-0.0676302178344348,-0.0256916816579312,0.0088579986196951,-0.00478441189723551,-0.0339247389866365,0.0670036203253817,0.0241062978310309,0.012952274676329,-0.0230092666224283,0.0252092644888466,0.0224926677191823,0.0134694089801432,-0.072590172655099,0.0441633777175552,0.0646749131819371,0.0703703183974152,-0.0369563079182983,0.0399009651685717,0.0382305141016964,0.0322279425826127,0.0048607908750418,0.00178134940982794,0.00563031770867045,-0.00180233012228739,0.015577493097819,-0.0304109914186465,-0.0311253297925453,-0.0259377320585228,-0.0397895954906438,0.0462973077532699,0.0455921561863771,0.0492852073678543,-0.00017678471198004,0.00603044793498136,0.00621284667675325,0.00157211815256716,0.00593515676157972,0.00299374630232355,-0.00545534080355929,-0.0119281781916806,-0.0249668218260071,-0.0254253464377465,-0.0221972507303576,-0.0090982558422477,0.0446676408955487,-0.037572361252467,-0.0436275686417647,-0.0492845042461311,-0.0224357366102474,-0.0283601815057101,-0.0250867388780896,-0.0221077664902209,-0.0183071069138606,-0.00702469274932611,0.00479723832436878,0.0045440803898649,-0.00255242345501187,-0.00121846814062879,0.00117354503387412,0.00208154188193259,0.0155645457004175,0.00188875576956052,-0.0130912526709082,-0.0196946834458235,0.0315356640953279,0.0568337444293806,0.0602643114575907,0.0572753309104823,-0.0445938717015537,-0.0591352637479166,-0.0631213671243915,-0.0471903143142948,-0.0276710258617537,-0.0459403138370668,-0.0643587027613009,-0.0545753857351679
"lambda4",0.0005030360927139,0.00568871235232036,0.406683977451542,0.00122374232089326,0.0592503436512442,0.16192973468787,0.0650366646241643,0.00380214992358665,-0.124430789970518,0.043435180710508,0.0206430767419027,0.0454349759996887,-0.029839333074221,-0.0691171862455662,-0.288347836832803,-0.0978904988365119,-0.391644380876103,1,-0.134343526893805,0.218480663637305,-0.00908642824191308,0.0270434244226453,0.0300651943206451,0.00322913862260112,-0.00297496226879408,0.0313573179045188,-0.143199664801211,0.0281263234947041,-0.00359090411907816,0.0058488670344899,-0.0261752841466355,0.00706147711716472,0.00923552514368161,0.0311921944843467,0.0223084405907684,-0.03212226622952,-0.0447577728014821,-0.0878737094250138,-0.0213552808852367,-0.011877471907486,-0.00796359376475748,-0.00547210447287006,-0.00834443152738523,0.0286393703125245,0.0220588008342983,0.010099643287673,-0.00767286471895933,-0.0261635112365342,-0.0251332011793671,-0.0271874615386393,-0.0131227879104639,-0.022664834249451,-0.0268695843811534,-0.0212602377990219,-0.0445522919060937,0.034602369002019,0.0376225999139678,0.0303600788004345,0.0610899255273349,-0.120705513606825,-0.123360026732357,-0.126247336479002,-0.0215687697631151,-0.0144974221572228,-0.00619272014489717,0.00368633847748664,-0.00246996626997211,-0.00964804494671038,-0.0146499907960691,-0.0217642626241867,-0.00791834031043054,-0.0123243988804676,-0.0149083371417072,-0.0221978662724174,0.0334537174117818,-0.00287195396663192,-0.00784458874328724,-0.0240924813307035,0.00215857682151114,0.0144366125148039,0.0241354976146871,0.0243486621072459,0.00689030895705065,0.0205092291344378,0.0260272948365771,0.0254195107260645,0.0029221112517686,-0.00149576902861294,-0.00778585734838002,-0.0108125995223355,-0.0123348433642777,0.00787152373803285,0.0192620499662594,0.0250298586888821,-0.0128844733703112,-0.0244144516879651,-0.0225288696659813,-0.0185525153933476,0.0452630221156577,0.0565064915797077,0.0584621056936704,0.0425380477558556,0.0752442144468102,0.0729869081777173,0.0631537917385492,0.0522542455936035
