"","asc_ruta2","asc_ruta3","asc_rutaEC","b_tt","b_dt","b_CongAB_ruta1","b_CongCD_ruta1","b_CongAB_ruta2","b_CongCD_ruta2","b_CongAB_ruta3","b_CongCD_ruta3","b_CongAB_rutaEC","b_CongCD_rutaEC","b_Sem_0_ruta1","b_Sem_0_ruta2","b_Sem_0_ruta3","b_Sem_0_rutaEC","b_Sem_1_ruta1","b_Sem_1_ruta2","b_Sem_1_ruta3","b_Sem_1_rutaEC","b_Sem_2_ruta1","b_Sem_2_ruta2","b_Sem_2_ruta3","b_Sem_2_rutaEC","b_Sem_3_ruta1","b_Sem_3_ruta2","b_Sem_3_ruta3","b_Sem_3_rutaEC","b_ACC_0_ruta1","b_ACC_0_ruta2","b_ACC_0_ruta3","b_ACC_0_rutaEC","b_ACC_1_ruta1","b_ACC_1_ruta2","b_ACC_1_ruta3","b_ACC_1_rutaEC","b_SI_CAMFD","b_SI_PANEL","b_SI_ZER","b_Si_MTRP"
"asc_ruta2",1,NA,NA,0.000188970569674771,-0.000550155804470079,-2.91201765456876e-06,0.000854261412455336,-0.000105573891208926,-0.000267434917409747,8.93621573162842e-06,0.00107153724922032,-0.000297954975370928,-0.00024112257383909,0.00233567558403741,-1.45813112766871,0.0027404678240191,-0.00185398060233447,0.00255363733639748,-1.45816029113249,0.00354036982549795,-0.00235668674841875,0.00271352910669613,-1.45816150903499,0.00377648315751644,-0.00273518383838352,0.0024427453886613,-1.4581496062786,0.00343785012563264,-0.00273178489496506,NA,-1.68600360396324,NA,-0.00680887133450807,NA,-1.68597570840694,NA,-0.00708979447207761,0.000316056335126535,0.000685562263665681,-8.72938169441995e-06,0.000457785220134765
"asc_ruta3",NA,NA,NA,NA,NA,NA,NA,NA,NA,NA,NA,NA,NA,NA,NA,NA,NA,NA,NA,NA,NA,NA,NA,NA,NA,NA,NA,NA,NA,NA,NA,NA,NA,NA,NA,NA,NA,NA,NA,NA,NA
"asc_rutaEC",NA,NA,NA,NA,NA,NA,NA,NA,NA,NA,NA,NA,NA,NA,NA,NA,NA,NA,NA,NA,NA,NA,NA,NA,NA,NA,NA,NA,NA,NA,NA,NA,NA,NA,NA,NA,NA,NA,NA,NA,NA
"b_tt",0.000188970569674771,NA,NA,1,-0.282556743180833,-0.0185446211963277,-0.0819598260577826,0.00466917490208899,-0.0468473304354899,1.33316046879372e-05,0.0414461891755593,0.399349018657453,0.26955090290942,0.104409935185385,-3.12234486911618e-05,0.0558629346471279,0.0861771056935676,0.0593245996505668,-7.19803278120319e-05,0.062518410738796,-0.00372588313278389,0.0664701376865666,-0.000174610322932977,0.0485138357061697,-0.00670385723738066,0.092752979788938,-0.000176907055116918,0.0100806788236613,-0.0170750939094134,NA,-0.000208665080893916,NA,-0.0857293182785365,NA,-0.000412260606668659,NA,-0.144506285831401,-0.110210545632268,0.0747970887255125,-0.0732256752775819,-0.0505426201431658
"b_dt",-0.000550155804470079,NA,NA,-0.282556743180833,1,-0.0317101748612782,-0.0315983891381106,-0.0609201566886595,-0.0963769771113201,-5.22163061004127e-06,-0.0694509917255297,-0.0713214859681476,-0.0614094494005299,0.110809968650234,0.000129211008902851,-0.0257174801849359,0.0835560132580947,0.158830808704538,8.09383639651355e-05,0.000467736928367497,0.13123512144937,0.128748072827773,4.66939506505554e-05,0.0171027852496437,0.129684732056437,0.101624158017647,-5.21475273541326e-05,0.0349071648200793,0.0928845777448174,NA,0.000204380083273365,NA,0.115663118667897,NA,1.67309277615062e-05,NA,0.136122944347037,-0.0716427080697024,-0.028294379454849,-0.0293238501855931,-0.118098340332239
"b_CongAB_ruta1",-2.91201765456876e-06,NA,NA,-0.0185446211963277,-0.0317101748612782,1,0.318991840062691,0.108816288513464,0.090412519979435,3.26184013573026e-05,0.0943845412724577,0.0947130650444228,0.0522924191325434,-0.0940411160071056,0.000341486956800798,0.00526811988059119,0.0554889245048276,-0.0682718769063214,6.64708436618217e-05,-0.0185572429488149,-0.0192787058841983,-0.0817629043413789,3.01521284884907e-05,-0.0210730001163405,-0.0473462184023991,-0.019984876696194,5.46141185757234e-05,-0.0165855266533781,-0.0084939669025537,NA,3.42941832998465e-05,NA,-0.0254992899984122,NA,-4.07216776101085e-05,NA,-0.0247626916393413,-0.0387236831578695,0.0269367697530859,-0.0709784382181065,-0.00153439825119207
"b_CongCD_ruta1",0.000854261412455336,NA,NA,-0.0819598260577826,-0.0315983891381106,0.318991840062691,1,0.0548060091907549,0.149905949664372,6.11978259251067e-06,0.0994106010855026,0.0568380980590121,0.0786784798616628,-0.045344867713355,-0.000177761992352322,0.00231804120859705,0.0185292758839125,-0.0144045808855744,-0.000198834183954831,0.00214292541062655,0.0539498317020671,-0.024281371910588,-0.00023739318711602,0.00750875308032145,0.0324795943168701,-0.0151900192520458,-0.000271180812418192,0.00689364876639456,0.0215662351722745,NA,-0.000201341049511754,NA,-0.0362464397973697,NA,-0.000209851490356605,NA,-0.0181416582886953,0.0544139655983654,-0.0428135446606234,-0.0551582326112327,0.0752706179845702
"b_CongAB_ruta2",-0.000105573891208926,NA,NA,0.00466917490208899,-0.0609201566886595,0.108816288513464,0.0548060091907549,1,0.167487947512232,1.27048459528656e-05,0.0465456043116401,0.0365610351514497,0.0487919930750012,-7.54354233852355e-05,-0.00128382991187412,0.0199121508764078,0.0344374313825267,-0.00863500050530199,-7.25083751644554e-05,-0.00448169696402201,-0.00089196740306825,-0.0121962345781293,0.00021466727014809,-0.00570365700007368,0.00179368590234783,-0.00649532131203464,0.000257025603456077,0.000904217898510307,0.00463691685325252,NA,0.000119660767514915,NA,-0.0243908045805973,NA,0.000356918101718423,NA,-0.0186925375237382,0.0401506509843464,0.0175445244197895,-0.0216523279020558,0.0229841038832682
"b_CongCD_ruta2",-0.000267434917409747,NA,NA,-0.0468473304354899,-0.0963769771113201,0.090412519979435,0.149905949664372,0.167487947512232,1,5.75799326067538e-06,0.0795226632422823,0.0431396946200049,0.0638063717971494,-0.0414740601559868,9.33381089534113e-05,-0.0122351899612166,-0.0442542748654729,-0.026664724463677,7.75944957364312e-05,-0.0079258318987605,-0.0228669951696889,-0.0115924433603008,0.000454034249413048,-0.00581834765801487,-0.0126678233549002,-0.00852596467456954,0.000528213235846175,-0.000291053056018231,-0.009672431966168,NA,0.00040035703936275,NA,-0.0394288402337834,NA,0.000864037722576745,NA,-0.0421853018402694,0.0465952095906896,-0.0267619452162026,0.00838289088863725,0.0863029266283131
"b_CongAB_ruta3",8.93621573162842e-06,NA,NA,1.33316046879372e-05,-5.22163061004127e-06,3.26184013573026e-05,6.11978259251067e-06,1.27048459528656e-05,5.75799326067538e-06,1,5.46044717999576e-05,9.39611174627399e-06,5.31068622396039e-06,4.84923019140746e-06,-6.84311040782585e-06,-3.3074303798291e-05,1.16203850314468e-05,1.44628883579331e-06,-6.88330884816738e-06,-2.12383528679609e-05,2.30494783029325e-07,-3.69072763251411e-06,-6.8968393996038e-06,-7.77617247814908e-06,-3.59230775910079e-06,-1.68765012390091e-06,-6.89804395441496e-06,-2.80458547549846e-06,-2.65052780790155e-06,NA,-9.70274726464959e-06,NA,-3.25929781986642e-06,NA,-9.69993201009308e-06,NA,-3.15170354711282e-06,-1.4422620132605e-05,6.54621300473421e-06,-1.13977873056665e-05,1.13782525225154e-05
"b_CongCD_ruta3",0.00107153724922032,NA,NA,0.0414461891755593,-0.0694509917255297,0.0943845412724577,0.0994106010855026,0.0465456043116401,0.0795226632422823,5.46044717999576e-05,1,0.0723433220697145,0.0610371278217201,-0.023583046133521,-0.00024740367337154,-0.104248321559883,-0.0102444968945251,-0.0161324064422075,-0.000211568746447938,-0.0621079942053182,-0.00450258854985539,-0.0271923867256256,-0.000244018723295579,0.0269818929135768,-0.0165908838705188,-0.0200434675616468,-0.000230267136920907,-0.0403441177146673,-0.0150799482131766,NA,-0.000220570160699248,NA,-0.0679991523524993,NA,-0.000126535871958631,NA,-0.0589293428631253,-0.0026011670436426,-0.00547994926794651,0.000730426345617633,0.0525901824394788
"b_CongAB_rutaEC",-0.000297954975370928,NA,NA,0.399349018657453,-0.0713214859681476,0.0947130650444228,0.0568380980590121,0.0365610351514497,0.0431396946200049,9.39611174627399e-06,0.0723433220697145,1,0.752108438466517,0.048537985147448,0.000160111245277361,-0.00155722458397588,0.0112861661249058,0.0470573531876685,0.000140897238031319,0.00430028679863754,0.0217218142799163,0.0238670054688238,8.64380441063507e-05,-0.00491591434219156,0.0202186729023248,0.079308891398877,7.76578312581008e-05,-0.0284828663054543,0.111972451003559,NA,0.000144562626736249,NA,-0.21829655378295,NA,-0.000183125225474857,NA,-0.200482846362041,-0.0115586682218112,0.0652644283173441,-0.0498239671426237,-0.0340211581241228
"b_CongCD_rutaEC",-0.00024112257383909,NA,NA,0.26955090290942,-0.0614094494005299,0.0522924191325434,0.0786784798616628,0.0487919930750012,0.0638063717971494,5.31068622396039e-06,0.0610371278217201,0.752108438466517,1,0.0240184466566686,-1.05399881097139e-05,-0.00707497160011861,0.0212729661848086,0.0366831965068811,9.50343581841348e-05,0.00624122185908849,0.0487716869738536,0.0370284820308515,0.000109003070061839,0.0011103602972961,0.0597655430658398,0.10702716930314,0.000131043664213264,-0.0154369031181121,0.167986182729262,NA,0.000145888517225338,NA,-0.207002989203146,NA,2.44849964064175e-05,NA,-0.176022020806863,0.0500710045356652,0.0272741659638145,0.0103579645630737,-0.0879245941818176
"b_Sem_0_ruta1",0.00233567558403741,NA,NA,0.104409935185385,0.110809968650234,-0.0940411160071056,-0.045344867713355,-7.54354233852355e-05,-0.0414740601559868,4.84923019140746e-06,-0.023583046133521,0.048537985147448,0.0240184466566686,1,-0.000299154551419244,0.199226607893038,0.447770482101256,0.872444571560336,-0.000706670745479759,0.203327546707041,0.382918118035769,0.845396996396979,-0.00103938445553271,0.174974755616493,0.33019258855304,0.758816152268043,-0.00134345561045917,0.146919781021052,0.190386160992381,NA,-0.000837864589410521,NA,0.0173018806614617,NA,-0.000876123417146293,NA,-0.0476928611437529,0.0735134069613147,0.049177081462798,-0.00730454320007754,0.0737154748060503
"b_Sem_0_ruta2",-1.45813112766871,NA,NA,-3.12234486911618e-05,0.000129211008902851,0.000341486956800798,-0.000177761992352322,-0.00128382991187412,9.33381089534113e-05,-6.84311040782585e-06,-0.00024740367337154,0.000160111245277361,-1.05399881097139e-05,-0.000299154551419244,1,-0.000488878986162693,0.000942506423788778,-0.000814869690838438,0.999978756243307,-0.00100747733165796,0.000489171205664364,-0.000991501833371627,0.999977964845334,-0.00111752985644798,0.000394778038423156,-0.000831204495718971,0.999973819342802,-0.0010268491827066,0.000492544357926471,NA,3.11933907446816,NA,0.000891852599610026,NA,3.11929389434215,NA,0.000970268600706941,5.56356154786451e-05,-0.000127552170999924,-4.11942177641549e-05,0.000250301371457978
"b_Sem_0_ruta3",0.0027404678240191,NA,NA,0.0558629346471279,-0.0257174801849359,0.00526811988059119,0.00231804120859705,0.0199121508764078,-0.0122351899612166,-3.3074303798291e-05,-0.104248321559883,-0.00155722458397588,-0.00707497160011861,0.199226607893038,-0.000488878986162693,1,0.196174089050617,0.165579470633081,-0.000751508325836597,0.667130539257181,0.140056930144418,0.1330941396533,-0.000930421826508331,0.664536297078023,0.109766418054242,0.0847674685205777,-0.00111492795079733,0.638802457884051,0.018247284996908,NA,-0.000872198157045288,NA,0.0159860638905164,NA,-0.000898481472186899,NA,-0.000846053593917831,-0.00130539238206432,0.00528562346252441,0.0546158193028755,0.0382328535726058
"b_Sem_0_rutaEC",-0.00185398060233447,NA,NA,0.0861771056935676,0.0835560132580947,0.0554889245048276,0.0185292758839125,0.0344374313825267,-0.0442542748654729,1.16203850314468e-05,-0.0102444968945251,0.0112861661249058,0.0212729661848086,0.447770482101256,0.000942506423788778,0.196174089050617,1,0.355128428559181,0.000386070142674409,0.164091028900362,0.800079150820748,0.306568432054763,9.25419779931682e-05,0.139906342043617,0.757194411903526,0.225916072243858,-0.000159279828517808,0.118386956035304,0.641883348634459,NA,0.000306483226263521,NA,0.00747323939422588,NA,0.000321681657138399,NA,0.052180141115843,0.0369132760209064,-0.0106891125540539,0.0110394497312856,0.0350914606355517
"b_Sem_1_ruta1",0.00255363733639748,NA,NA,0.0593245996505668,0.158830808704538,-0.0682718769063214,-0.0144045808855744,-0.00863500050530199,-0.026664724463677,1.44628883579331e-06,-0.0161324064422075,0.0470573531876685,0.0366831965068811,0.872444571560336,-0.000814869690838438,0.165579470633081,0.355128428559181,1,-0.000831458243065902,0.206345068827491,0.40582525370148,0.913115025907322,-0.00109171381776856,0.189273730143475,0.364683334586111,0.821471408257293,-0.00141115981771287,0.161163064637996,0.216682334203918,NA,-0.000899557664657281,NA,0.0246110232306189,NA,-0.000902232494692182,NA,-0.0313268850998588,0.0142505593790447,0.0294565595898949,0.0178669472619222,0.0110482707781842
"b_Sem_1_ruta2",-1.45816029113249,NA,NA,-7.19803278120319e-05,8.09383639651355e-05,6.64708436618217e-05,-0.000198834183954831,-7.25083751644554e-05,7.75944957364312e-05,-6.88330884816738e-06,-0.000211568746447938,0.000140897238031319,9.50343581841348e-05,-0.000706670745479759,0.999978756243307,-0.000751508325836597,0.000386070142674409,-0.000831458243065902,1,-0.00100127055027242,0.000472800670644102,-0.000990837511901143,0.999996361531345,-0.00110521414932667,0.000392350545947402,-0.000837380752941832,0.999992293398101,-0.00102500867421707,0.000498865994804108,NA,3.11940358291265,NA,0.000891738770716392,NA,3.11935809910969,NA,0.000983695888328244,6.00840427051995e-05,-0.000115383760465537,7.86420090100505e-05,4.67214116729377e-06
"b_Sem_1_ruta3",0.00354036982549795,NA,NA,0.062518410738796,0.000467736928367497,-0.0185572429488149,0.00214292541062655,-0.00448169696402201,-0.0079258318987605,-2.12383528679609e-05,-0.0621079942053182,0.00430028679863754,0.00624122185908849,0.203327546707041,-0.00100747733165796,0.667130539257181,0.164091028900362,0.206345068827491,-0.00100127055027242,1,0.181262969206007,0.180175367500678,-0.00117595931043867,0.854535643945909,0.14839259158967,0.115760241890204,-0.00140346706031018,0.818618329303165,0.0283322101014581,NA,-0.00112598092036305,NA,0.0163615468612033,NA,-0.00116632892844341,NA,-0.0050742394516056,0.033412488563229,-0.00223710042785692,0.0395611865798457,-0.00562508686051498
"b_Sem_1_rutaEC",-0.00235668674841875,NA,NA,-0.00372588313278389,0.13123512144937,-0.0192787058841983,0.0539498317020671,-0.00089196740306825,-0.0228669951696889,2.30494783029325e-07,-0.00450258854985539,0.0217218142799163,0.0487716869738536,0.382918118035769,0.000489171205664364,0.140056930144418,0.800079150820748,0.40582525370148,0.000472800670644102,0.181262969206007,1,0.362219627734988,0.000211985903779799,0.162522371897668,0.899937768709604,0.257425834686833,-5.98850404843808e-05,0.139844542343308,0.772725696055535,NA,0.000452628138684356,NA,-0.00381667070926766,NA,0.000577485487754332,NA,0.0649357003972171,0.0775498521976429,-0.0429768526415794,0.0152414310728361,0.0164982454450803
"b_Sem_2_ruta1",0.00271352910669613,NA,NA,0.0664701376865666,0.128748072827773,-0.0817629043413789,-0.024281371910588,-0.0121962345781293,-0.0115924433603008,-3.69072763251411e-06,-0.0271923867256256,0.0238670054688238,0.0370284820308515,0.845396996396979,-0.000991501833371627,0.1330941396533,0.306568432054763,0.913115025907322,-0.000990837511901143,0.180175367500678,0.362219627734988,1,-0.00101601128842438,0.185005202181136,0.380644669808316,0.841030708751121,-0.00128411551594555,0.158420923544424,0.234443409651155,NA,-0.000940087327207647,NA,0.0218011990868693,NA,-0.000924362745848909,NA,-0.0422596135439416,0.0319988593571047,-0.00417159278356004,0.0265783242046819,-0.0256370316626609
"b_Sem_2_ruta2",-1.45816150903499,NA,NA,-0.000174610322932977,4.66939506505554e-05,3.01521284884907e-05,-0.00023739318711602,0.00021466727014809,0.000454034249413048,-6.8968393996038e-06,-0.000244018723295579,8.64380441063507e-05,0.000109003070061839,-0.00103938445553271,0.999977964845334,-0.000930421826508331,9.25419779931682e-05,-0.00109171381776856,0.999996361531345,-0.00117595931043867,0.000211985903779799,-0.00101601128842438,1,-0.00116264915363579,0.000446094920828703,-0.000892781808433812,0.999993602282498,-0.00106285872860409,0.000566580394935933,NA,3.11940444041773,NA,0.000954423610593826,NA,3.1193568890242,NA,0.00107411856865941,-8.98503033161906e-05,-0.000227359445920521,-2.26560992420215e-05,-0.000211289797138511
"b_Sem_2_ruta3",0.00377648315751644,NA,NA,0.0485138357061697,0.0171027852496437,-0.0210730001163405,0.00750875308032145,-0.00570365700007368,-0.00581834765801487,-7.77617247814908e-06,0.0269818929135768,-0.00491591434219156,0.0011103602972961,0.174974755616493,-0.00111752985644798,0.664536297078023,0.139906342043617,0.189273730143475,-0.00110521414932667,0.854535643945909,0.162522371897668,0.185005202181136,-0.00116264915363579,1,0.158945711449004,0.119856239310514,-0.00135379568094406,0.841108295759221,0.0409366931608838,NA,-0.00115286720295446,NA,0.00357355368344383,NA,-0.00115641782163475,NA,-0.0153490666864071,-0.00529359487303381,-0.0446521580054114,0.0596316469095844,-0.0288576637734807
"b_Sem_2_rutaEC",-0.00273518383838352,NA,NA,-0.00670385723738066,0.129684732056437,-0.0473462184023991,0.0324795943168701,0.00179368590234783,-0.0126678233549002,-3.59230775910079e-06,-0.0165908838705188,0.0202186729023248,0.0597655430658398,0.33019258855304,0.000394778038423156,0.109766418054242,0.757194411903526,0.364683334586111,0.000392350545947402,0.14839259158967,0.899937768709604,0.380644669808316,0.000446094920828703,0.158945711449004,1,0.282294626248197,0.000244515445987123,0.137641420555266,0.799569810487652,NA,0.000556220350741218,NA,0.0275577335951785,NA,0.000717032047069573,NA,0.0885488715004844,0.0607099236878096,-0.0700927812566432,0.0435129039797352,-0.00732830007588844
"b_Sem_3_ruta1",0.0024427453886613,NA,NA,0.092752979788938,0.101624158017647,-0.019984876696194,-0.0151900192520458,-0.00649532131203464,-0.00852596467456954,-1.68765012390091e-06,-0.0200434675616468,0.079308891398877,0.10702716930314,0.758816152268043,-0.000831204495718971,0.0847674685205777,0.225916072243858,0.821471408257293,-0.000837380752941832,0.115760241890204,0.257425834686833,0.841030708751121,-0.000892781808433812,0.119856239310514,0.282294626248197,1,-0.00089785034872285,0.100649849939845,0.226437775740274,NA,-0.000880582141148064,NA,0.00588400350320564,NA,-0.000910920389751124,NA,-0.0601438672338571,0.0560830752422942,-0.00882764656020452,-0.00025591248062449,-0.025889190494431
"b_Sem_3_ruta2",-1.4581496062786,NA,NA,-0.000176907055116918,-5.21475273541326e-05,5.46141185757234e-05,-0.000271180812418192,0.000257025603456077,0.000528213235846175,-6.89804395441496e-06,-0.000230267136920907,7.76578312581008e-05,0.000131043664213264,-0.00134345561045917,0.999973819342802,-0.00111492795079733,-0.000159279828517808,-0.00141115981771287,0.999992293398101,-0.00140346706031018,-5.98850404843808e-05,-0.00128411551594555,0.999993602282498,-0.00135379568094406,0.000244515445987123,-0.00089785034872285,1,-0.00123420840356203,0.000611886951802456,NA,3.11938305369337,NA,0.00035482858985552,NA,3.11933707083053,NA,0.000522086180729571,6.29400032525176e-06,-0.000259629010155469,-7.33338115141603e-05,-0.00024631925061713
"b_Sem_3_ruta3",0.00343785012563264,NA,NA,0.0100806788236613,0.0349071648200793,-0.0165855266533781,0.00689364876639456,0.000904217898510307,-0.000291053056018231,-2.80458547549846e-06,-0.0403441177146673,-0.0284828663054543,-0.0154369031181121,0.146919781021052,-0.0010268491827066,0.638802457884051,0.118386956035304,0.161163064637996,-0.00102500867421707,0.818618329303165,0.139844542343308,0.158420923544424,-0.00106285872860409,0.841108295759221,0.137641420555266,0.100649849939845,-0.00123420840356203,1,0.0413562945942983,NA,-0.00106825167884985,NA,0.0236566620583357,NA,-0.00108537404940741,NA,0.0114393679596995,0.00361755054399503,-0.0365031823421518,0.0218055260275939,-0.0168271282155219
"b_Sem_3_rutaEC",-0.00273178489496506,NA,NA,-0.0170750939094134,0.0928845777448174,-0.0084939669025537,0.0215662351722745,0.00463691685325252,-0.009672431966168,-2.65052780790155e-06,-0.0150799482131766,0.111972451003559,0.167986182729262,0.190386160992381,0.000492544357926471,0.018247284996908,0.641883348634459,0.216682334203918,0.000498865994804108,0.0283322101014581,0.772725696055535,0.234443409651155,0.000566580394935933,0.0409366931608838,0.799569810487652,0.226437775740274,0.000611886951802456,0.0413562945942983,1,NA,0.000610632709783559,NA,-0.0416961391504459,NA,0.000713708742234852,NA,0.0421234030010993,0.0574761110004009,-0.0930502361546634,0.00717776006808348,-0.0176132512677047
"b_ACC_0_ruta1",NA,NA,NA,NA,NA,NA,NA,NA,NA,NA,NA,NA,NA,NA,NA,NA,NA,NA,NA,NA,NA,NA,NA,NA,NA,NA,NA,NA,NA,NA,NA,NA,NA,NA,NA,NA,NA,NA,NA,NA,NA
"b_ACC_0_ruta2",-1.68600360396324,NA,NA,-0.000208665080893916,0.000204380083273365,3.42941832998465e-05,-0.000201341049511754,0.000119660767514915,0.00040035703936275,-9.70274726464959e-06,-0.000220570160699248,0.000144562626736249,0.000145888517225338,-0.000837864589410521,3.11933907446816,-0.000872198157045288,0.000306483226263521,-0.000899557664657281,3.11940358291265,-0.00112598092036305,0.000452628138684356,-0.000940087327207647,3.11940444041773,-0.00115286720295446,0.000556220350741218,-0.000880582141148064,3.11938305369337,-0.00106825167884985,0.000610632709783559,NA,1,NA,0.000889050911981939,NA,0.999988748273038,NA,0.00100260344046843,4.43860331077143e-06,-0.000247874339459725,0.000139031077431671,-7.36908881410586e-05
"b_ACC_0_ruta3",NA,NA,NA,NA,NA,NA,NA,NA,NA,NA,NA,NA,NA,NA,NA,NA,NA,NA,NA,NA,NA,NA,NA,NA,NA,NA,NA,NA,NA,NA,NA,NA,NA,NA,NA,NA,NA,NA,NA,NA,NA
"b_ACC_0_rutaEC",-0.00680887133450807,NA,NA,-0.0857293182785365,0.115663118667897,-0.0254992899984122,-0.0362464397973697,-0.0243908045805973,-0.0394288402337834,-3.25929781986642e-06,-0.0679991523524993,-0.21829655378295,-0.207002989203146,0.0173018806614617,0.000891852599610026,0.0159860638905164,0.00747323939422588,0.0246110232306189,0.000891738770716392,0.0163615468612033,-0.00381667070926766,0.0218011990868693,0.000954423610593826,0.00357355368344383,0.0275577335951785,0.00588400350320564,0.00035482858985552,0.0236566620583357,-0.0416961391504459,NA,0.000889050911981939,NA,1,NA,9.51133254644839e-05,NA,0.951886361486373,-0.0668984428573648,-0.0553075714446505,0.00220472105181002,-0.0149729284039074
"b_ACC_1_ruta1",NA,NA,NA,NA,NA,NA,NA,NA,NA,NA,NA,NA,NA,NA,NA,NA,NA,NA,NA,NA,NA,NA,NA,NA,NA,NA,NA,NA,NA,NA,NA,NA,NA,NA,NA,NA,NA,NA,NA,NA,NA
"b_ACC_1_ruta2",-1.68597570840694,NA,NA,-0.000412260606668659,1.67309277615062e-05,-4.07216776101085e-05,-0.000209851490356605,0.000356918101718423,0.000864037722576745,-9.69993201009308e-06,-0.000126535871958631,-0.000183125225474857,2.44849964064175e-05,-0.000876123417146293,3.11929389434215,-0.000898481472186899,0.000321681657138399,-0.000902232494692182,3.11935809910969,-0.00116632892844341,0.000577485487754332,-0.000924362745848909,3.1193568890242,-0.00115641782163475,0.000717032047069573,-0.000910920389751124,3.11933707083053,-0.00108537404940741,0.000713708742234852,NA,0.999988748273038,NA,9.51133254644839e-05,NA,1,NA,0.000289837046015425,0.000246116682626829,-0.000386676572677909,0.000376734518157387,0.00025128854282285
"b_ACC_1_ruta3",NA,NA,NA,NA,NA,NA,NA,NA,NA,NA,NA,NA,NA,NA,NA,NA,NA,NA,NA,NA,NA,NA,NA,NA,NA,NA,NA,NA,NA,NA,NA,NA,NA,NA,NA,NA,NA,NA,NA,NA,NA
"b_ACC_1_rutaEC",-0.00708979447207761,NA,NA,-0.144506285831401,0.136122944347037,-0.0247626916393413,-0.0181416582886953,-0.0186925375237382,-0.0421853018402694,-3.15170354711282e-06,-0.0589293428631253,-0.200482846362041,-0.176022020806863,-0.0476928611437529,0.000970268600706941,-0.000846053593917831,0.052180141115843,-0.0313268850998588,0.000983695888328244,-0.0050742394516056,0.0649357003972171,-0.0422596135439416,0.00107411856865941,-0.0153490666864071,0.0885488715004844,-0.0601438672338571,0.000522086180729571,0.0114393679596995,0.0421234030010993,NA,0.00100260344046843,NA,0.951886361486373,NA,0.000289837046015425,NA,1,-0.0670781267919427,-0.0814896204393017,0.000104103519055266,-0.0106167203736827
"b_SI_CAMFD",0.000316056335126535,NA,NA,-0.110210545632268,-0.0716427080697024,-0.0387236831578695,0.0544139655983654,0.0401506509843464,0.0465952095906896,-1.4422620132605e-05,-0.0026011670436426,-0.0115586682218112,0.0500710045356652,0.0735134069613147,5.56356154786451e-05,-0.00130539238206432,0.0369132760209064,0.0142505593790447,6.00840427051995e-05,0.033412488563229,0.0775498521976429,0.0319988593571047,-8.98503033161906e-05,-0.00529359487303381,0.0607099236878096,0.0560830752422942,6.29400032525176e-06,0.00361755054399503,0.0574761110004009,NA,4.43860331077143e-06,NA,-0.0668984428573648,NA,0.000246116682626829,NA,-0.0670781267919427,1,-0.0598641980807416,0.100219330547875,0.105139769573935
"b_SI_PANEL",0.000685562263665681,NA,NA,0.0747970887255125,-0.028294379454849,0.0269367697530859,-0.0428135446606234,0.0175445244197895,-0.0267619452162026,6.54621300473421e-06,-0.00547994926794651,0.0652644283173441,0.0272741659638145,0.049177081462798,-0.000127552170999924,0.00528562346252441,-0.0106891125540539,0.0294565595898949,-0.000115383760465537,-0.00223710042785692,-0.0429768526415794,-0.00417159278356004,-0.000227359445920521,-0.0446521580054114,-0.0700927812566432,-0.00882764656020452,-0.000259629010155469,-0.0365031823421518,-0.0930502361546634,NA,-0.000247874339459725,NA,-0.0553075714446505,NA,-0.000386676572677909,NA,-0.0814896204393017,-0.0598641980807416,1,0.0277817008142061,-0.0421998102842155
"b_SI_ZER",-8.72938169441995e-06,NA,NA,-0.0732256752775819,-0.0293238501855931,-0.0709784382181065,-0.0551582326112327,-0.0216523279020558,0.00838289088863725,-1.13977873056665e-05,0.000730426345617633,-0.0498239671426237,0.0103579645630737,-0.00730454320007754,-4.11942177641549e-05,0.0546158193028755,0.0110394497312856,0.0178669472619222,7.86420090100505e-05,0.0395611865798457,0.0152414310728361,0.0265783242046819,-2.26560992420215e-05,0.0596316469095844,0.0435129039797352,-0.00025591248062449,-7.33338115141603e-05,0.0218055260275939,0.00717776006808348,NA,0.000139031077431671,NA,0.00220472105181002,NA,0.000376734518157387,NA,0.000104103519055266,0.100219330547875,0.0277817008142061,1,-0.0558923761831485
"b_Si_MTRP",0.000457785220134765,NA,NA,-0.0505426201431658,-0.118098340332239,-0.00153439825119207,0.0752706179845702,0.0229841038832682,0.0863029266283131,1.13782525225154e-05,0.0525901824394788,-0.0340211581241228,-0.0879245941818176,0.0737154748060503,0.000250301371457978,0.0382328535726058,0.0350914606355517,0.0110482707781842,4.67214116729377e-06,-0.00562508686051498,0.0164982454450803,-0.0256370316626609,-0.000211289797138511,-0.0288576637734807,-0.00732830007588844,-0.025889190494431,-0.00024631925061713,-0.0168271282155219,-0.0176132512677047,NA,-7.36908881410586e-05,NA,-0.0149729284039074,NA,0.00025128854282285,NA,-0.0106167203736827,0.105139769573935,-0.0421998102842155,-0.0558923761831485,1
