"","asc_ruta2","asc_ruta3","asc_rutaEC","b_tt_ruta1","b_tt_ruta2","b_tt_ruta3","b_tt_rutaEC","b_dt_ruta1","b_dt_ruta2","b_dt_ruta3","b_dt_rutaEC","b_CongAB_ruta1","b_CongCD_ruta1","b_CongAB_ruta2","b_CongCD_ruta2","b_CongAB_ruta3","b_CongCD_ruta3","b_CongAB_rutaEC","b_CongCD_rutaEC","b_Sem_0_ruta1","b_Sem_0_ruta2","b_Sem_0_ruta3","b_Sem_0_rutaEC","b_Sem_1_ruta1","b_Sem_1_ruta2","b_Sem_1_ruta3","b_Sem_1_rutaEC","b_Sem_2_ruta1","b_Sem_2_ruta2","b_Sem_2_ruta3","b_Sem_2_rutaEC","b_Sem_3_ruta1","b_Sem_3_ruta2","b_Sem_3_ruta3","b_Sem_3_rutaEC","b_ACC_0_ruta1","b_ACC_0_ruta2","b_ACC_0_ruta3","b_ACC_0_rutaEC","b_ACC_1_ruta1","b_ACC_1_ruta2","b_ACC_1_ruta3","b_ACC_1_rutaEC"
"asc_ruta2",1,0.999140138014998,0.999432818368102,-0.00271174243051779,0.00299895021799759,-0.00403076500098554,0.00388021209991122,-0.00172342497336073,0.00165932162664669,-0.00558223261220887,-0.00720129875845316,-0.00343509716126553,-0.00290568093008587,0.00287923268422575,0.000866232098763307,-0.000572327582577509,-0.000555166632986528,-0.00183568257182095,-0.00144763477084851,0.00233095765199009,0.0276924234030152,-0.00704300575934687,0.010370167052936,0.00654672271642507,0.0284026317542227,-0.00658096937364171,0.010911066749569,0.00752100217767956,0.0284034242132118,-0.00797055135692278,0.0116778588586242,0.00176533719944852,0.028076189041618,-0.00292980714547941,0.00687161709537978,-0.999351345633913,0.00824134924975198,0.00326184716990948,0.00533009474544887,-0.999340417398708,0.00862424570465165,0.00286867018040691,0.00558747034309391
"asc_ruta3",0.999140138014998,1,0.999668528807293,-0.00356078393309322,-0.00368268893878783,0.00595301616321651,-0.00218083991100644,-0.00132140264171667,-0.00115503718662887,0.00231301007118532,-0.00146538051440636,-0.000116147775073092,-0.00039553784765387,0.000197147182701901,-0.000169666785449,0.000480734417099666,0.00149330833248504,-5.7724710215136e-05,0.000269468500248202,-0.00330570053064027,-0.00252426504872184,0.00656055446042749,-0.00341690300430808,-0.00338512259879376,-0.00268665813332511,0.00769921575016188,-0.00364704755237462,-0.002981509320343,-0.00262947722718376,0.007447328491174,-0.00354848433854542,-0.00278363030850259,-0.00252574116120083,0.00745470644918715,-0.00311139835315935,-0.999835905679389,-0.00906841403373635,-0.00322517268407499,-0.00993824773374352,-0.999824127296765,-0.00879722843667685,-0.00193599708395235,-0.00985023310376646
"asc_rutaEC",0.999432818368102,0.999668528807293,1,-0.00253021649900826,0.000248203574007313,-0.00212461507761066,0.00250907609423163,0.00222529759128501,0.000607499233002534,0.000361854198736968,0.00273131410021104,-0.00109491469706219,-0.000933137815037142,0.000568957270480945,0.000971291623676186,-0.000131238314364499,0.00138610392508068,-1.98738623595209e-05,-8.56372857928301e-05,-0.00274541792037175,-6.00918856252268e-05,-0.00210585422960952,0.00186574917159469,-0.00187699968765585,0.000117591024396449,-0.00219275780586343,0.00181802409224473,-0.00172773176930125,0.000159670422665144,-0.00217491724955969,0.00191551075590632,-0.00220250414500237,-5.08994256389461e-05,-0.00229464596390879,0.0019093699511331,-0.999799648969531,0.00789328157930457,0.00821346190917437,0.0100186274387567,-0.999789156769864,0.00782199996527187,0.00724721288532758,0.0100994529005277
"b_tt_ruta1",-0.00271174243051779,-0.00356078393309322,-0.00253021649900826,1,0.624345007527483,-0.191464081188403,-0.391126649218589,-0.370282481215395,-0.169488413267779,-0.0858342574014953,-0.133970958276015,0.218169754369261,0.167775337069185,-0.0112395937921971,-0.0224046138241073,0.00516890658460569,-0.0773506555628156,0.0967101972381303,0.0265537568405423,0.225951476939995,0.0549310080503858,-0.0109364326486178,0.0419699771725311,0.135881580043177,0.0510763912793653,0.00275097338639525,0.0369978609617389,0.0930178836666706,0.0528285934779691,0.0142172344948741,0.0278842912445647,0.102214434872683,0.0503392995979247,0.00437633757734247,0.0236488925925672,-0.00360540666315815,-0.204929951012028,-0.166846528913578,-0.0787148315482339,-0.00352430393610237,-0.21227564435748,-0.1725848397233,-0.0875183609186565
"b_tt_ruta2",0.00299895021799759,-0.00368268893878783,0.000248203574007313,0.624345007527483,1,-0.374055460437599,0.0852722235457775,-0.16403665805181,-0.292474207651354,-0.022035844743039,-0.123891686299846,-0.0555496794511689,-0.150198971589186,0.0949338795902232,0.0825261271484548,-0.00448872292830375,-0.0431530628701981,0.126792224537983,0.0126871467468151,0.0100345723297692,0.0291279490509078,-0.0374477595283406,0.0935110060292607,-0.0208849100717381,0.0219671174327792,-0.0272998042636082,0.0282505834536174,-0.00718646775783864,0.0213423093680561,-0.0474433258658699,0.00874041231164451,-0.0150706472555259,0.0177080268759635,-0.0404280012764324,-0.0273265593202415,-0.000142708304435383,0.0195540602614891,-0.0952629344619695,-0.0238669959569801,-6.65214352310471e-05,0.0148987323706289,-0.098703225871093,-0.0262091804090082
"b_tt_ruta3",-0.00403076500098554,0.00595301616321651,-0.00212461507761066,-0.191464081188403,-0.374055460437599,1,-0.343978472165819,-0.206594261116165,-0.0816066572715174,-0.252008101696522,-0.0822531783791038,0.0803307597762503,0.0861745489163158,-0.0341480880231093,-0.038955811196879,0.0418413831622991,0.158007342724532,0.252122554968904,0.206759430485358,0.108031116872825,-0.0220146930563132,0.121978372111629,-0.0359292403172121,0.0732569749818703,-0.0252082271069849,0.108757328905197,-0.0252564536142558,0.0655700713630996,-0.0269206988450816,0.110579382559331,-0.0158493775647825,0.121954641655042,-0.0260649732860398,0.0440398733655646,0.0440244761299484,-0.000790972615216641,-0.204453088728948,-0.119658455615143,-0.173524932251879,-0.000615956251319929,-0.206332922251445,-0.138117698033968,-0.1882293269865
"b_tt_rutaEC",0.00388021209991122,-0.00218083991100644,0.00250907609423163,-0.391126649218589,0.0852722235457775,-0.343978472165819,1,0.160752981125531,-0.0704237831082764,0.0649243675145902,0.021100577177082,-0.191160959225506,-0.212890249946612,0.0623349454087357,0.0594140290394373,-0.00975202705357333,-0.000586660021353464,0.0204056102971497,-0.000246331298208155,-0.134143409198293,-0.00115819856601235,-0.0416561425998854,0.0639441269558433,-0.0942162165309788,-0.00150861670288066,-0.0463977012205317,-0.0132909137983665,-0.0596538903368628,-0.00393692518243936,-0.0665790740199886,-0.0185822721416848,-0.0790745606460351,-0.0055198235863757,-0.0422660407872771,-0.0515851227431172,0.00328768392517124,0.187726181876299,0.0607696502423215,0.0501261666538466,0.0032068973412586,0.188779694340236,0.0696467305910082,0.0499131059341696
"b_dt_ruta1",-0.00172342497336073,-0.00132140264171667,0.00222529759128501,-0.370282481215395,-0.16403665805181,-0.206594261116165,0.160752981125531,1,0.6169446792787,0.68942201246427,0.762869052074986,-0.125073294299869,-0.122076635040032,-0.00568133729910001,0.0426478961817872,-0.0231728150215116,-0.0248480788115888,-0.0198110245026628,-0.0132936181340154,-0.000916589771511446,-0.0449871576304347,-0.111706136565579,0.0662112218445042,0.0651497009006103,-0.0235433641640761,-0.104493856671137,0.0902818072519443,0.0487117308416902,-0.0162225957062489,-0.0854164390955072,0.0817091964037872,0.0156464737008302,0.00981822608324512,-0.0734256859675729,0.0381937394441282,0.000349038372493669,0.123921409982076,0.0569377044269184,0.067949985270118,-5.66416005127104e-05,0.146562939195763,0.0565105886098718,0.0786275668687141
"b_dt_ruta2",0.00165932162664669,-0.00115503718662887,0.000607499233002534,-0.169488413267779,-0.292474207651354,-0.0816066572715174,-0.0704237831082764,0.6169446792787,1,0.249130385506809,0.284401186452842,-0.0224229255460861,-0.0070883009985539,-0.129672591751314,-0.10478556762577,-0.0178145301083391,-0.0513863108823595,-0.0421253131430395,-0.0182127087140966,0.0635783654355907,0.077566022161108,-0.0949057549988203,0.0920995389624634,0.13478878269021,0.0749424302921313,-0.0930575136699801,0.119231283208039,0.108316741923235,0.0708696563505628,-0.0634347635497952,0.119321533480165,0.0720406502351113,0.0725216222246771,-0.0494710624933836,0.0708691054695162,-0.000554350944083763,-0.0379467337260019,-0.0648520554485919,-0.0179461532798043,-0.000750372092806626,-0.0392626249263663,-0.0667333213037016,-0.00966543813368304
"b_dt_ruta3",-0.00558223261220887,0.00231301007118532,0.000361854198736968,-0.0858342574014953,-0.022035844743039,-0.252008101696522,0.0649243675145902,0.68942201246427,0.249130385506809,1,0.749796249896935,-0.00521976613031345,-0.0224329228921081,0.0623221474068868,0.0807126067114181,0.000592997070903061,-0.0846100393115492,-0.0109650692348838,-0.0135121765115317,-0.0348062634383538,-0.0942013288587681,-0.0233344645528282,0.0255519195394562,0.00357360034152086,-0.0677901787776688,-0.0527261608100735,0.031900256103553,-0.01138097669827,-0.0559893203556555,-0.0571666855777207,0.0200904027503492,-0.0289312869425764,-0.0227071736543481,-0.0980422543479879,-0.0076688337346363,-0.000750386411788554,-0.0324004658812033,-0.0698650688791766,-0.0767091270402016,-0.00100471827856204,0.000406053943547867,-0.0529694889860145,-0.0684547144502788
"b_dt_rutaEC",-0.00720129875845316,-0.00146538051440636,0.00273131410021104,-0.133970958276015,-0.123891686299846,-0.0822531783791038,0.021100577177082,0.762869052074986,0.284401186452842,0.749796249896935,1,0.0191717853030284,0.00544315043740401,0.0461568406343475,0.08911556297309,-0.00574805980561572,-0.00335578973142708,0.096785922450425,0.0749640129206098,-0.0144270557613762,-0.120635380274209,-0.0668680459137079,0.086284506074824,0.026374553112083,-0.0893876595632888,-0.0560367967219802,0.0695702305289217,0.00486813357192547,-0.075298315865627,-0.0367787277564018,0.0600549396563627,-0.00774171982176557,-0.0412457897958393,-0.0492657017412504,0.0192768075403377,0.000756807173662235,0.0863228554861414,0.0749826252636244,0.0921986087619106,0.000442449790195014,0.116452772239246,0.0655486324513922,0.0941489397833963
"b_CongAB_ruta1",-0.00343509716126553,-0.000116147775073092,-0.00109491469706219,0.218169754369261,-0.0555496794511689,0.0803307597762503,-0.191160959225506,-0.125073294299869,-0.0224229255460861,-0.00521976613031345,0.0191717853030284,1,0.415579964248231,0.195158337901405,0.125725177417572,0.0684198907524723,0.0648311550087724,0.122404897421778,0.0783103330265618,0.0148355374015372,0.00265373683299745,0.0223417567125699,0.0459188913166528,0.0243234427238054,0.00705810757265792,0.0206767571585323,0.0114015457730248,-0.0114233026942309,0.00786546895292359,0.0230414108906193,-0.0127015061007655,0.0429214018710989,0.0080156247744953,0.0126076272873909,0.0216961130984898,-0.0012118957909435,-0.140177823819422,-0.0705825680210665,-0.0481109294917441,-0.00120862389616472,-0.136491669350223,-0.0696243558608266,-0.0537087297737962
"b_CongCD_ruta1",-0.00290568093008587,-0.00039553784765387,-0.000933137815037142,0.167775337069185,-0.150198971589186,0.0861745489163158,-0.212890249946612,-0.122076635040032,-0.0070883009985539,-0.0224329228921081,0.00544315043740401,0.415579964248231,1,0.0589257090018362,0.231630455049727,0.0144607235361088,0.115295732090954,0.0457026107705675,0.105411222263109,0.0561049520617748,0.0142345246465424,0.0108982051280314,0.0221350210561291,0.0834368561734341,0.021937292514171,0.0162461375539832,0.0764815208693414,0.0533937068973981,0.0227399757832957,0.0337325410298639,0.0639429669785017,0.0642949150759961,0.0204907389283108,0.0208369863063687,0.0665500858297818,-0.00142362173307109,-0.0975810156476987,-0.0110947059575817,0.00267194871533322,-0.00160263720575088,-0.0939833998065677,-0.0146187749040863,0.00236782055506787
"b_CongAB_ruta2",0.00287923268422575,0.000197147182701901,0.000568957270480945,-0.0112395937921971,0.0949338795902232,-0.0341480880231093,0.0623349454087357,-0.00568133729910001,-0.129672591751314,0.0623221474068868,0.0461568406343475,0.195158337901405,0.0589257090018362,1,0.243554200493006,-0.00692085320804289,0.0808718040238714,0.0619013711137791,0.0415074090039876,-0.043295427231988,0.00220916681021104,-0.0297420686969985,0.00536145429773582,-0.0137612745977473,0.0582095195265542,-0.0253338705384831,0.0270996233310916,-0.0125608881602273,0.0695785795275488,-0.033235497297187,0.0280209761794095,-0.0298131301975308,0.0750902368958503,-0.014183852416877,0.0259914410546534,0.000648562606202534,0.0262598813243005,0.0271647596392963,0.00844337798084167,0.000733452319285782,0.0397611960246496,0.0382925335425572,0.0099581803248048
"b_CongCD_ruta2",0.000866232098763307,-0.000169666785449,0.000971291623676186,-0.0224046138241073,0.0825261271484548,-0.038955811196879,0.0594140290394373,0.0426478961817872,-0.10478556762577,0.0807126067114181,0.08911556297309,0.125725177417572,0.231630455049727,0.243554200493006,1,-0.0164406699102984,0.169650052310035,0.0724389491529102,0.0566821196182008,-0.0570577786306496,0.0180758531136303,-0.040307569593803,0.023574327262274,-0.0110642703577669,0.0227619082414546,-0.0277969574303987,0.0257204963536183,0.000608503710672687,0.0370150084069032,-0.019775912971984,0.0284426386323085,-0.00666116801659302,0.042052644054667,-0.0253485387272502,0.0278521518408741,0.000980985741593424,-0.011244341503112,0.0265529696545539,0.0229289312614421,0.000869301938535788,0.0026571702508196,0.0215829844440034,0.0214787116001782
"b_CongAB_ruta3",-0.000572327582577509,0.000480734417099666,-0.000131238314364499,0.00516890658460569,-0.00448872292830375,0.0418413831622991,-0.00975202705357333,-0.0231728150215116,-0.0178145301083391,0.000592997070903061,-0.00574805980561572,0.0684198907524723,0.0144607235361088,-0.00692085320804289,-0.0164406699102984,1,0.0513984159400299,0.0419679187022126,-0.0158112330356543,0.0059644845149289,0.00469935544512917,0.00180827302568173,-0.000324111697713052,0.0024000920663393,-0.00971115470938904,-0.00564988126516681,-0.00899365183847172,-0.00733328970649482,-0.0109585863611986,0.00592776060847237,-0.0137602345669943,-0.000209929062183867,-0.0121606417759935,0.00380997086627901,-0.0100295438449418,-5.44872668127634e-05,-0.0114638663017547,-0.0108002817670243,-0.0112724059840816,-7.20662857023213e-05,-0.0144999492141236,-0.00748879560966733,-0.0120404585234774
"b_CongCD_ruta3",-0.000555166632986528,0.00149330833248504,0.00138610392508068,-0.0773506555628156,-0.0431530628701981,0.158007342724532,-0.000586660021353464,-0.0248480788115888,-0.0513863108823595,-0.0846100393115492,-0.00335578973142708,0.0648311550087724,0.115295732090954,0.0808718040238714,0.169650052310035,0.0513984159400299,1,0.0229901281247235,0.0228552136603482,-0.00538964264530114,-0.041467327905624,-0.0361646730302104,-0.0102137993551103,0.00355722301927741,-0.0401056690891656,-0.000445514271976188,0.000457006071455272,-0.00291136898042188,-0.0388248132058264,0.0684235167968985,-0.00435877148266606,0.00952506104246812,-0.0436522908186396,0.0119409288889212,-0.00404205329078247,0.000930412449678751,0.0924256960500216,0.114028046170629,0.121113519891721,0.00109152856732389,0.0839459236684473,0.120034850227646,0.118499166782232
"b_CongAB_rutaEC",-0.00183568257182095,-5.7724710215136e-05,-1.98738623595209e-05,0.0967101972381303,0.126792224537983,0.252122554968904,0.0204056102971497,-0.0198110245026628,-0.0421253131430395,-0.0109650692348838,0.096785922450425,0.122404897421778,0.0457026107705675,0.0619013711137791,0.0724389491529102,0.0419679187022126,0.0229901281247235,1,0.740944916527792,0.0515738191209897,0.0433546728846965,-0.00534364388126772,0.057173665134997,0.067361810662824,0.0492205772748214,-0.00346222396518147,0.0593463220468881,0.0336782123062751,0.0478560816338906,-0.0180956487013358,0.0528693237874462,0.0849196669504996,0.047748114857023,-0.0208371605940727,0.121962489283356,0.000790260697894862,-0.143963074660751,-0.128745625344506,-0.168825222543308,0.000528849586531919,-0.153562262495082,-0.144384674907249,-0.156491602756947
"b_CongCD_rutaEC",-0.00144763477084851,0.000269468500248202,-8.56372857928301e-05,0.0265537568405423,0.0126871467468151,0.206759430485358,-0.000246331298208155,-0.0132936181340154,-0.0182127087140966,-0.0135121765115317,0.0749640129206098,0.0783103330265618,0.105411222263109,0.0415074090039876,0.0566821196182008,-0.0158112330356543,0.0228552136603482,0.740944916527792,1,0.0299127591891311,0.0358593130612339,-0.00829446898244368,0.0458550487031009,0.0613201255354805,0.0455450417905269,0.00364004022749006,0.0655374596352418,0.0443910906613101,0.0455488508718481,-0.00853145252337857,0.0744160920061763,0.109130018349798,0.0459187135633302,0.000130096754574241,0.169207180422892,0.000630841936703681,-0.116577684542791,-0.0896894208332355,-0.144338548703059,0.000506403906307482,-0.116879175060533,-0.0866021754682261,-0.126618988412896
"b_Sem_0_ruta1",0.00233095765199009,-0.00330570053064027,-0.00274541792037175,0.225951476939995,0.0100345723297692,0.108031116872825,-0.134143409198293,-0.000916589771511446,0.0635783654355907,-0.0348062634383538,-0.0144270557613762,0.0148355374015372,0.0561049520617748,-0.043295427231988,-0.0570577786306496,0.0059644845149289,-0.00538964264530114,0.0515738191209897,0.0299127591891311,1,0.264011731115737,0.074208432270146,0.457249050412295,0.876034324753197,0.249202065375376,0.0128908125799734,0.455428181824007,0.845373311210771,0.241010539757201,0.04866423983116,0.416688836055925,0.783949386247992,0.240036885483979,0.0453731661629435,0.304980244119209,-0.00414706210476143,-0.133731990364008,-0.110736418001511,-0.0760805582101857,-0.00417605880761318,-0.132706591984833,-0.120993191945008,-0.0992602460970765
"b_Sem_0_ruta2",0.0276924234030152,-0.00252426504872184,-6.00918856252268e-05,0.0549310080503858,0.0291279490509078,-0.0220146930563132,-0.00115819856601235,-0.0449871576304347,0.077566022161108,-0.0942013288587681,-0.120635380274209,0.00265373683299745,0.0142345246465424,0.00220916681021104,0.0180758531136303,0.00469935544512917,-0.041467327905624,0.0433546728846965,0.0358593130612339,0.264011731115737,1,-0.168787827213002,0.491564054483975,0.410220880595783,0.966858424510816,-0.157027198501409,0.48774513352994,0.411227492633172,0.965449066094924,-0.195136354517114,0.492783232443546,0.206199464917635,0.956175425357996,-0.0271720830609902,0.31970415990923,0.000763289989225047,-0.169179144737586,-0.099670865055702,-0.046721936081577,0.000829310640322286,-0.154787628609302,-0.0959851109971365,-0.0445759064834141
"b_Sem_0_ruta3",-0.00704300575934687,0.00656055446042749,-0.00210585422960952,-0.0109364326486178,-0.0374477595283406,0.121978372111629,-0.0416561425998854,-0.111706136565579,-0.0949057549988203,-0.0233344645528282,-0.0668680459137079,0.0223417567125699,0.0108982051280314,-0.0297420686969985,-0.040307569593803,0.00180827302568173,-0.0361646730302104,-0.00534364388126772,-0.00829446898244368,0.074208432270146,-0.168787827213002,1,0.11588046345401,0.0243160199774686,-0.195364194606712,0.712470405212432,0.0612793747351076,0.0418502274857188,-0.193396420718652,0.71210497116038,0.0476278419403284,0.00616902494830216,-0.189672391414655,0.655305699787141,0.0212152316947961,-0.0010161991561866,-0.179151605702425,-0.298182593121311,-0.22426940631213,-0.00097977586172786,-0.180676265727837,-0.276800038811636,-0.230221768589697
"b_Sem_0_rutaEC",0.010370167052936,-0.00341690300430808,0.00186574917159469,0.0419699771725311,0.0935110060292607,-0.0359292403172121,0.0639441269558433,0.0662112218445042,0.0920995389624634,0.0255519195394562,0.086284506074824,0.0459188913166528,0.0221350210561291,0.00536145429773582,0.023574327262274,-0.000324111697713052,-0.0102137993551103,0.057173665134997,0.0458550487031009,0.457249050412295,0.491564054483975,0.11588046345401,1,0.515599781234437,0.486474160810761,0.0931221349093634,0.85372517722712,0.492242047422334,0.477872530391639,0.064580753979454,0.822112653338975,0.310377820140815,0.470574293356974,0.143983100804962,0.684696728403712,0.00163567892905927,-0.136119191863388,-0.137880104868917,-0.0540461365212269,0.00165421953071243,-0.125856793272039,-0.133486560102684,-0.0399100881996073
"b_Sem_1_ruta1",0.00654672271642507,-0.00338512259879376,-0.00187699968765585,0.135881580043177,-0.0208849100717381,0.0732569749818703,-0.0942162165309788,0.0651497009006103,0.13478878269021,0.00357360034152086,0.026374553112083,0.0243234427238054,0.0834368561734341,-0.0137612745977473,-0.0110642703577669,0.0024000920663393,0.00355722301927741,0.067361810662824,0.0613201255354805,0.876034324753197,0.410220880595783,0.0243160199774686,0.515599781234437,1,0.41139291308392,0.00414918126503455,0.590482831744292,0.929109961910099,0.404560478114182,0.0355915110449112,0.555385555893097,0.821426587842986,0.401910627115787,0.0645886430270139,0.40001926157368,-0.00322647776739789,-0.176626110295429,-0.12294460686036,-0.0768746719442478,-0.00329326466222345,-0.17056250496762,-0.129245904103037,-0.0945858327241487
"b_Sem_1_ruta2",0.0284026317542227,-0.00268665813332511,0.000117591024396449,0.0510763912793653,0.0219671174327792,-0.0252082271069849,-0.00150861670288066,-0.0235433641640761,0.0749424302921313,-0.0677901787776688,-0.0893876595632888,0.00705810757265792,0.021937292514171,0.0582095195265542,0.0227619082414546,-0.00971115470938904,-0.0401056690891656,0.0492205772748214,0.0455450417905269,0.249202065375376,0.966858424510816,-0.195364194606712,0.486474160810761,0.41139291308392,1,-0.178448350076363,0.50602493996456,0.410650675830725,0.994206742139567,-0.21960867661602,0.512297841238682,0.200785799857633,0.986144294202872,-0.0435784227469897,0.337232470954565,0.000863749171093308,-0.163203335580605,-0.0869653008456339,-0.0377106633121114,0.000935192141447488,-0.147329826691837,-0.0830017662837653,-0.0346354037387398
"b_Sem_1_ruta3",-0.00658096937364171,0.00769921575016188,-0.00219275780586343,0.00275097338639525,-0.0272998042636082,0.108757328905197,-0.0463977012205317,-0.104493856671137,-0.0930575136699801,-0.0527261608100735,-0.0560367967219802,0.0206767571585323,0.0162461375539832,-0.0253338705384831,-0.0277969574303987,-0.00564988126516681,-0.000445514271976188,-0.00346222396518147,0.00364004022749006,0.0128908125799734,-0.157027198501409,0.712470405212432,0.0931221349093634,0.00414918126503455,-0.178448350076363,1,0.0996712454784325,0.0262213306534024,-0.175658115066702,0.885890993702992,0.0847767256573847,-0.0357650112309399,-0.171191139795327,0.837145566286359,0.0409979854534222,-0.000949173284694353,-0.208788270144849,-0.350598673805923,-0.256148740225132,-0.000851649823317695,-0.209076566564301,-0.324004333063336,-0.259389232069785
"b_Sem_1_rutaEC",0.010911066749569,-0.00364704755237462,0.00181802409224473,0.0369978609617389,0.0282505834536174,-0.0252564536142558,-0.0132909137983665,0.0902818072519443,0.119231283208039,0.031900256103553,0.0695702305289217,0.0114015457730248,0.0764815208693414,0.0270996233310916,0.0257204963536183,-0.00899365183847172,0.000457006071455272,0.0593463220468881,0.0655374596352418,0.455428181824007,0.48774513352994,0.0612793747351076,0.85372517722712,0.590482831744292,0.50602493996456,0.0996712454784325,1,0.563924184210954,0.497635740084306,0.0784220729356443,0.934892258884357,0.363493401923263,0.490269942534241,0.156918384044942,0.803740814382694,0.00127701532172209,-0.104187101674656,-0.0994132808785823,-0.0304835324267694,0.00137544825881835,-0.0918401993608265,-0.0944854315062457,-0.00789114550891778
"b_Sem_2_ruta1",0.00752100217767956,-0.002981509320343,-0.00172773176930125,0.0930178836666706,-0.00718646775783864,0.0655700713630996,-0.0596538903368628,0.0487117308416902,0.108316741923235,-0.01138097669827,0.00486813357192547,-0.0114233026942309,0.0533937068973981,-0.0125608881602273,0.000608503710672687,-0.00733328970649482,-0.00291136898042188,0.0336782123062751,0.0443910906613101,0.845373311210771,0.411227492633172,0.0418502274857188,0.492242047422334,0.929109961910099,0.410650675830725,0.0262213306534024,0.563924184210954,1,0.409875425505905,0.0717909142953635,0.573033947222342,0.833019550463708,0.408380707932175,0.103397683823715,0.409650477724228,-0.00297739714667281,-0.154213107153334,-0.117731314470893,-0.0711412512122209,-0.00291365299306855,-0.149262204648855,-0.119582226243796,-0.0913404831594679
"b_Sem_2_ruta2",0.0284034242132118,-0.00262947722718376,0.000159670422665144,0.0528285934779691,0.0213423093680561,-0.0269206988450816,-0.00393692518243936,-0.0162225957062489,0.0708696563505628,-0.0559893203556555,-0.075298315865627,0.00786546895292359,0.0227399757832957,0.0695785795275488,0.0370150084069032,-0.0109585863611986,-0.0388248132058264,0.0478560816338906,0.0455488508718481,0.241010539757201,0.965449066094924,-0.193396420718652,0.477872530391639,0.404560478114182,0.994206742139567,-0.175658115066702,0.497635740084306,0.409875425505905,1,-0.21525880661912,0.512512499360619,0.198376456242577,0.988554862572702,-0.0389579963022657,0.336168226002577,0.000852543980134039,-0.160818119445452,-0.0841919151300772,-0.0345858968831156,0.000953937689148135,-0.147544692547092,-0.0795956304652409,-0.0311540528984611
"b_Sem_2_ruta3",-0.00797055135692278,0.007447328491174,-0.00217491724955969,0.0142172344948741,-0.0474433258658699,0.110579382559331,-0.0665790740199886,-0.0854164390955072,-0.0634347635497952,-0.0571666855777207,-0.0367787277564018,0.0230414108906193,0.0337325410298639,-0.033235497297187,-0.019775912971984,0.00592776060847237,0.0684235167968985,-0.0180956487013358,-0.00853145252337857,0.04866423983116,-0.195136354517114,0.71210497116038,0.064580753979454,0.0355915110449112,-0.21960867661602,0.885890993702992,0.0784220729356443,0.0717909142953635,-0.21525880661912,1,0.0813942957588741,0.0179683868511585,-0.210351510351453,0.847616721036515,0.0403513868424917,-0.00127215697446591,-0.192206618785862,-0.332563032765018,-0.231624167610659,-0.00113057421910682,-0.195100868104118,-0.307789263008961,-0.238153956791962
"b_Sem_2_rutaEC",0.0116778588586242,-0.00354848433854542,0.00191551075590632,0.0278842912445647,0.00874041231164451,-0.0158493775647825,-0.0185822721416848,0.0817091964037872,0.119321533480165,0.0200904027503492,0.0600549396563627,-0.0127015061007655,0.0639429669785017,0.0280209761794095,0.0284426386323085,-0.0137602345669943,-0.00435877148266606,0.0528693237874462,0.0744160920061763,0.416688836055925,0.492783232443546,0.0476278419403284,0.822112653338975,0.555385555893097,0.512297841238682,0.0847767256573847,0.934892258884357,0.573033947222342,0.512512499360619,0.0813942957588741,1,0.37935956167202,0.507014140100855,0.164595199935471,0.825692323379665,0.00134098594791394,-0.0843276034476234,-0.0796441135627617,-0.0164624930954143,0.00153645439963038,-0.0707652028124152,-0.0673498486857115,0.0043645380265612
"b_Sem_3_ruta1",0.00176533719944852,-0.00278363030850259,-0.00220250414500237,0.102214434872683,-0.0150706472555259,0.121954641655042,-0.0790745606460351,0.0156464737008302,0.0720406502351113,-0.0289312869425764,-0.00774171982176557,0.0429214018710989,0.0642949150759961,-0.0298131301975308,-0.00666116801659302,-0.000209929062183867,0.00952506104246812,0.0849196669504996,0.109130018349798,0.783949386247992,0.206199464917635,0.00616902494830216,0.310377820140815,0.821426587842986,0.200785799857633,-0.0357650112309399,0.363493401923263,0.833019550463708,0.198376456242577,0.0179683868511585,0.37935956167202,1,0.200927782901342,0.00953661404491631,0.328497467449362,-0.00340664451832017,-0.108360748223552,-0.0740424461645379,-0.0606569850353713,-0.00360180627318034,-0.107935741913129,-0.0767539746620665,-0.0838662757986135
"b_Sem_3_ruta2",0.028076189041618,-0.00252574116120083,-5.08994256389461e-05,0.0503392995979247,0.0177080268759635,-0.0260649732860398,-0.0055198235863757,0.00981822608324512,0.0725216222246771,-0.0227071736543481,-0.0412457897958393,0.0080156247744953,0.0204907389283108,0.0750902368958503,0.042052644054667,-0.0121606417759935,-0.0436522908186396,0.047748114857023,0.0459187135633302,0.240036885483979,0.956175425357996,-0.189672391414655,0.470574293356974,0.401910627115787,0.986144294202872,-0.171191139795327,0.490269942534241,0.408380707932175,0.988554862572702,-0.210351510351453,0.507014140100855,0.200927782901342,1,-0.0370763081499242,0.336189970069642,0.000682832174601709,-0.165358678607734,-0.100546887325684,-0.0516041217796362,0.000751818166909203,-0.147599886900664,-0.0937599885928449,-0.0479144931030121
"b_Sem_3_ruta3",-0.00292980714547941,0.00745470644918715,-0.00229464596390879,0.00437633757734247,-0.0404280012764324,0.0440398733655646,-0.0422660407872771,-0.0734256859675729,-0.0494710624933836,-0.0980422543479879,-0.0492657017412504,0.0126076272873909,0.0208369863063687,-0.014183852416877,-0.0253485387272502,0.00380997086627901,0.0119409288889212,-0.0208371605940727,0.000130096754574241,0.0453731661629435,-0.0271720830609902,0.655305699787141,0.143983100804962,0.0645886430270139,-0.0435784227469897,0.837145566286359,0.156918384044942,0.103397683823715,-0.0389579963022657,0.847616721036515,0.164595199935471,0.00953661404491631,-0.0370763081499242,1,0.112484786980818,-0.00109545076386241,-0.244546981234932,-0.329067100958386,-0.270342965071949,-0.000929317268575471,-0.243141535236668,-0.30051553422969,-0.269532615582991
"b_Sem_3_rutaEC",0.00687161709537978,-0.00311139835315935,0.0019093699511331,0.0236488925925672,-0.0273265593202415,0.0440244761299484,-0.0515851227431172,0.0381937394441282,0.0708691054695162,-0.0076688337346363,0.0192768075403377,0.0216961130984898,0.0665500858297818,0.0259914410546534,0.0278521518408741,-0.0100295438449418,-0.00404205329078247,0.121962489283356,0.169207180422892,0.304980244119209,0.31970415990923,0.0212152316947961,0.684696728403712,0.40001926157368,0.337232470954565,0.0409979854534222,0.803740814382694,0.409650477724228,0.336168226002577,0.0403513868424917,0.825692323379665,0.328497467449362,0.336189970069642,0.112484786980818,1,0.00135322318915645,-0.0498791637446516,-0.0380990881021657,-0.00517117725682181,0.00145260072398769,-0.0413246533452861,-0.025116450215301,0.0257441941526766
"b_ACC_0_ruta1",-0.999351345633913,-0.999835905679389,-0.999799648969531,-0.00360540666315815,-0.000142708304435383,-0.000790972615216641,0.00328768392517124,0.000349038372493669,-0.000554350944083763,-0.000750386411788554,0.000756807173662235,-0.0012118957909435,-0.00142362173307109,0.000648562606202534,0.000980985741593424,-5.44872668127634e-05,0.000930412449678751,0.000790260697894862,0.000630841936703681,-0.00414706210476143,0.000763289989225047,-0.0010161991561866,0.00163567892905927,-0.00322647776739789,0.000863749171093308,-0.000949173284694353,0.00127701532172209,-0.00297739714667281,0.000852543980134039,-0.00127215697446591,0.00134098594791394,-0.00340664451832017,0.000682832174601709,-0.00109545076386241,0.00135322318915645,1,0.00362795020507291,0.00425292544145166,0.00542368733188685,0.999991606501796,0.00338996500066564,0.00380679051681326,0.0055325802824089
"b_ACC_0_ruta2",0.00824134924975198,-0.00906841403373635,0.00789328157930457,-0.204929951012028,0.0195540602614891,-0.204453088728948,0.187726181876299,0.123921409982076,-0.0379467337260019,-0.0324004658812033,0.0863228554861414,-0.140177823819422,-0.0975810156476987,0.0262598813243005,-0.011244341503112,-0.0114638663017547,0.0924256960500216,-0.143963074660751,-0.116577684542791,-0.133731990364008,-0.169179144737586,-0.179151605702425,-0.136119191863388,-0.176626110295429,-0.163203335580605,-0.208788270144849,-0.104187101674656,-0.154213107153334,-0.160818119445452,-0.192206618785862,-0.0843276034476234,-0.108360748223552,-0.165358678607734,-0.244546981234932,-0.0498791637446516,0.00362795020507291,1,0.71420689877633,0.83133378552541,0.003555443823604,0.981777605856627,0.635659631432255,0.83378485272861
"b_ACC_0_ruta3",0.00326184716990948,-0.00322517268407499,0.00821346190917437,-0.166846528913578,-0.0952629344619695,-0.119658455615143,0.0607696502423215,0.0569377044269184,-0.0648520554485919,-0.0698650688791766,0.0749826252636244,-0.0705825680210665,-0.0110947059575817,0.0271647596392963,0.0265529696545539,-0.0108002817670243,0.114028046170629,-0.128745625344506,-0.0896894208332355,-0.110736418001511,-0.099670865055702,-0.298182593121311,-0.137880104868917,-0.12294460686036,-0.0869653008456339,-0.350598673805923,-0.0994132808785823,-0.117731314470893,-0.0841919151300772,-0.332563032765018,-0.0796441135627617,-0.0740424461645379,-0.100546887325684,-0.329067100958386,-0.0380990881021657,0.00425292544145166,0.71420689877633,1,0.837996370523919,0.00431523020745753,0.692779813945321,0.925376501619044,0.839224189707416
"b_ACC_0_rutaEC",0.00533009474544887,-0.00993824773374352,0.0100186274387567,-0.0787148315482339,-0.0238669959569801,-0.173524932251879,0.0501261666538466,0.067949985270118,-0.0179461532798043,-0.0767091270402016,0.0921986087619106,-0.0481109294917441,0.00267194871533322,0.00844337798084167,0.0229289312614421,-0.0112724059840816,0.121113519891721,-0.168825222543308,-0.144338548703059,-0.0760805582101857,-0.046721936081577,-0.22426940631213,-0.0540461365212269,-0.0768746719442478,-0.0377106633121114,-0.256148740225132,-0.0304835324267694,-0.0711412512122209,-0.0345858968831156,-0.231624167610659,-0.0164624930954143,-0.0606569850353713,-0.0516041217796362,-0.270342965071949,-0.00517117725682181,0.00542368733188685,0.83133378552541,0.837996370523919,1,0.00549773637407815,0.807712630766314,0.740867330159235,0.990958761135767
"b_ACC_1_ruta1",-0.999340417398708,-0.999824127296765,-0.999789156769864,-0.00352430393610237,-6.65214352310471e-05,-0.000615956251319929,0.0032068973412586,-5.66416005127104e-05,-0.000750372092806626,-0.00100471827856204,0.000442449790195014,-0.00120862389616472,-0.00160263720575088,0.000733452319285782,0.000869301938535788,-7.20662857023213e-05,0.00109152856732389,0.000528849586531919,0.000506403906307482,-0.00417605880761318,0.000829310640322286,-0.00097977586172786,0.00165421953071243,-0.00329326466222345,0.000935192141447488,-0.000851649823317695,0.00137544825881835,-0.00291365299306855,0.000953937689148135,-0.00113057421910682,0.00153645439963038,-0.00360180627318034,0.000751818166909203,-0.000929317268575471,0.00145260072398769,0.999991606501796,0.003555443823604,0.00431523020745753,0.00549773637407815,1,0.00328593769467656,0.0038523018208558,0.00566243628856784
"b_ACC_1_ruta2",0.00862424570465165,-0.00879722843667685,0.00782199996527187,-0.21227564435748,0.0148987323706289,-0.206332922251445,0.188779694340236,0.146562939195763,-0.0392626249263663,0.000406053943547867,0.116452772239246,-0.136491669350223,-0.0939833998065677,0.0397611960246496,0.0026571702508196,-0.0144999492141236,0.0839459236684473,-0.153562262495082,-0.116879175060533,-0.132706591984833,-0.154787628609302,-0.180676265727837,-0.125856793272039,-0.17056250496762,-0.147329826691837,-0.209076566564301,-0.0918401993608265,-0.149262204648855,-0.147544692547092,-0.195100868104118,-0.0707652028124152,-0.107935741913129,-0.147599886900664,-0.243141535236668,-0.0413246533452861,0.00338996500066564,0.981777605856627,0.692779813945321,0.807712630766314,0.00328593769467656,1,0.61943551648986,0.811116689994244
"b_ACC_1_ruta3",0.00286867018040691,-0.00193599708395235,0.00724721288532758,-0.1725848397233,-0.098703225871093,-0.138117698033968,0.0696467305910082,0.0565105886098718,-0.0667333213037016,-0.0529694889860145,0.0655486324513922,-0.0696243558608266,-0.0146187749040863,0.0382925335425572,0.0215829844440034,-0.00748879560966733,0.120034850227646,-0.144384674907249,-0.0866021754682261,-0.120993191945008,-0.0959851109971365,-0.276800038811636,-0.133486560102684,-0.129245904103037,-0.0830017662837653,-0.324004333063336,-0.0944854315062457,-0.119582226243796,-0.0795956304652409,-0.307789263008961,-0.0673498486857115,-0.0767539746620665,-0.0937599885928449,-0.30051553422969,-0.025116450215301,0.00380679051681326,0.635659631432255,0.925376501619044,0.740867330159235,0.0038523018208558,0.61943551648986,1,0.747011777712289
"b_ACC_1_rutaEC",0.00558747034309391,-0.00985023310376646,0.0100994529005277,-0.0875183609186565,-0.0262091804090082,-0.1882293269865,0.0499131059341696,0.0786275668687141,-0.00966543813368304,-0.0684547144502788,0.0941489397833963,-0.0537087297737962,0.00236782055506787,0.0099581803248048,0.0214787116001782,-0.0120404585234774,0.118499166782232,-0.156491602756947,-0.126618988412896,-0.0992602460970765,-0.0445759064834141,-0.230221768589697,-0.0399100881996073,-0.0945858327241487,-0.0346354037387398,-0.259389232069785,-0.00789114550891778,-0.0913404831594679,-0.0311540528984611,-0.238153956791962,0.0043645380265612,-0.0838662757986135,-0.0479144931030121,-0.269532615582991,0.0257441941526766,0.0055325802824089,0.83378485272861,0.839224189707416,0.990958761135767,0.00566243628856784,0.811116689994244,0.747011777712289,1
