"","asc_Op1","asc_Op3","b_tt","b_dt","b_CongAB","b_CongCD","b_Sem_1","b_Sem_2","b_ACC_0","b_ACC_1","b_SI_CAMFD","b_SI_PANEL","b_SI_ZER","b_SI_MTRP","lambda4","lambda5","gamma_USOCINTURON","gamma_USODISPMOB","gamma_EXP_2","gamma_LV4","zeta_PrPer","zeta_AmbTr","zeta_ComVrb","zeta_ComAfec","zeta_ConCl","zeta_Ans","zeta_StrC","tau_PrPer_1","tau_PrPer_2","tau_PrPer_3","tau_PrPer_4","tau_AmbTr_1","tau_AmbTr_2","tau_AmbTr_3","tau_AmbTr_4","tau_ComVrb_1","tau_ComVrb_2","tau_ComVrb_3","tau_ComVrb_4","tau_ComAfec_1","tau_ComAfec_2","tau_ComAfec_3","tau_ComAfec_4","tau_ConCl_1","tau_ConCl_2","tau_ConCl_3","tau_ConCl_4","tau_Ans_1","tau_Ans_2","tau_Ans_3","tau_Ans_4","tau_StrC_1","tau_StrC_2","tau_StrC_3","tau_StrC_4"
"asc_Op1",0.0421120903357034,0.0282955534837381,0.00123485482395705,0.00371118605631995,0.00272515495560048,0.00136813797868125,0.00624094061195129,0.00984016430808947,-0.0109388327297266,-0.00999924086680181,0.00119649756462818,0.00873594469049983,0.00709217401113571,0.00471713600923085,0.00010302515744499,-0.000468395698268876,1.39756947911228e-05,-9.37910234880432e-05,0.000153779055166512,3.98985991899782e-05,-0.000296659745371014,2.68341662261832e-05,-1.79039025852622e-05,-0.000201376755580775,-0.000124406075610561,1.42907300833799e-05,0.000123207816355342,0.000291321992994125,-2.53408271136772e-05,-0.000271777715273759,-0.000558104138351707,-1.495512766187e-05,2.13471247172579e-06,2.46836904323722e-05,4.5840236582829e-05,-4.70693615121129e-06,-2.54140613138453e-06,1.28879242595321e-06,3.92691393904139e-06,2.20086303508803e-05,-7.94430325452855e-05,-0.000166002674920362,-0.0002850033105807,2.39270244817069e-06,-4.83081585280294e-05,-0.000108792747859418,-0.000133021300219,-7.21870934335968e-06,-1.6578032931781e-06,3.75067513555966e-06,1.18787852726878e-05,-5.17774523313474e-05,8.30389689260006e-06,8.16055776904692e-05,8.94654089573718e-05
"asc_Op3",0.0282955534837381,0.0706692309373575,-0.00172054293151548,0.0121561771647018,-0.0351035592252006,-0.00546396434779785,0.00791551714030234,0.00975735443066387,-0.00934349498598412,-0.00722684679260645,0.0128597134328934,0.00912315295772047,0.0154812845131473,0.000795881402504876,0.000501003872423173,0.00541265345335803,0.00290328798273755,0.00313543234241455,0.00307014120800663,0.00098800802406352,-0.00149937617632484,-0.000799684391260316,-3.21284008330383e-05,-0.00259078913181908,-0.0017937450760532,9.95931374635976e-05,-0.000237802485410085,0.0192153183941138,0.0191867971018171,0.0178613826095536,0.0174070138262729,0.00993710981578137,0.00979512727048125,0.00944104170351947,0.00914750069360349,-0.00187911929235024,-0.00186221069547408,-0.00184738084671981,-0.0018383092215936,0.0134059325901821,0.0118603186950492,0.0113717856204169,0.0108853226599104,0.0123240535243608,0.0121078913595996,0.0120779685524626,0.0118282817008991,0.0034774260435406,0.0035531710302872,0.00361449851443878,0.0036867578667234,0.00702405704945571,0.00707947953507542,0.00717538145360937,0.00716019720636658
"b_tt",0.00123485482395705,-0.00172054293151548,0.000645151101483556,-0.00117746647983138,0.00158653804206804,0.000168957377740993,0.000800218573975411,0.000111464474770795,-0.00170290150480656,-0.00237168388076923,-0.000866067655657603,0.000442658608662976,-0.000733924343657588,-0.000444374464706404,-0.00034712960844522,0.000113325646501454,4.54349372000788e-07,-2.84141203788234e-05,1.82250155530513e-05,-1.66992542928483e-06,-6.84526668957398e-05,8.25334803210776e-06,-1.04314774154165e-05,0.000102199701171157,-3.80705568519917e-05,5.63402950994621e-06,-1.64832725388798e-05,5.14708804104718e-05,-2.32941511937678e-05,-9.41786616893182e-05,-0.000219835655052703,-1.2832668501654e-05,-9.3475078144578e-06,-8.73572986968669e-06,-1.10865480886699e-05,2.50133168543795e-06,4.00067575902083e-06,5.02922193359165e-06,5.75798975484033e-06,-3.87110135169841e-05,4.82189219753871e-05,7.66638921514547e-05,8.73092882025288e-05,-2.09695962030703e-05,-5.43508075050438e-05,-8.18942266723526e-05,-8.72850697153135e-05,-6.63536163534009e-06,-5.65284595749788e-06,-4.73592748018166e-06,-3.21025798750837e-06,-2.80887209258993e-06,-8.54948140786237e-06,-2.28329750854743e-05,-2.88645933069083e-05
"b_dt",0.00371118605631995,0.0121561771647018,-0.00117746647983138,0.0131909320781889,-0.00241905211850496,-0.00123080765564069,-0.00618386309437713,-0.00103602216043574,-0.0138859250668724,-0.0112753582146008,-0.000886979062058104,-0.00104235568286437,0.00103638800267271,-0.00552345972605604,0.00065312656666358,1.18851523213232e-05,-1.73559405317583e-06,-3.93655317270816e-05,-2.32954082028364e-05,1.86119247494038e-05,8.84184574290351e-05,-2.49297561425956e-05,-4.1412001043841e-06,-0.000772371609303994,0.000328028235513155,-1.16011829501979e-05,0.000188622635523233,-0.00012830935527734,-9.62720580564896e-06,9.54157506149545e-05,0.000246477937448452,-2.36892273664467e-06,-1.20761435956174e-05,-2.04295808205661e-05,-2.34489779811436e-05,1.73559920767807e-07,-1.46535897793485e-06,9.51190568251192e-07,3.71421541020636e-06,0.000103731809809483,-0.000497738924518294,-0.000749380021971705,-0.000969667753106399,2.28648231650323e-05,0.00022777476559524,0.000396337919250471,0.000465873958429087,1.44458344340567e-06,1.23057505859859e-07,-1.78548514399946e-06,-6.95353295489397e-06,-0.000100405640367534,-1.87096923618481e-05,0.00011636512575163,0.00014641690979389
"b_CongAB",0.00272515495560048,-0.0351035592252006,0.00158653804206804,-0.00241905211850496,0.0760016420877565,0.0307279733452148,-0.00377975068787817,-0.00350602923725793,0.00156616315523175,-0.000467950284850652,-0.00540853056074142,0.0039494344980837,-0.00913784340683511,0.00409854878890442,0.0012379801429059,0.00116138850886243,-1.18595954833962e-05,-0.000254732883498116,0.000153793542721908,0.000399446910961423,-0.00113529051066983,-0.00029709914006724,0.000420711271005315,0.000925322445766306,6.85487568069855e-05,2.63499516164987e-05,0.000990298363411324,0.000327970546411395,-0.000269178340376234,-0.000849161070019985,-0.00204791219093901,-0.000108847279857032,-0.00011785229062652,-0.000169325479821097,-0.000261808179789142,4.41413990921618e-05,-2.89893928174414e-05,-9.2064976478864e-05,-0.000133493328837597,-0.000112369735760666,3.85831117963546e-05,-3.69857382768922e-05,-4.3170181811705e-05,-6.2181341534305e-05,-0.00044238377077184,-0.000943831579532832,-0.00111323646055054,-0.000135342426373274,-0.000106926240364987,-7.92503265874923e-05,-2.86330427555807e-05,-0.000340439091658027,-6.17170189254431e-05,0.000278248759987833,0.000375215725158445
"b_CongCD",0.00136813797868125,-0.00546396434779785,0.000168957377740993,-0.00123080765564069,0.0307279733452148,0.0510292803975626,-0.00353278667128746,-0.00158175495942922,0.00783026659597133,0.0109333602734182,0.00251285814736713,-0.000865614725154728,-0.00574343451789206,0.00469593672977986,0.00274688132340376,-0.00012318942850782,-4.46280216917248e-05,-0.00020269621889187,-0.000245671691667841,6.77814278962769e-05,-0.000317869532472301,-0.000104720369206377,9.066216290343e-05,0.000699889701811924,-0.000317106995721023,1.56758507620716e-05,0.000199330794938438,-0.000215708163384587,-0.000393246606675989,-0.000557192120253893,-0.00102063295088285,-0.000171736525072702,-0.000186620752524038,-0.000222843157462376,-0.000273918454004939,5.02172150572403e-05,3.64576485748903e-05,2.43101884278444e-05,1.45593430798315e-05,-0.000418861838787818,-6.946750697855e-06,0.000113398747425296,0.000373607110889589,-0.000368213128909162,-0.000540253352280631,-0.000748373237759406,-0.000894628273067317,-0.000100133342526913,-9.19017088975459e-05,-8.52033809863304e-05,-7.16355616361417e-05,-0.000233230183782569,-0.000203844098489447,-0.000100170357668387,-5.16554631177568e-05
"b_Sem_1",0.00624094061195129,0.00791551714030234,0.000800218573975411,-0.00618386309437713,-0.00377975068787817,-0.00353278667128746,0.127376499663029,0.056926900822768,-0.0187075850143364,-0.0118882506437156,-0.00278808742561686,0.00685955700336609,0.00296856777695912,0.0143808138290826,0.00655126474186069,-0.00683022153761353,-0.000126251175150473,0.000196168169977183,-0.000106062753235617,-0.000240388244921531,-9.2912137769977e-05,0.000366633595497939,0.000116008748643966,-0.00122872537993744,-0.000370803488121033,6.59907889691403e-05,-0.000149794126560711,0.000127245365531142,-0.000631482424587099,-0.000907857610711488,-0.000169147084872721,-0.00032713064718838,-0.000244274387733434,-5.00779907499148e-05,0.00020070556449859,3.47011375953858e-06,-2.4804848593594e-06,-1.07150623979147e-05,-1.89994648977145e-05,0.000123229658372177,-0.000453958973119407,-0.000906126130233991,-0.00123295238020027,4.30635590920307e-05,0.000222981191006008,0.000215076324184633,1.76370142072145e-05,-6.64418637934426e-05,-5.79039624257038e-05,-4.65956042262491e-05,-2.40904803715479e-05,-5.27160361450978e-05,-1.01734154782182e-05,8.89786834519528e-05,0.000106580953526485
"b_Sem_2",0.00984016430808947,0.00975735443066387,0.000111464474770795,-0.00103602216043574,-0.00350602923725793,-0.00158175495942922,0.056926900822768,0.0764092185847998,-0.014180006305259,-0.00658830172732515,0.000377685207824726,0.0014371952429651,0.0048122413935701,-0.00121994102561358,0.00294079968934433,-0.00383709620439382,-3.70703994659687e-05,3.73816278818582e-05,0.00029655093454654,-0.000196433486723319,0.000658413082490419,0.000290437485249633,-4.50767450464293e-06,-0.000433029028157904,-0.000843894854062866,2.70659278269694e-05,-0.000112565680691349,-0.000438900313961708,-0.00027733736572466,-2.4333925247241e-05,0.00107496936374049,-0.000177329019283847,-0.000134334959148596,-3.38356443294891e-05,0.000104344301665303,-4.32865931132604e-06,5.29301219611415e-06,1.00591120841686e-05,9.58850311552039e-06,-7.6279503290616e-05,-5.79715791139113e-05,-0.000101879298226689,-0.000160968496818443,-0.000106761041073699,-0.000233458922551804,-0.000421574372052364,-0.000615325818811355,-6.55377877232726e-06,-1.20050331173954e-05,-1.68735605375437e-05,-2.6719136371019e-05,-3.11737175440152e-05,-5.18343369841273e-06,5.01697710294508e-05,5.37646561896807e-05
"b_ACC_0",-0.0109388327297266,-0.00934349498598412,-0.00170290150480656,-0.0138859250668724,0.00156616315523175,0.00783026659597133,-0.0187075850143364,-0.014180006305259,0.297879434989115,0.252492012235125,0.0107193149790615,0.00241402613181396,0.0194453616415909,0.0311653541267546,-0.00505282996545995,0.00628981460732828,5.94334954027887e-06,0.00012688976175986,-3.56504230922194e-05,-9.72953177567401e-05,-0.00102377452589835,4.09569534223719e-05,4.04813665605565e-05,0.00144867851473154,0.00016931395027776,6.51936733968174e-05,4.53148156281781e-05,0.000872874124503874,9.2098856152231e-05,-0.0010533808679204,-0.00315245964794513,-1.54528683835494e-05,4.50714576304429e-05,-1.16786371393992e-05,-9.53662727476189e-05,1.50072267709733e-05,1.52640046311091e-06,-8.71076162743929e-06,-1.39010561408703e-05,-9.88671664938793e-05,0.000577457123387767,0.000950131189839456,0.00147093644965095,8.28898809608236e-06,-0.00022436030832996,-0.000426633597817065,-0.00037821785349827,-4.21016040110398e-05,-3.37238723273097e-05,-2.72529783924541e-05,-1.55982047361699e-05,4.86672399800071e-05,1.61712032539723e-06,-0.00011860751660457,-0.000134766667481599
"b_ACC_1",-0.00999924086680181,-0.00722684679260645,-0.00237168388076923,-0.0112753582146008,-0.000467950284850652,0.0109333602734182,-0.0118882506437156,-0.00658830172732515,0.252492012235125,0.303712936324187,0.00461271723515416,-0.00343988075690538,0.0143748587758374,0.0320340398825226,0.00544898764242293,-0.000960579218956773,-5.18832388611441e-05,-0.000146925792570507,-0.000463672071413488,0.000279727204664073,-0.00100079340390714,-0.0002489112893341,0.000291096337799561,-0.00062749657012463,0.000392069431615679,-4.71976160312408e-05,0.000771324521685138,4.53629644324573e-05,-0.000484264187081739,-0.000771182455856392,-0.00101610130883855,-0.00022308109475188,-0.000194999239075001,-0.000131019773354899,-5.82801507683418e-05,5.65820096064827e-05,-9.43531223422797e-07,-4.41728506359131e-05,-6.47830354811967e-05,5.83275675344105e-05,-0.000814938835008356,-0.00144865775364287,-0.00177809410405095,-0.000117733445741411,1.8256326886304e-05,-0.000100996928782729,-0.000334091405772159,-0.000106724122729743,-9.30863015534467e-05,-7.87242789645336e-05,-3.85145378298526e-05,-0.000408857520544604,-0.000156918520199222,0.000274050296776281,0.000370353009105052
"b_SI_CAMFD",0.00119649756462818,0.0128597134328934,-0.000866067655657603,-0.000886979062058104,-0.00540853056074142,0.00251285814736713,-0.00278808742561686,0.000377685207824726,0.0107193149790615,0.00461271723515416,0.0846716506630145,-0.00684166421345047,0.00886232612280627,0.0110445100098204,-0.00165287582548798,0.000976729641221956,0.000115050393928087,8.94174167746855e-05,0.000106528848866146,1.30002722715081e-05,-0.000342297785022396,6.33240448656312e-05,-8.70668351336307e-05,0.000524338298360848,0.00026819866646968,-3.78495039822585e-06,-9.43301900765869e-05,0.000937733430393805,0.000606395473747573,0.000318803956392875,2.69126800507885e-05,0.000282582440402939,0.000327837595396859,0.000367730039653791,0.000421533196257828,-5.19285921509654e-05,-4.12736372866653e-05,-3.14994676928147e-05,-2.36612384081032e-05,0.000432100422754497,0.00056286753035377,0.000676698023154256,0.000944788226206158,0.000493769005459791,0.000432380187583306,0.000415177321578949,0.000453967452679522,0.000128443157628135,0.00012974307859157,0.000130705210175907,0.000126964881361127,0.000275890207187935,0.000230843625455111,0.000107610421392999,7.73431595395377e-05
"b_SI_PANEL",0.00873594469049983,0.00912315295772047,0.000442658608662976,-0.00104235568286437,0.0039494344980837,-0.000865614725154728,0.00685955700336609,0.0014371952429651,0.00241402613181396,-0.00343988075690538,-0.00684166421345047,0.0472078883564083,-0.00194625285926754,-0.00355995546021606,0.000231399172091718,-0.00188777405999454,7.26844104810829e-05,4.08572312760308e-05,0.000364889485823472,2.56169499607886e-05,-1.80959706889803e-05,4.20620315525118e-05,0.000141067156566939,0.000604963492725167,0.000134662999741013,2.91369358913721e-05,6.52302616755435e-06,0.000455729103069548,0.000281032464326824,0.000253828053730158,0.000627853089837109,0.000173540004048549,0.000168069912431625,0.000201778681346454,0.000258637218051903,-3.39018871055934e-05,-5.92974664151848e-05,-8.26526876687836e-05,-9.59052992806799e-05,0.000148994889581179,0.000521812077205997,0.000728904048172353,0.000862383011998501,0.000265324964704214,0.00021260884301439,0.000212550566749742,0.000251720817459734,5.97737204026309e-05,6.68184261990155e-05,7.43717345334556e-05,8.92147461787038e-05,0.000148510421608576,0.000138050514055928,7.65407133992746e-05,6.15901021099087e-05
"b_SI_ZER",0.00709217401113571,0.0154812845131473,-0.000733924343657588,0.00103638800267271,-0.00913784340683511,-0.00574343451789206,0.00296856777695912,0.0048122413935701,0.0194453616415909,0.0143748587758374,0.00886232612280627,-0.00194625285926754,0.0652812506023754,-0.00811709835335123,-0.000330882713755211,0.000935668947757776,-3.90300440289111e-06,3.74087245290607e-07,0.000362616999650987,-9.82460324236674e-05,-0.000141285337880177,0.000132564276818817,-0.000241298655459105,-0.000120362191646744,-0.000701975781954788,3.51196414843273e-05,0.000120109226445225,0.000259174244486498,1.64295317388702e-05,-0.000365845468365023,-0.000888071287354656,-3.42822815542341e-05,-5.34301670738927e-06,-5.26461157103692e-06,-8.75374367508905e-06,-9.48823111524414e-06,3.55335168734708e-05,7.78344755884121e-05,9.7633014967246e-05,2.18606467747787e-05,3.22373709084531e-05,6.26475160191389e-05,9.38849301445978e-05,-0.000110331664657966,-0.000321460072528278,-0.000514978467250094,-0.000628169863975302,-3.94633103505469e-06,-4.6170116137188e-06,-3.4856023762862e-06,-4.8403976478168e-06,-2.88951356027397e-05,3.29058065804132e-05,0.00011625138413146,0.000140881269212552
"b_SI_MTRP",0.00471713600923085,0.000795881402504876,-0.000444374464706404,-0.00552345972605604,0.00409854878890442,0.00469593672977986,0.0143808138290826,-0.00121994102561358,0.0311653541267546,0.0320340398825226,0.0110445100098204,-0.00355995546021606,-0.00811709835335123,0.13267965748805,-0.00188459698541238,0.00428679453698309,-2.61354647505316e-05,0.000112307215207673,-0.000493257333562823,0.000104063789800209,-0.00111501193129219,-0.000154468845337282,0.000224231046322697,0.000383054442700346,0.000118380969538383,7.08498098758245e-06,5.1385838841778e-05,0.000734832286606959,0.000189710848929724,-0.000591493437333692,-0.00248535377554825,3.12411242954892e-05,7.81023193547638e-05,3.07349591618631e-05,-6.51791569547686e-05,-2.00651727402546e-07,-3.80719875836458e-05,-7.34048142250722e-05,-9.0717545821668e-05,0.00012682383762238,0.000241579342361535,0.000176492105165329,0.000220705918757215,0.0001553747232512,8.01581154425753e-05,-9.82762860500289e-06,-6.06132190182929e-05,-3.73673742357202e-05,-2.50734404537285e-05,-1.55097135785424e-05,4.4112003932139e-06,2.55762227918357e-05,3.24840903456343e-05,-8.6154876361354e-06,-1.02002247345496e-05
"lambda4",0.00010302515744499,0.000501003872423173,-0.00034712960844522,0.00065312656666358,0.0012379801429059,0.00274688132340376,0.00655126474186069,0.00294079968934433,-0.00505282996545995,0.00544898764242293,-0.00165287582548798,0.000231399172091718,-0.000330882713755211,-0.00188459698541238,0.0578811713319047,-0.0319879236288507,-0.00105218979743107,0.00084129987378824,-0.000562620318528006,-0.00416671075840568,0.0110549148868527,0.00346145377730978,-0.000485455441190122,-0.00943540907348491,0.00215398788783492,3.9469789321401e-05,-0.000631091641274208,-0.00871419384922114,-0.00333155415937926,0.00174812488702115,0.0135262698288256,-0.00231469937805048,-0.0019809327417984,-0.00117040577853861,-6.03473425783493e-05,0.000108028365502698,0.000290713442983638,0.000497958502760797,0.000589549136753731,0.000297470053432541,-0.00369415077238407,-0.00645704465584731,-0.00893222996277683,0.000666296411388997,0.00456911440189891,0.00667598831692358,0.00637331276950106,5.1164116674428e-05,-0.000182618878279727,-0.000396650738769462,-0.000742147398511499,-0.00107890690196845,-0.000603633611958037,0.000758398844939326,0.00108516504556398
"lambda5",-0.000468395698268876,0.00541265345335803,0.000113325646501454,1.18851523213232e-05,0.00116138850886243,-0.00012318942850782,-0.00683022153761353,-0.00383709620439382,0.00628981460732828,-0.000960579218956773,0.000976729641221956,-0.00188777405999454,0.000935668947757776,0.00428679453698309,-0.0319879236288507,0.0288429455590029,0.000386809715171013,-6.5841938375578e-05,-0.00026951827858679,0.0021115700280289,-0.00693434412170516,-0.00203591153522635,0.000507155497913158,0.00306596641828068,-0.00312491341166866,1.87388854240238e-05,-7.07286163651824e-05,0.00494730589333037,0.00194574076007305,-0.00216054977286261,-0.0123222410284479,0.00115645010682146,0.00100257820387143,0.00029263772027168,-0.000727843617334718,-0.0001084460410649,-0.000215180290701001,-0.000333856244257393,-0.00039056018736364,0.000334987008270526,0.00182215722632725,0.00304322388757923,0.00414403162245954,-0.000197575353045117,-0.00252815366669826,-0.0039164354124462,-0.00397834641411094,-0.000146211944512642,-1.74532188578542e-05,9.37247815466534e-05,0.000258087243459556,0.000673681223688613,0.00051640380077617,-4.59254172145969e-05,-0.000194783015081913
"gamma_USOCINTURON",1.39756947911228e-05,0.00290328798273755,4.54349372000788e-07,-1.73559405317583e-06,-1.18595954833962e-05,-4.46280216917248e-05,-0.000126251175150473,-3.70703994659687e-05,5.94334954027887e-06,-5.18832388611441e-05,0.000115050393928087,7.26844104810829e-05,-3.90300440289111e-06,-2.61354647505316e-05,-0.00105218979743107,0.000386809715171013,0.0157576124588773,0.00125015929444159,0.00450050231507928,0.00336876720388319,-0.000167121095542609,-0.00152520655172241,-9.0366287187195e-05,-0.000228269832749277,0.00300490596402782,0.000305111444235507,0.00199678778038427,0.0753016072088177,0.0780628567059588,0.07820068674579,0.0822058542946018,0.0401509920458207,0.0398777587838358,0.0394270537277581,0.0389789445659348,-0.00504530231862104,-0.0050976844910264,-0.00514506271970919,-0.00517172524309338,0.0362310231566006,0.0339707038472701,0.0330919356210567,0.0318555880016225,0.0344030546592004,0.0346116141152951,0.0354880631969959,0.0360157948108545,0.014544422073516,0.0147272750513272,0.0148666032217163,0.0149634573826837,0.0190518629332118,0.0192601998225872,0.0194496102165194,0.0194531099804399
"gamma_USODISPMOB",-9.37910234880432e-05,0.00313543234241455,-2.84141203788234e-05,-3.93655317270816e-05,-0.000254732883498116,-0.00020269621889187,0.000196168169977183,3.73816278818582e-05,0.00012688976175986,-0.000146925792570507,8.94174167746855e-05,4.08572312760308e-05,3.74087245290607e-07,0.000112307215207673,0.00084129987378824,-6.5841938375578e-05,0.00125015929444159,0.0215836282646339,0.00488787206763283,-0.00176099417414863,0.0029929405459912,-2.12979167485912e-07,0.000484570877147336,0.000649885502557386,-0.00812393871882045,0.000115096777652322,-0.00348676584873605,0.0246966501000457,0.0269079524122548,0.0266481827841987,0.0398614523044342,0.0141798735495159,0.0138240836878566,0.0133172822244144,0.01409949062393,-0.00355553976465991,-0.00351511517251529,-0.00352361205224046,-0.00354518667165819,0.0238126599262654,0.0274264943953515,0.0299072982877465,0.0320757140660021,0.0231781858063495,0.0216394047714605,0.0205450701667506,0.0193948880286376,0.00534841758007434,0.00535759389794699,0.00537957272150865,0.00547751771913777,0.0139616726423016,0.0135027516246857,0.0126447708537464,0.0124475085774463
"gamma_EXP_2",0.000153779055166512,0.00307014120800663,1.82250155530513e-05,-2.32954082028364e-05,0.000153793542721908,-0.000245671691667841,-0.000106062753235617,0.00029655093454654,-3.56504230922194e-05,-0.000463672071413488,0.000106528848866146,0.000364889485823472,0.000362616999650987,-0.000493257333562823,-0.000562620318528006,-0.00026951827858679,0.00450050231507928,0.00488787206763283,0.0894818218486603,-0.00782856443674559,0.0362159163275335,0.011085114750339,-0.00502391921503291,0.00712880972288461,0.00574611771150862,0.00175720578097578,0.00317573101096251,0.0198274389620466,0.0427576383031087,0.0463780240391623,0.076879156003861,0.0185214109188962,0.0194454418226995,0.0185165883607513,0.0187484548745636,-0.00426473035568991,-0.0036604777468062,-0.00299107661551715,-0.0025628453734377,0.0280652202448829,0.0315519270741827,0.0328035677374445,0.0333283929744832,0.0287239309593703,0.030005889581636,0.0306422491457975,0.0308070498574793,0.00857311449045627,0.00811791636192543,0.00766072742757398,0.00682050998969026,0.0153869418822825,0.0155326129575504,0.0163552804464735,0.0165461632992157
"gamma_LV4",3.98985991899782e-05,0.00098800802406352,-1.66992542928483e-06,1.86119247494038e-05,0.000399446910961423,6.77814278962769e-05,-0.000240388244921531,-0.000196433486723319,-9.72953177567401e-05,0.000279727204664073,1.30002722715081e-05,2.56169499607886e-05,-9.82460324236674e-05,0.000104063789800209,-0.00416671075840568,0.0021115700280289,0.00336876720388319,-0.00176099417414863,-0.00782856443674559,0.0234522115852321,-0.0591755527711825,-0.0186772017433431,0.00319654732095313,-0.0107771080842923,0.000614913431311267,-0.00130713131235239,0.00804287341637133,0.0401169228128619,0.00742826197922006,-0.0113092840288986,-0.0445463937076897,0.00829287703006559,0.00667052683153757,0.00557025740364717,0.0039083275024499,-0.000624868304466353,-0.00130242260964146,-0.00191678245063615,-0.00223361371084074,0.00812259052348091,-0.0061047557582515,-0.0124602904643408,-0.0162271560731614,0.00291706257192909,0.000896012240486474,-0.000805114264989092,-0.00103141919682721,-0.00083758470276987,0.000435334615694691,0.00164533743646762,0.00379419557234686,0.000654003041744998,0.0026615562924536,0.0054241319981866,0.00613903805009014
"zeta_PrPer",-0.000296659745371014,-0.00149937617632484,-6.84526668957398e-05,8.84184574290351e-05,-0.00113529051066983,-0.000317869532472301,-9.2912137769977e-05,0.000658413082490419,-0.00102377452589835,-0.00100079340390714,-0.000342297785022396,-1.80959706889803e-05,-0.000141285337880177,-0.00111501193129219,0.0110549148868527,-0.00693434412170516,-0.000167121095542609,0.0029929405459912,0.0362159163275335,-0.0591755527711825,0.755127153462774,0.0375086516943054,-0.013387663012421,0.0449896394065024,0.00841843466469056,-0.0171341378292839,-0.0202620201214461,-0.600192718483534,0.0850054290126304,0.618745941068093,1.37977225832278,0.0152288901399669,0.00138590880811061,-0.0117364527622839,-0.0181085228330715,-0.000950200400974554,0.00121504485836642,0.00313516480209599,0.00421567715920171,-0.00306757316468371,0.0308551887694578,0.0476716057755773,0.065856795094772,0.00792367981355348,0.00914896042607971,0.0108474717999456,0.0130728782307704,0.0248032162771167,0.0142439713519608,0.00417077250633485,-0.0124116184763926,0.0111131346489852,0.00266304685706106,-0.00948719608699934,-0.0125138776997792
"zeta_AmbTr",2.68341662261832e-05,-0.000799684391260316,8.25334803210776e-06,-2.49297561425956e-05,-0.00029709914006724,-0.000104720369206377,0.000366633595497939,0.000290437485249633,4.09569534223719e-05,-0.0002489112893341,6.33240448656312e-05,4.20620315525118e-05,0.000132564276818817,-0.000154468845337282,0.00346145377730978,-0.00203591153522635,-0.00152520655172241,-2.12979167485912e-07,0.011085114750339,-0.0186772017433431,0.0375086516943054,0.0585908152160084,-0.00245515962140896,0.00932831255694982,0.00537401900939921,0.00286455785011725,-0.00366735536084462,-0.0115606478653951,-0.00914426873921651,-0.0174098042948203,-0.0133272428029285,-0.0303062341125178,-0.00854513789818798,0.0132634168754924,0.0345211539629594,0.000399072406707997,0.000823824482100629,0.001242299405255,0.00146504858418836,-0.00520111895976534,0.00398478568410713,0.00775442103562833,0.00983715776058966,-0.00122477459995178,0.00138001324064001,0.0031583323410301,0.00381508506391102,0.000635058408794675,-0.000335565502621698,-0.00135428132859704,-0.0033784115311998,-0.00047615011345594,-0.00176024809863354,-0.00352114261040277,-0.00385027989471101
"zeta_ComVrb",-1.79039025852622e-05,-3.21284008330383e-05,-1.04314774154165e-05,-4.1412001043841e-06,0.000420711271005315,9.066216290343e-05,0.000116008748643966,-4.50767450464293e-06,4.04813665605565e-05,0.000291096337799561,-8.70668351336307e-05,0.000141067156566939,-0.000241298655459105,0.000224231046322697,-0.000485455441190122,0.000507155497913158,-9.0366287187195e-05,0.000484570877147336,-0.00502391921503291,0.00319654732095313,-0.013387663012421,-0.00245515962140896,0.017542860866691,-0.0109070914141571,0.00258724887788756,-6.03792438645333e-05,0.00355852762285734,0.00724333870787168,-0.00201811445904597,-0.00877701909497196,-0.0190508654868793,-0.000570285543746739,-0.000398338873247381,-0.000330590071309043,-0.000345514008246454,-0.000843968676441114,-0.00347711855921678,-0.00566122697194531,-0.0066484108096094,0.00278639695649196,-0.00642692260108893,-0.0111749149679563,-0.0154162660711875,0.000838310976930433,0.00159440577995929,0.0020508682082814,0.00269774524700135,-0.000834502347008025,-0.000536814034097195,-0.000299244619599346,6.67919528983178e-05,-0.00139090104223679,0.00024083377670283,0.00206824742342518,0.00240290477707605
"zeta_ComAfec",-0.000201376755580775,-0.00259078913181908,0.000102199701171157,-0.000772371609303994,0.000925322445766306,0.000699889701811924,-0.00122872537993744,-0.000433029028157904,0.00144867851473154,-0.00062749657012463,0.000524338298360848,0.000604963492725167,-0.000120362191646744,0.000383054442700346,-0.00943540907348491,0.00306596641828068,-0.000228269832749277,0.000649885502557386,0.00712880972288461,-0.0107771080842923,0.0449896394065024,0.00932831255694982,-0.0109070914141571,0.216822478475562,-0.0165135932352774,0.00212395830053278,-0.0140697513623109,-0.0216287298575431,0.00700373068839274,0.0261944813752076,0.0557893418979115,0.00197211275318641,0.0014967219560556,0.000623434660769996,3.21606478216303e-05,0.000541958892781878,0.00242391714351279,0.00380810822120734,0.00435863683157443,-0.0363615700728286,0.11470788149712,0.189033437282649,0.260801191274475,-0.00610694251316999,-0.025713422279742,-0.0392698953925244,-0.0462329495257099,0.00164282064461412,0.0010445629559484,0.000551191270921671,-4.94440502282671e-05,0.00736059552135021,-0.00203393082438386,-0.0152857958197592,-0.0174606189746593
"zeta_ConCl",-0.000124406075610561,-0.0017937450760532,-3.80705568519917e-05,0.000328028235513155,6.85487568069855e-05,-0.000317106995721023,-0.000370803488121033,-0.000843894854062866,0.00016931395027776,0.000392069431615679,0.00026819866646968,0.000134662999741013,-0.000701975781954788,0.000118380969538383,0.00215398788783492,-0.00312491341166866,0.00300490596402782,-0.00812393871882045,0.00574611771150862,0.000614913431311267,0.00841843466469056,0.00537401900939921,0.00258724887788756,-0.0165135932352774,0.20910006801509,-9.62091763718146e-05,0.0178320385322752,0.00313565669359457,0.00204123595143213,0.00366454412131671,0.00991237208024369,0.000769552547807992,0.00156057235317916,0.00237888465437622,0.00361132012506051,0.00129673408195093,0.00011500159654038,-0.000717883869872502,-0.00102037327221046,0.0056577637844739,-0.0293439780717004,-0.049661206605657,-0.0683026057120768,0.0360167364539222,0.107244454780424,0.167236821928392,0.203639403542456,0.00152723504750644,0.00116118589118935,0.000765196238662028,0.000104400195027185,-0.00550336197270096,-0.00306779349913924,-0.0018921756364784,-0.00159283863716024
"zeta_Ans",1.42907300833799e-05,9.95931374635976e-05,5.63402950994621e-06,-1.16011829501979e-05,2.63499516164987e-05,1.56758507620716e-05,6.59907889691403e-05,2.70659278269694e-05,6.51936733968174e-05,-4.71976160312408e-05,-3.78495039822585e-06,2.91369358913721e-05,3.51196414843273e-05,7.08498098758245e-06,3.9469789321401e-05,1.87388854240238e-05,0.000305111444235507,0.000115096777652322,0.00175720578097578,-0.00130713131235239,-0.0171341378292839,0.00286455785011725,-6.03792438645333e-05,0.00212395830053278,-9.62091763718146e-05,0.0125591983108359,0.000681504513138563,0.0215498512800379,-0.00134961793355374,-0.0218950201693768,-0.04711974826567,0.0001275142587976,0.000475015922760304,0.000407831979381198,0.000285412950336144,-0.000176994298187531,-0.00015225364795543,-0.000126241402506214,-0.000120096968960258,0.000821502125656635,0.00285298727788858,0.00369765848711666,0.00416794297905663,0.00141753360337485,0.00143231042169922,0.00132545324953407,0.00114205103170362,-0.00659337388762363,-0.0042887462763688,-0.00207827050034931,0.00199443846587481,0.0004098694849446,0.000700997557746944,0.00114446948916479,0.00128876291476197
"zeta_StrC",0.000123207816355342,-0.000237802485410085,-1.64832725388798e-05,0.000188622635523233,0.000990298363411324,0.000199330794938438,-0.000149794126560711,-0.000112565680691349,4.53148156281781e-05,0.000771324521685138,-9.43301900765869e-05,6.52302616755435e-06,0.000120109226445225,5.1385838841778e-05,-0.000631091641274208,-7.07286163651824e-05,0.00199678778038427,-0.00348676584873605,0.00317573101096251,0.00804287341637133,-0.0202620201214461,-0.00366735536084462,0.00355852762285734,-0.0140697513623109,0.0178320385322752,0.000681504513138563,0.0499985331085253,0.0161824182610295,0.00194607380994745,-0.0089181277672638,-0.0239531420194717,0.001782810516241,0.00194528323426407,0.00191838113782837,0.00165847125298009,0.000249617533582292,-0.000690286195241468,-0.00142164006891436,-0.00177806928749064,0.00491061787560008,-0.0163150494724889,-0.0276038464630447,-0.0370261145833562,0.00083065569328391,0.00335219086874794,0.00422193694581867,0.00527242460498297,-0.000710135607294316,-8.54645522447442e-05,0.000423867883917987,0.00126516131439392,-0.0145905086375924,-0.000787903948763132,0.021656251693476,0.0270189170626047
"tau_PrPer_1",0.000291321992994125,0.0192153183941138,5.14708804104718e-05,-0.00012830935527734,0.000327970546411395,-0.000215708163384587,0.000127245365531142,-0.000438900313961708,0.000872874124503874,4.53629644324573e-05,0.000937733430393805,0.000455729103069548,0.000259174244486498,0.000734832286606959,-0.00871419384922114,0.00494730589333037,0.0753016072088177,0.0246966501000457,0.0198274389620466,0.0401169228128619,-0.600192718483534,-0.0115606478653951,0.00724333870787168,-0.0216287298575431,0.00313565669359457,0.0215498512800379,0.0161824182610295,1.00570871496912,0.389552068562066,-0.0791170646894538,-0.699074925131109,0.21988032259476,0.23270382203793,0.242711255402095,0.249286920704762,-0.0303308265461364,-0.0315863091637182,-0.0327257242243452,-0.0334163661865616,0.220345878626995,0.201486126984086,0.192955875360965,0.176610634847299,0.207002922433024,0.208057007365026,0.212349950607929,0.211979429381629,0.0667268433589392,0.0760263021155579,0.0845491753303685,0.0976167592746632,0.110840513804767,0.116385833013561,0.123491662855936,0.124930156040471
"tau_PrPer_2",-2.53408271136772e-05,0.0191867971018171,-2.32941511937678e-05,-9.62720580564896e-06,-0.000269178340376234,-0.000393246606675989,-0.000631482424587099,-0.00027733736572466,9.2098856152231e-05,-0.000484264187081739,0.000606395473747573,0.000281032464326824,1.64295317388702e-05,0.000189710848929724,-0.00333155415937926,0.00194574076007305,0.0780628567059588,0.0269079524122548,0.0427576383031087,0.00742826197922006,0.0850054290126304,-0.00914426873921651,-0.00201811445904597,0.00700373068839274,0.00204123595143213,-0.00134961793355374,0.00194607380994745,0.389552068562066,0.539008662963369,0.562645733097218,0.65377112199498,0.248653302819074,0.245474600304293,0.239133052993697,0.232467094777168,-0.0319023057622941,-0.0317192529432866,-0.0316414240631707,-0.0316223018179301,0.225777165307401,0.225034261025665,0.226361744565309,0.223905449510041,0.21674990474492,0.214588757728571,0.216857364158404,0.216891215199176,0.0919780184689662,0.0918421495090886,0.0914636387434742,0.0899817493677198,0.122560613008627,0.121775115072036,0.119674960321806,0.118708636540474
"tau_PrPer_3",-0.000271777715273759,0.0178613826095536,-9.41786616893182e-05,9.54157506149545e-05,-0.000849161070019985,-0.000557192120253893,-0.000907857610711488,-2.4333925247241e-05,-0.0010533808679204,-0.000771182455856392,0.000318803956392875,0.000253828053730158,-0.000365845468365023,-0.000591493437333692,0.00174812488702115,-0.00216054977286261,0.07820068674579,0.0266481827841987,0.0463780240391623,-0.0113092840288986,0.618745941068093,-0.0174098042948203,-0.00877701909497196,0.0261944813752076,0.00366454412131671,-0.0218950201693768,-0.0089181277672638,-0.0791170646894538,0.562645733097218,1.17368979861138,1.7713409835987,0.266920169390333,0.247494283162723,0.230920190576909,0.217636574863289,-0.0319631725337558,-0.0307689616385483,-0.0298481218045485,-0.0293264937556102,0.22289449763898,0.232320216707234,0.239331657625051,0.24644998690384,0.216346805553952,0.212135745124853,0.213320704100802,0.214226543621501,0.109571662468579,0.101869410839108,0.0945602077607933,0.0821848257317955,0.127488962178994,0.121599818350629,0.111882872586335,0.108853154891409
"tau_PrPer_4",-0.000558104138351707,0.0174070138262729,-0.000219835655052703,0.000246477937448452,-0.00204791219093901,-0.00102063295088285,-0.000169147084872721,0.00107496936374049,-0.00315245964794513,-0.00101610130883855,2.69126800507885e-05,0.000627853089837109,-0.000888071287354656,-0.00248535377554825,0.0135262698288256,-0.0123222410284479,0.0822058542946018,0.0398614523044342,0.076879156003861,-0.0445463937076897,1.37977225832278,-0.0133272428029285,-0.0190508654868793,0.0557893418979115,0.00991237208024369,-0.04711974826567,-0.0239531420194717,-0.699074925131109,0.65377112199498,1.7713409835987,3.77413588465448,0.301271214418897,0.2595541868229,0.228616585119341,0.223129660868597,-0.0350528871595935,-0.0323447489357478,-0.0301194408956485,-0.0288202990437476,0.238883345464141,0.265966809057042,0.283405814995431,0.30385395875399,0.236655635710058,0.232019187541236,0.235466922954076,0.239235814037837,0.139257333717001,0.121555436821765,0.104986262513876,0.0785739627843343,0.14570995707932,0.132736861963167,0.112484186603909,0.106385598926968
"tau_AmbTr_1",-1.495512766187e-05,0.00993710981578137,-1.2832668501654e-05,-2.36892273664467e-06,-0.000108847279857032,-0.000171736525072702,-0.00032713064718838,-0.000177329019283847,-1.54528683835494e-05,-0.00022308109475188,0.000282582440402939,0.000173540004048549,-3.42822815542341e-05,3.12411242954892e-05,-0.00231469937805048,0.00115645010682146,0.0401509920458207,0.0141798735495159,0.0185214109188962,0.00829287703006559,0.0152288901399669,-0.0303062341125178,-0.000570285543746739,0.00197211275318641,0.000769552547807992,0.0001275142587976,0.001782810516241,0.21988032259476,0.248653302819074,0.266920169390333,0.301271214418897,0.166472059495997,0.137897244384989,0.117521126117805,0.101787924112405,-0.0164483509752308,-0.016426280996077,-0.0164559747366847,-0.0164863264291877,0.116726518509652,0.115070594052811,0.115287977956149,0.113591525000702,0.111595821047588,0.110436857909016,0.111791858443643,0.111967093336538,0.045946445549619,0.0464593280741318,0.0468585032235153,0.0472813966324412,0.0629147968706453,0.0628298575921877,0.0622026828458072,0.0617860099943116
"tau_AmbTr_2",2.13471247172579e-06,0.00979512727048125,-9.3475078144578e-06,-1.20761435956174e-05,-0.00011785229062652,-0.000186620752524038,-0.000244274387733434,-0.000134334959148596,4.50714576304429e-05,-0.000194999239075001,0.000327837595396859,0.000168069912431625,-5.34301670738927e-06,7.81023193547638e-05,-0.0019809327417984,0.00100257820387143,0.0398777587838358,0.0138240836878566,0.0194454418226995,0.00667052683153757,0.00138590880811061,-0.00854513789818798,-0.000398338873247381,0.0014967219560556,0.00156057235317916,0.000475015922760304,0.00194528323426407,0.23270382203793,0.245474600304293,0.247494283162723,0.2595541868229,0.137897244384989,0.151525509907997,0.134846270965953,0.126340398513523,-0.0162718304516483,-0.0162835591046998,-0.0163346710844893,-0.0163765128887098,0.115637241036829,0.113669355691615,0.11348730158675,0.111211667858413,0.110629876922335,0.109821548952096,0.11118897171676,0.111269455640466,0.0456455750002791,0.0461542341095557,0.0465273214357671,0.0467620332991674,0.0621825650853809,0.0621575384271881,0.0615937166670682,0.0612184360928842
"tau_AmbTr_3",2.46836904323722e-05,0.00944104170351947,-8.73572986968669e-06,-2.04295808205661e-05,-0.000169325479821097,-0.000222843157462376,-5.00779907499148e-05,-3.38356443294891e-05,-1.16786371393992e-05,-0.000131019773354899,0.000367730039653791,0.000201778681346454,-5.26461157103692e-06,3.07349591618631e-05,-0.00117040577853861,0.00029263772027168,0.0394270537277581,0.0133172822244144,0.0185165883607513,0.00557025740364717,-0.0117364527622839,0.0132634168754924,-0.000330590071309043,0.000623434660769996,0.00237888465437622,0.000407831979381198,0.00191838113782837,0.242711255402095,0.239133052993697,0.230920190576909,0.228616585119341,0.117521126117805,0.134846270965953,0.17617208826863,0.168073279244975,-0.0159901461815104,-0.0160193733804405,-0.0160778157162103,-0.0161223255932228,0.113832759940842,0.111254778654011,0.110581764192339,0.107551174497913,0.108854596316943,0.108466968615256,0.110012107151604,0.110034721095625,0.0452603119649506,0.0457101018697944,0.0460596925794529,0.0461645291539505,0.0611079557170745,0.061061684183961,0.0604552686776592,0.0600783017098904
