"","asc_ruta1","asc_ruta2","asc_ruta3","b_time","b_dist","b_CongAB","b_CongCD","b_CongEF","b_Sem_0","b_Sem_1","b_Sem_2","b_Sem_3","b_Sem_4","b_ACC_0","b_ACC_1","b_ACC_2","b_NO_CAMFD","b_SI_CAMFD","b_NO_PANEL","b_SI_PANEL","b_NO_ZER","b_SI_ZER","b_CSECO","b_Hpico","b_Joven30","b_Adulto40","b_Adulto60","b_USOCINTURON","b_USODISPMOB","b_HTRB_2","b_HTRB_3","b_HTRB_4","b_EduBasica","b_Exp_1","b_Exp_2","b_Exp_3","b_Exp_4","b_NoInfo_traf","lambda_1","lambda_2","zeta_FRbr","zeta_EnfCond","zeta_AFrSem","zeta_CulFr","zeta_OmLmVel","zeta_IgPare","zeta_UsoCel","zeta_PasoPeaton","zeta_UsoDirec","sigma_FRbr","sigma_EnfCond","sigma_AFrSem","sigma_CulFr","sigma_OmLmVel","sigma_IgPare","sigma_UsoCel","sigma_PasoPeaton","sigma_UsoDirec"
"asc_ruta1",1,0.999947226090757,0.999909677222041,-0.00143845762530925,0.000857904135824959,-3.94137977282939,-3.94137996228506,-3.94137987476691,NA,NA,NA,NA,NA,1.27965074168166,1.27965074248803,1.27965100792333,NA,NA,NA,NA,NA,NA,-0.00236433805047267,-0.00101132858277197,-0.000706814644135057,-0.00117261121000836,-0.00109921380071851,-0.000657143941629886,4.10290146465895e-05,0.999280090868263,0.99952885347521,0.999481589145782,-0.000816301738447962,1.49991667794028e-05,1.9485075411487e-05,-0.000342414690340361,-0.000848821734505648,-0.00142004032032094,0.000106880837356855,-0.000230327770784143,-2.85805774024042e-05,-1.27920890542677e-05,-3.43709898165946e-05,-2.37047706783024e-05,1.01915769218549e-05,-2.94741714496842e-05,3.34201147543229e-05,-4.20000778401496e-05,6.55153424472151e-05,-1.32119467529447e-05,-1.68742949228764e-05,4.69865289554073e-05,-1.31516082164524e-05,-1.96739578770204e-06,2.66227920914981e-06,-5.33997111240949e-06,3.55717137962446e-05,-5.35260327313774e-05
"asc_ruta2",0.999947226090757,1,0.999901530954449,-0.00301504581236845,-0.000581953895234759,-3.94123882702868,-3.94123888828513,-3.94123892434409,NA,NA,NA,NA,NA,1.2796050760277,1.27960515317163,1.27960568020019,NA,NA,NA,NA,NA,NA,-0.00258187251230464,-0.00160901963191251,-0.00108014378203648,-0.00148984245785943,-0.00115451409943435,5.98281586346664e-05,-0.000400982796217736,0.999269599503196,0.999520151838574,0.9994724318763,-0.000960071276592923,4.3669480396398e-05,0.000196473407027326,-0.000200934523520364,-0.000953850544537193,-0.001812576469635,0.00055885028444672,-0.00109933297734714,-0.000111781871358845,-6.99615934438342e-05,-0.000109626171792911,-7.8169880162701e-05,-1.61082880395472e-05,-7.95802928406059e-05,3.5876427678057e-06,-0.000299828643551614,0.000334769774795404,1.33256529188369e-05,-2.11498875281216e-05,5.18340592629485e-05,-5.74788696588747e-06,2.23381297671223e-06,-6.35382030088088e-06,-2.26722404441734e-07,0.000307983615638158,-0.000366860422610599
"asc_ruta3",0.999909677222041,0.999901530954449,1,-0.00474503733869635,-0.000477121360151689,-3.94092438976968,-3.94092442790356,-3.94092470149129,NA,NA,NA,NA,NA,1.27950276497072,1.27950285725873,1.27950324264129,NA,NA,NA,NA,NA,NA,-0.00227327475135667,-0.00177163499212286,-0.00145841494490678,-0.0018390113467818,-0.00131497180845669,0.000203112860223724,-0.000319354592341398,0.999231625275252,0.999477688800626,0.999437197074537,-0.000611471535355238,0.000373464413330845,0.000427702942849752,-0.000459559334055958,-0.00104377653780445,-0.00190850672133226,0.000560409522063519,-0.00121763266082167,-0.000131455752910469,-8.76918149465943e-05,-0.000126412866867043,-9.1022706444505e-05,-2.4353720150098e-05,-9.45005140898651e-05,-4.44449128614051e-06,-0.000481407296208325,0.000525209264963651,1.84145308466812e-05,-1.48941619050245e-05,4.86443315977487e-05,-4.47932080952094e-06,4.11456700946825e-06,-3.9004391405246e-06,1.43838286699818e-06,0.000501663424148885,-0.000585979567333168
"b_time",-0.00143845762530925,-0.00301504581236845,-0.00474503733869635,1,-0.234504544583195,-0.000418533995093851,-0.000455775952629465,-0.000464674252303647,NA,NA,NA,NA,NA,3.62822807281224e-05,2.52986418027412e-05,4.63629345992136e-05,NA,NA,NA,NA,NA,NA,0.0750566107869817,0.110625190418744,0.0452874586678246,0.0952248335282862,0.0277722210971086,-0.132884771661468,0.0656287540185414,-0.0076517882244924,-0.00871015702203973,-0.00986166373043383,-0.0293364825014639,0.00500802760667439,0.0023431956291398,0.0192169665760339,0.0761354652080071,0.0504394438037097,-0.0279481961641217,0.121493341855034,0.0104036081468741,0.00660783303243142,0.0100398022181173,0.00647685817926913,0.00335753426451994,0.0061836780737202,0.00340272033233967,0.0386818412314804,-0.0397810037731178,-0.00372281465647268,0.00132219857092597,-0.00293429058095094,-0.000585154026463758,-0.000573731428562346,0.00107098565118397,-0.000486669421517638,-0.0404172309805514,0.0469253268640435
"b_dist",0.000857904135824959,-0.000581953895234759,-0.000477121360151689,-0.234504544583195,1,0.000172778568279664,0.000175926476661038,0.00019178383276202,NA,NA,NA,NA,NA,2.80004894728913e-05,2.66395160771707e-05,1.0929940194041e-05,NA,NA,NA,NA,NA,NA,-0.067082916976362,0.0625388188722492,0.0368081413705985,0.0571004634139563,0.0302321124709152,0.0322696697311926,0.0611680064372515,0.000634388429262787,0.00195567797474808,0.00290367102246821,0.0577679148154449,0.0254309221629293,-0.0269739483316781,0.023915779770324,-0.0128585439185153,0.0247495436000895,-0.0501158845796806,-0.0314731107623464,-0.00194431404115997,0.000199600091982117,-0.00287307151753653,-0.000300245854359389,0.000149390342142081,-0.000315504300980546,8.08232274737633e-05,0.015658670544932,-0.012303425660412,0.00132516667378393,-0.0025924350661975,0.00422062582287615,-0.000997875439720572,-0.000225978171219816,-0.00130827840384016,-0.000257586022120602,-0.0171552630282921,0.0136307178905683
"b_CongAB",-3.94137977282939,-3.94123882702868,-3.94092438976968,-0.000418533995093851,0.000172778568279664,1,0.999999984379102,0.99999997973659,NA,NA,NA,NA,NA,-2.01000116315092,-2.01000118225366,-2.01000106027213,NA,NA,NA,NA,NA,NA,-0.000995403981299003,-0.000474139913479714,-0.00188533321266059,-0.000767929326644718,-0.000666726327038639,-0.000628153122668745,-0.000827753695044737,-3.93792121561903,-3.93918739737777,-3.93874262901718,-0.000564635775394977,-0.000677636911842353,0.000944287170407929,5.73863332909318e-05,-0.000245216607307334,0.000157623937235945,8.761241306155e-05,-0.00087237596809851,-3.78342255179038e-05,-2.59673986851877e-05,-3.16451718968806e-05,-1.90205017653164e-05,-1.90186410173174e-05,-2.13380841023064e-05,-2.01113944415124e-05,-0.000241951641623571,0.0002402462641073,1.72749242963357e-05,2.87342182143533e-06,-7.22239572874752e-06,2.14879253159144e-06,2.84548326774017e-06,-1.78222594095825e-06,4.43181980825257e-06,0.000256156606764353,-0.000281603234675028
"b_CongCD",-3.94137996228506,-3.94123888828513,-3.94092442790356,-0.000455775952629465,0.000175926476661038,0.999999984379102,1,0.999999987639762,NA,NA,NA,NA,NA,-2.01000122003392,-2.01000123806342,-2.01000111716022,NA,NA,NA,NA,NA,NA,-0.000999658268088638,-0.000461069962688526,-0.00185940481918071,-0.000745482442354094,-0.00064909388594809,-0.000617163878661871,-0.000835660150501942,-3.93792088183653,-3.93918671553072,-3.93874213243588,-0.000549709158811725,-0.000692014695216694,0.000935939652516951,6.94259553973771e-05,-0.000246956855438917,0.000136518883999268,7.86391346706199e-05,-0.000872598578714111,-3.96240466054709e-05,-2.67629349492214e-05,-3.32835196468327e-05,-1.98635349560224e-05,-1.91622648644752e-05,-2.1797651310926e-05,-2.01628666654181e-05,-0.000233346060007418,0.000232249649698601,1.83981655046741e-05,2.27998986097071e-06,-6.43886028404069e-06,2.03018394587706e-06,2.76339979933149e-06,-2.74909334263505e-06,4.25668644832409e-06,0.000246947803766155,-0.000272421037078165
"b_CongEF",-3.94137987476691,-3.94123892434409,-3.94092470149129,-0.000464674252303647,0.00019178383276202,0.99999997973659,0.999999987639762,1,NA,NA,NA,NA,NA,-2.0100011603537,-2.01000117921355,-2.01000106277112,NA,NA,NA,NA,NA,NA,-0.00102870010256215,-0.000455501152129367,-0.0018550824075722,-0.000744993011059253,-0.000648476291998306,-0.000609917571872538,-0.000846301550040708,-3.93792003152027,-3.93918600079416,-3.93874147486061,-0.000542571216458612,-0.00068223933989422,0.000937567777495273,7.6229025733283e-05,-0.000248452306924688,0.000133144852184599,6.38136545086519e-05,-0.000859534232116844,-3.75545979152605e-05,-2.5101709928098e-05,-3.14935370523441e-05,-1.84556321847316e-05,-1.85002554393291e-05,-2.04013049409022e-05,-1.9324575957165e-05,-0.000227303480701956,0.000225667100198994,1.80041428869479e-05,2.08800054281337e-06,-6.01687291692246e-06,1.86727035391714e-06,2.66613217213107e-06,-2.6493313975411e-06,4.09279529821452e-06,0.000240618099635867,-0.000264696360541017
"b_Sem_0",NA,NA,NA,NA,NA,NA,NA,NA,NA,NA,NA,NA,NA,NA,NA,NA,NA,NA,NA,NA,NA,NA,NA,NA,NA,NA,NA,NA,NA,NA,NA,NA,NA,NA,NA,NA,NA,NA,NA,NA,NA,NA,NA,NA,NA,NA,NA,NA,NA,NA,NA,NA,NA,NA,NA,NA,NA,NA
"b_Sem_1",NA,NA,NA,NA,NA,NA,NA,NA,NA,NA,NA,NA,NA,NA,NA,NA,NA,NA,NA,NA,NA,NA,NA,NA,NA,NA,NA,NA,NA,NA,NA,NA,NA,NA,NA,NA,NA,NA,NA,NA,NA,NA,NA,NA,NA,NA,NA,NA,NA,NA,NA,NA,NA,NA,NA,NA,NA,NA
"b_Sem_2",NA,NA,NA,NA,NA,NA,NA,NA,NA,NA,NA,NA,NA,NA,NA,NA,NA,NA,NA,NA,NA,NA,NA,NA,NA,NA,NA,NA,NA,NA,NA,NA,NA,NA,NA,NA,NA,NA,NA,NA,NA,NA,NA,NA,NA,NA,NA,NA,NA,NA,NA,NA,NA,NA,NA,NA,NA,NA
"b_Sem_3",NA,NA,NA,NA,NA,NA,NA,NA,NA,NA,NA,NA,NA,NA,NA,NA,NA,NA,NA,NA,NA,NA,NA,NA,NA,NA,NA,NA,NA,NA,NA,NA,NA,NA,NA,NA,NA,NA,NA,NA,NA,NA,NA,NA,NA,NA,NA,NA,NA,NA,NA,NA,NA,NA,NA,NA,NA,NA
"b_Sem_4",NA,NA,NA,NA,NA,NA,NA,NA,NA,NA,NA,NA,NA,NA,NA,NA,NA,NA,NA,NA,NA,NA,NA,NA,NA,NA,NA,NA,NA,NA,NA,NA,NA,NA,NA,NA,NA,NA,NA,NA,NA,NA,NA,NA,NA,NA,NA,NA,NA,NA,NA,NA,NA,NA,NA,NA,NA,NA
"b_ACC_0",1.27965074168166,1.2796050760277,1.27950276497072,3.62822807281224e-05,2.80004894728913e-05,-2.01000116315092,-2.01000122003392,-2.0100011603537,NA,NA,NA,NA,NA,1,0.999999995339634,0.999999927911369,NA,NA,NA,NA,NA,NA,-0.000916894044716016,-0.000148844314620117,0.000579446867436255,0.000137846745717873,0.000211961416738001,0.000379364649281419,0.000429750045522047,1.27855003987736,1.27895963710317,1.27881397909464,5.81708134379104e-05,0.000244262318266227,-0.000314815913240431,-0.000104070507438902,6.31913838285023e-05,-9.34688878079476e-05,-3.96497033143013e-05,0.000349605569622162,1.64540342441329e-05,1.24892519619283e-05,1.7443003095233e-05,9.21670187985808e-06,1.21188909534089e-05,7.84287652932997e-06,2.69463051495796e-05,8.35755039390221e-05,-9.59414881034598e-05,-7.84386020895841e-06,-3.88450173560722e-06,3.9072838879323e-06,-5.54789709179176e-06,-1.72918401225431e-06,-1.57748158155726e-06,-4.7733297515512e-06,-9.05833033681968e-05,0.000110986373230197
"b_ACC_1",1.27965074248803,1.27960515317163,1.27950285725873,2.52986418027412e-05,2.66395160771707e-05,-2.01000118225366,-2.01000123806342,-2.01000117921355,NA,NA,NA,NA,NA,0.999999995339634,1,0.999999928416626,NA,NA,NA,NA,NA,NA,-0.000911511869760092,-0.000151553575869112,0.000585895043752195,0.000146728089217807,0.000218456675815242,0.000387726770017474,0.000432596552589014,1.27855000291247,1.2789595202558,1.27881387408513,5.11491103504887e-05,0.00023913481423352,-0.000321527321137981,-0.000110125521302896,5.02596680141531e-05,-9.64011232392211e-05,-2.78561649417268e-05,0.000343440665482449,1.57567751757482e-05,1.20825449994553e-05,1.68280409820769e-05,8.70786685797248e-06,1.18742537427044e-05,7.33145723336505e-06,2.67244234996757e-05,8.20548762124767e-05,-9.41334338586768e-05,-7.60339689966797e-06,-4.04658570660191e-06,3.92153935193005e-06,-5.40176021093218e-06,-1.68204065027737e-06,-1.49093312388335e-06,-4.74452018744533e-06,-8.89724164435238e-05,0.00010889555921775
"b_ACC_2",1.27965100792333,1.27960568020019,1.27950324264129,4.63629345992136e-05,1.0929940194041e-05,-2.01000106027213,-2.01000111716022,-2.01000106277112,NA,NA,NA,NA,NA,0.999999927911369,0.999999928416626,1,NA,NA,NA,NA,NA,NA,-0.000919508407169798,-0.000131846541665049,0.000580344755911417,0.000145486162789963,0.000209048430982136,0.000385349664161272,0.000424891209629117,1.27855018273675,1.27895957991441,1.27881428048634,6.26826677820868e-05,0.00023128715293522,-0.000306303738726531,-0.000101614524583407,6.52833476887072e-05,-0.000104682668691181,-8.71821306727697e-06,0.000329004934086083,1.34474546400681e-05,1.04209910472948e-05,1.45710584068372e-05,7.12638046492397e-06,1.10849672313531e-05,5.80074824500992e-06,2.60207210515439e-05,8.01906270462931e-05,-9.07979138696223e-05,-7.16561835246496e-06,-4.19633630088789e-06,4.22027400901896e-06,-5.20534460770117e-06,-1.55022684263316e-06,-1.64927594486e-06,-4.68578439900958e-06,-8.68806363946677e-05,0.000105226108209551
"b_NO_CAMFD",NA,NA,NA,NA,NA,NA,NA,NA,NA,NA,NA,NA,NA,NA,NA,NA,NA,NA,NA,NA,NA,NA,NA,NA,NA,NA,NA,NA,NA,NA,NA,NA,NA,NA,NA,NA,NA,NA,NA,NA,NA,NA,NA,NA,NA,NA,NA,NA,NA,NA,NA,NA,NA,NA,NA,NA,NA,NA
"b_SI_CAMFD",NA,NA,NA,NA,NA,NA,NA,NA,NA,NA,NA,NA,NA,NA,NA,NA,NA,NA,NA,NA,NA,NA,NA,NA,NA,NA,NA,NA,NA,NA,NA,NA,NA,NA,NA,NA,NA,NA,NA,NA,NA,NA,NA,NA,NA,NA,NA,NA,NA,NA,NA,NA,NA,NA,NA,NA,NA,NA
"b_NO_PANEL",NA,NA,NA,NA,NA,NA,NA,NA,NA,NA,NA,NA,NA,NA,NA,NA,NA,NA,NA,NA,NA,NA,NA,NA,NA,NA,NA,NA,NA,NA,NA,NA,NA,NA,NA,NA,NA,NA,NA,NA,NA,NA,NA,NA,NA,NA,NA,NA,NA,NA,NA,NA,NA,NA,NA,NA,NA,NA
"b_SI_PANEL",NA,NA,NA,NA,NA,NA,NA,NA,NA,NA,NA,NA,NA,NA,NA,NA,NA,NA,NA,NA,NA,NA,NA,NA,NA,NA,NA,NA,NA,NA,NA,NA,NA,NA,NA,NA,NA,NA,NA,NA,NA,NA,NA,NA,NA,NA,NA,NA,NA,NA,NA,NA,NA,NA,NA,NA,NA,NA
"b_NO_ZER",NA,NA,NA,NA,NA,NA,NA,NA,NA,NA,NA,NA,NA,NA,NA,NA,NA,NA,NA,NA,NA,NA,NA,NA,NA,NA,NA,NA,NA,NA,NA,NA,NA,NA,NA,NA,NA,NA,NA,NA,NA,NA,NA,NA,NA,NA,NA,NA,NA,NA,NA,NA,NA,NA,NA,NA,NA,NA
"b_SI_ZER",NA,NA,NA,NA,NA,NA,NA,NA,NA,NA,NA,NA,NA,NA,NA,NA,NA,NA,NA,NA,NA,NA,NA,NA,NA,NA,NA,NA,NA,NA,NA,NA,NA,NA,NA,NA,NA,NA,NA,NA,NA,NA,NA,NA,NA,NA,NA,NA,NA,NA,NA,NA,NA,NA,NA,NA,NA,NA
"b_CSECO",-0.00236433805047267,-0.00258187251230464,-0.00227327475135667,0.0750566107869817,-0.067082916976362,-0.000995403981299003,-0.000999658268088638,-0.00102870010256215,NA,NA,NA,NA,NA,-0.000916894044716016,-0.000911511869760092,-0.000919508407169798,NA,NA,NA,NA,NA,NA,1,-0.0327004217826459,-0.0262422432781754,0.0732398575141259,-0.00709879676020188,-0.174970047745616,0.0431539270752594,-0.0174413455667637,-0.0160403702586424,-0.0153255512986969,0.0697168233897605,-0.0363557251869745,-0.0133639305958644,-0.0695292007716002,0.00127121111818947,-0.0187959057643519,-0.0313032415399746,-0.015336300750083,-0.0038927416077242,-0.00413480515691845,-0.00514516573517277,-0.00236095398775298,-0.00189428724392331,-0.00352943047941026,-0.00220034924630905,-0.0132344970943672,0.0147624615257812,-0.00140176666257573,0.00103249034835094,0.00208362329779767,-0.000921032092449664,0.000395291661414653,0.000302058221960523,0.000522508252665013,0.0148817056414366,-0.0159338823198152
"b_Hpico",-0.00101132858277197,-0.00160901963191251,-0.00177163499212286,0.110625190418744,0.0625388188722492,-0.000474139913479714,-0.000461069962688526,-0.000455501152129367,NA,NA,NA,NA,NA,-0.000148844314620117,-0.000151553575869112,-0.000131846541665049,NA,NA,NA,NA,NA,NA,-0.0327004217826459,1,0.045159487553685,-0.0347237419909456,-0.0398845337013022,0.017486538968925,0.00544735177869866,-0.00860015568242969,-0.0086232087763792,-0.00786289818241274,-0.0442696960630577,-0.0261614749837678,-0.0237302710643223,0.121865496745161,0.0268005014061364,0.0120037313690381,-0.0828174425441251,0.0310785753293676,0.00537532761665026,0.00452319483976697,0.0051276324588288,0.00351227237140324,0.0024358900496731,0.00472270719073255,0.00267458241902928,0.0100848609504202,-0.0103712112285261,-0.000238334934245025,-0.000439181471482575,0.000557125858320942,8.47258545564777e-05,-0.000551525534705957,-0.00120320319838345,-0.000648015480193287,-0.0110282333491892,0.0115710149328689
"b_Joven30",-0.000706814644135057,-0.00108014378203648,-0.00145841494490678,0.0452874586678246,0.0368081413705985,-0.00188533321266059,-0.00185940481918071,-0.0018550824075722,NA,NA,NA,NA,NA,0.000579446867436255,0.000585895043752195,0.000580344755911417,NA,NA,NA,NA,NA,NA,-0.0262422432781754,0.045159487553685,1,0.512807038532032,0.454668748848169,-0.0235752137086466,-0.11317916550186,-0.00601079340453641,-0.00572986785204907,-0.00541766344651579,0.010531635843124,-0.175696543369881,-0.502428742630034,-0.0277818316057031,-0.0560584561128294,-0.0864816776023347,0.0533406405719881,0.1312589524179,0.00352621764333373,0.00277207804862837,0.00235421609532967,0.000757565365613081,0.00135534430263605,0.00194025493192918,0.00279598913475944,0.0412717147080058,-0.0447217482273191,-0.00257626051838828,-0.00131463883849303,0.000645595970327007,0.00143053508186295,-0.000348542229249283,-4.3114763035502e-06,-0.00111746124018751,-0.0453583359814168,0.0496222117149627
"b_Adulto40",-0.00117261121000836,-0.00148984245785943,-0.0018390113467818,0.0952248335282862,0.0571004634139563,-0.000767929326644718,-0.000745482442354094,-0.000744993011059253,NA,NA,NA,NA,NA,0.000137846745717873,0.000146728089217807,0.000145486162789963,NA,NA,NA,NA,NA,NA,0.0732398575141259,-0.0347237419909456,0.512807038532032,1,0.715449238208096,-0.0845176089572211,-0.209165802527224,-0.0110107854034344,-0.0104041926912214,-0.0104454549817924,0.00507234981655126,-0.173955369686142,-0.202715990960223,-0.0823683321231249,-0.114983300708155,-0.122139279463825,0.0495234033241678,0.0796464279188351,-0.00506481730420904,-0.00401881102920591,-0.00598525889525254,-0.00455823620749387,-0.00121331742258315,-0.0035854913903427,-0.000589787331917769,0.0271173166998791,-0.025101101763363,-0.00113205505379149,-0.000827119502234928,0.00138042035210963,0.00125452505573189,-3.55357713019056e-05,-0.000964497644217775,-0.000498233050186742,-0.0286459024059691,0.0293269773914611
"b_Adulto60",-0.00109921380071851,-0.00115451409943435,-0.00131497180845669,0.0277722210971086,0.0302321124709152,-0.000666726327038639,-0.00064909388594809,-0.000648476291998306,NA,NA,NA,NA,NA,0.000211961416738001,0.000218456675815242,0.000209048430982136,NA,NA,NA,NA,NA,NA,-0.00709879676020188,-0.0398845337013022,0.454668748848169,0.715449238208096,1,-0.0847433407185719,-0.0932944981929529,-0.0123869892876105,-0.0121971138154235,-0.0128589106816841,-0.00504113254551417,-0.119072969304753,-0.0266847406908779,-0.0563444455114687,-0.0394879325560045,-0.0615274192075863,0.033526208047882,-0.0074264428351494,-0.00170800158442648,-0.00288166068118421,-0.00259230956522059,-0.00144841080271688,-0.000911912529508234,-0.00195317930998151,-0.00136714014261352,-0.00828306791681827,0.00781481076758261,-0.00204664016278203,0.00164296886442663,0.000299497363297128,-0.000332069880476318,0.000152290631038116,0.000126701318856297,0.000364442219352292,0.00825465966335636,-0.00979346072649011
"b_USOCINTURON",-0.000657143941629886,5.98281586346664e-05,0.000203112860223724,-0.132884771661468,0.0322696697311926,-0.000628153122668745,-0.000617163878661871,-0.000609917571872538,NA,NA,NA,NA,NA,0.000379364649281419,0.000387726770017474,0.000385349664161272,NA,NA,NA,NA,NA,NA,-0.174970047745616,0.017486538968925,-0.0235752137086466,-0.0845176089572211,-0.0847433407185719,1,-0.0305674404784682,-0.00894096706406149,-0.00817281161688828,-0.00938902784193444,0.0651904689760078,-0.00856901571806374,0.0182343212721103,-0.031925260499265,-0.0279812877423486,-0.0237431579111594,0.228202708543181,-0.311049003762017,-0.023401669067014,-0.0130279068163819,-0.0206232017286395,-0.0158967430202351,-0.00695908360296217,-0.0152998918025157,-0.00705745993293877,-0.0295079383295138,0.049490967615146,0.00879710198806339,-0.00619559513150415,0.00124703012634216,0.00343432616571737,0.00103372924073129,0.000125092025776274,0.000799003125157996,0.0329147190407116,-0.0546108598851919
"b_USODISPMOB",4.10290146465895e-05,-0.000400982796217736,-0.000319354592341398,0.0656287540185414,0.0611680064372515,-0.000827753695044737,-0.000835660150501942,-0.000846301550040708,NA,NA,NA,NA,NA,0.000429750045522047,0.000432596552589014,0.000424891209629117,NA,NA,NA,NA,NA,NA,0.0431539270752594,0.00544735177869866,-0.11317916550186,-0.209165802527224,-0.0932944981929529,-0.0305674404784682,1,-0.00566303995885273,-0.00465425039892432,-0.00523244324631646,0.0116313050806661,-0.0101415215246241,-0.0504412205061268,-0.0857191508169598,0.0536284080782608,0.112907374588268,-0.163986276215359,0.24388334219227,0.0213716184038103,0.0135482797361786,0.0205144709279421,0.0141617575859419,0.00683111675449548,0.0144087521174104,0.00625789001900892,0.0339603354003441,-0.0495758778088109,-0.00517254317480226,0.00419167070401545,-0.00291712700072255,-0.00153836870318343,-0.00104697709747089,0.000522255511565843,-0.000469852551706379,-0.0380985183571184,0.0542177008024256
"b_HTRB_2",0.999280090868263,0.999269599503196,0.999231625275252,-0.0076517882244924,0.000634388429262787,-3.93792121561903,-3.93792088183653,-3.93792003152027,NA,NA,NA,NA,NA,1.27855003987736,1.27855000291247,1.27855018273675,NA,NA,NA,NA,NA,NA,-0.0174413455667637,-0.00860015568242969,-0.00601079340453641,-0.0110107854034344,-0.0123869892876105,-0.00894096706406149,-0.00566303995885273,1,0.999672914533119,0.99964422420564,-0.00646847297474979,-0.0028443765802223,-0.00295079071926882,-0.00139741433009127,-0.00476424605650782,-0.0114350315298605,-0.00367981078775543,0.00132808947964692,0.000280526447079792,0.000244582908465948,0.000238466185578634,0.000201495987687745,0.000144275360765559,0.000207059355803835,0.000162580953664535,0.000352660757956891,-0.000349359837421521,-4.5287660997001e-05,-4.75735986853104e-05,0.000123823443792068,-4.9431677335368e-05,-3.16706340417374e-05,-1.65328143178481e-05,-3.04551473037935e-05,-0.000356649250943627,0.0004625757695463
"b_HTRB_3",0.99952885347521,0.999520151838574,0.999477688800626,-0.00871015702203973,0.00195567797474808,-3.93918739737777,-3.93918671553072,-3.93918600079416,NA,NA,NA,NA,NA,1.27895963710317,1.2789595202558,1.27895957991441,NA,NA,NA,NA,NA,NA,-0.0160403702586424,-0.0086232087763792,-0.00572986785204907,-0.0104041926912214,-0.0121971138154235,-0.00817281161688828,-0.00465425039892432,0.999672914533119,1,0.999909905984623,-0.00883869237773083,-0.00216593524374597,-0.0030424565816422,-0.000574128461781357,-0.00474241314925033,-0.012805489798302,-0.00210000720005313,3.285697612398e-05,3.43679764235819e-05,6.93139396046653e-05,3.05744799784194e-05,3.5674361554141e-05,8.86960984775703e-05,6.71416584640796e-05,8.45037032608744e-05,0.000418505837417376,-0.000346409776393483,2.75117256800771e-05,-5.1944511769323e-05,8.78692320978388e-05,-2.27668286015546e-05,-2.97421273867962e-05,-5.99042175403499e-05,-2.10896351855625e-05,-0.000415500640624395,0.000476066035010134
"b_HTRB_4",0.999481589145782,0.9994724318763,0.999437197074537,-0.00986166373043383,0.00290367102246821,-3.93874262901718,-3.93874213243588,-3.93874147486061,NA,NA,NA,NA,NA,1.27881397909464,1.27881387408513,1.27881428048634,NA,NA,NA,NA,NA,NA,-0.0153255512986969,-0.00786289818241274,-0.00541766344651579,-0.0104454549817924,-0.0128589106816841,-0.00938902784193444,-0.00523244324631646,0.99964422420564,0.999909905984623,1,-0.0100503612214435,-0.00218260015453611,-0.00294780329436743,-0.000308284551533545,-0.00593387776634872,-0.0138773612412114,-0.000969484078732299,-0.00141119967077348,-0.000125016373281688,-2.55906225151686e-05,-0.000125885087888037,-6.74688107514403e-05,3.3742835189731e-05,-4.68322131743482e-05,3.71311498283224e-05,7.4988091610145e-05,2.88899968889463e-05,6.90578961051763e-05,-9.30760628252745e-05,0.000123273322792071,-1.38264050168864e-05,-1.99615729173305e-05,-5.14491831003203e-05,-1.70457740830088e-05,-5.39409838308824e-05,3.80131663414067e-05
"b_EduBasica",-0.000816301738447962,-0.000960071276592923,-0.000611471535355238,-0.0293364825014639,0.0577679148154449,-0.000564635775394977,-0.000549709158811725,-0.000542571216458612,NA,NA,NA,NA,NA,5.81708134379104e-05,5.11491103504887e-05,6.26826677820868e-05,NA,NA,NA,NA,NA,NA,0.0697168233897605,-0.0442696960630577,0.010531635843124,0.00507234981655126,-0.00504113254551417,0.0651904689760078,0.0116313050806661,-0.00646847297474979,-0.00883869237773083,-0.0100503612214435,1,0.179025106698008,0.0219925514866516,-0.0294839104407202,-0.0351579918404402,-0.060013114378756,-0.125702118948957,0.281612232210296,0.0140036579983292,0.00837400877477861,0.00984764685974387,0.00757776585704448,0.00435179472495172,0.00713837666312533,0.00625437068190051,0.0434969464324709,-0.0584651384991407,-0.00796889104126509,0.00105712826531117,0.00362639840627331,-0.000213705549219281,-0.000815635079493545,0.00201513052906899,-0.00171609667994941,-0.0476866379957518,0.065257331990053
"b_Exp_1",1.49991667794028e-05,4.3669480396398e-05,0.000373464413330845,0.00500802760667439,0.0254309221629293,-0.000677636911842353,-0.000692014695216694,-0.00068223933989422,NA,NA,NA,NA,NA,0.000244262318266227,0.00023913481423352,0.00023128715293522,NA,NA,NA,NA,NA,NA,-0.0363557251869745,-0.0261614749837678,-0.175696543369881,-0.173955369686142,-0.119072969304753,-0.00856901571806374,-0.0101415215246241,-0.0028443765802223,-0.00216593524374597,-0.00218260015453611,0.179025106698008,1,0.266623491263581,0.214565118040413,0.236902074516646,-0.0507937775419038,-0.0521907097321587,0.0662088646943992,0.00853668846506766,0.00606097088450677,0.00837176095672219,0.0062284151632697,0.00244947025025034,0.00570899034267117,0.00282580342973451,0.00738276141487419,-0.00951481608637083,-0.000797328719437755,0.00118004719139194,-0.000265710492615662,-0.000982396966726392,-0.000237426709421297,0.000893037832661584,-0.000291495626456531,-0.00792923553388159,0.01083698273356
"b_Exp_2",1.9485075411487e-05,0.000196473407027326,0.000427702942849752,0.0023431956291398,-0.0269739483316781,0.000944287170407929,0.000935939652516951,0.000937567777495273,NA,NA,NA,NA,NA,-0.000314815913240431,-0.000321527321137981,-0.000306303738726531,NA,NA,NA,NA,NA,NA,-0.0133639305958644,-0.0237302710643223,-0.502428742630034,-0.202715990960223,-0.0266847406908779,0.0182343212721103,-0.0504412205061268,-0.00295079071926882,-0.0030424565816422,-0.00294780329436743,0.0219925514866516,0.266623491263581,1,0.169650115360121,0.219614827310581,0.0655129027087785,-0.0346788882955238,-0.15078695559456,-0.0057288963769933,-0.00515618656863004,-0.0035307795730479,-0.00107075237962147,-0.00166503932454739,-0.00328105729254447,-0.00414863747412626,-0.038446262211066,0.0399153315809456,0.00381563374713558,0.00315444439980266,-0.00233931820967628,-0.00269897345170819,0.000303104651436611,4.61935566976914e-05,0.00158405045052463,0.0404353513481487,-0.0467081948426472
"b_Exp_3",-0.000342414690340361,-0.000200934523520364,-0.000459559334055958,0.0192169665760339,0.023915779770324,5.73863332909318e-05,6.94259553973771e-05,7.6229025733283e-05,NA,NA,NA,NA,NA,-0.000104070507438902,-0.000110125521302896,-0.000101614524583407,NA,NA,NA,NA,NA,NA,-0.0695292007716002,0.121865496745161,-0.0277818316057031,-0.0823683321231249,-0.0563444455114687,-0.031925260499265,-0.0857191508169598,-0.00139741433009127,-0.000574128461781357,-0.000308284551533545,-0.0294839104407202,0.214565118040413,0.169650115360121,1,0.213721620635827,-0.0665005982486186,0.0197151356715398,0.0171269932232505,0.00222716533235786,0.00147428700705599,0.00174016304967403,0.00123996555015662,0.000717877722095866,0.00136079046785389,0.00071055844406311,0.0177187558701724,-0.0149267726409825,-0.00107825728189413,8.18854451275858e-06,0.000272104382055744,-1.44162094191921e-05,-0.000133898372981376,3.27333446664475e-05,-0.000110297781089254,-0.0177797146361099,0.018762967326904
"b_Exp_4",-0.000848821734505648,-0.000953850544537193,-0.00104377653780445,0.0761354652080071,-0.0128585439185153,-0.000245216607307334,-0.000246956855438917,-0.000248452306924688,NA,NA,NA,NA,NA,6.31913838285023e-05,5.02596680141531e-05,6.52833476887072e-05,NA,NA,NA,NA,NA,NA,0.00127121111818947,0.0268005014061364,-0.0560584561128294,-0.114983300708155,-0.0394879325560045,-0.0279812877423486,0.0536284080782608,-0.00476424605650782,-0.00474241314925033,-0.00593387776634872,-0.0351579918404402,0.236902074516646,0.219614827310581,0.213721620635827,1,0.0466128303312231,-0.0156823081266518,0.0452420258038829,0.00587785214753887,0.00371428478304152,0.00817345381760285,0.00481032657073188,0.00163443845244147,0.00469592909415848,0.00123870537792416,-0.0020600101224136,0.00232818019841572,0.00136212845768737,0.00278054883917741,-0.00519779541531767,-0.000729999632319004,-6.13556283665663e-05,0.000245409252204173,0.000284259953948828,0.00306610126520202,-0.00150231011068615
"b_NoInfo_traf",-0.00142004032032094,-0.001812576469635,-0.00190850672133226,0.0504394438037097,0.0247495436000895,0.000157623937235945,0.000136518883999268,0.000133144852184599,NA,NA,NA,NA,NA,-9.34688878079476e-05,-9.64011232392211e-05,-0.000104682668691181,NA,NA,NA,NA,NA,NA,-0.0187959057643519,0.0120037313690381,-0.0864816776023347,-0.122139279463825,-0.0615274192075863,-0.0237431579111594,0.112907374588268,-0.0114350315298605,-0.012805489798302,-0.0138773612412114,-0.060013114378756,-0.0507937775419038,0.0655129027087785,-0.0665005982486186,0.0466128303312231,1,0.0657703094683562,-0.0367881114565964,-8.24560709865046e-05,0.000410178493628699,0.001172223704245,0.00134386584379282,-0.00030068816191823,0.000662624917548976,-0.000498833088773923,-0.0101274192567109,0.00595970272138089,0.00216728703764156,0.000348600748640636,-0.00129473649450425,-0.00125283521031427,0.000218466634496798,-0.000180020278808508,0.000375622245153668,0.00853921569261421,-0.0100101091367081
"lambda_1",0.000106880837356855,0.00055885028444672,0.000560409522063519,-0.0279481961641217,-0.0501158845796806,8.761241306155e-05,7.86391346706199e-05,6.38136545086519e-05,NA,NA,NA,NA,NA,-3.96497033143013e-05,-2.78561649417268e-05,-8.71821306727697e-06,NA,NA,NA,NA,NA,NA,-0.0313032415399746,-0.0828174425441251,0.0533406405719881,0.0495234033241678,0.033526208047882,0.228202708543181,-0.163986276215359,-0.00367981078775543,-0.00210000720005313,-0.000969484078732299,-0.125702118948957,-0.0521907097321587,-0.0346788882955238,0.0197151356715398,-0.0156823081266518,0.0657703094683562,1,-0.284300810950118,-0.0625834173568735,-0.0372725306066521,-0.0588241927718902,-0.0448714969970607,-0.0209613525449017,-0.0440154840967931,-0.0155360854317945,-0.011467026869122,0.0352579416888533,0.0128026069512832,-0.018159609969044,0.00219025678093189,0.00864489927627144,0.00341253008446056,0.000405140962684781,-0.000247700411136142,0.0157519175908335,-0.0353277256209743
"lambda_2",-0.000230327770784143,-0.00109933297734714,-0.00121763266082167,0.121493341855034,-0.0314731107623464,-0.00087237596809851,-0.000872598578714111,-0.000859534232116844,NA,NA,NA,NA,NA,0.000349605569622162,0.000343440665482449,0.000329004934086083,NA,NA,NA,NA,NA,NA,-0.015336300750083,0.0310785753293676,0.1312589524179,0.0796464279188351,-0.0074264428351494,-0.311049003762017,0.24388334219227,0.00132808947964692,3.285697612398e-05,-0.00141119967077348,0.281612232210296,0.0662088646943992,-0.15078695559456,0.0171269932232505,0.0452420258038829,-0.0367881114565964,-0.284300810950118,1,0.0578187172721063,0.0388649649105632,0.0505791437504967,0.0351231672537416,0.0184097336285751,0.0369734876335228,0.0251052395148902,0.224675927622986,-0.221798770032789,-0.0190489540928545,0.00425121732933507,0.00105510672658132,-0.00134949880964469,-0.0030060590297217,0.00236378451934159,-0.0059287070543472,-0.215895433773603,0.287556902486111
"zeta_FRbr",-2.85805774024042e-05,-0.000111781871358845,-0.000131455752910469,0.0104036081468741,-0.00194431404115997,-3.78342255179038e-05,-3.96240466054709e-05,-3.75545979152605e-05,NA,NA,NA,NA,NA,1.64540342441329e-05,1.57567751757482e-05,1.34474546400681e-05,NA,NA,NA,NA,NA,NA,-0.0038927416077242,0.00537532761665026,0.00352621764333373,-0.00506481730420904,-0.00170800158442648,-0.023401669067014,0.0213716184038103,0.000280526447079792,3.43679764235819e-05,-0.000125016373281688,0.0140036579983292,0.00853668846506766,-0.0057288963769933,0.00222716533235786,0.00587785214753887,-8.24560709865046e-05,-0.0625834173568735,0.0578187172721063,1,0.34881444872263,0.488926974989789,0.297605834715669,0.137149016701905,0.300081620925187,0.100816826260776,-0.0372039903809013,0.0201245423976786,-0.195557613007755,0.0426263412228905,-0.0858234824799656,0.0168069965991689,-0.0136906309354846,0.0781820281045046,0.0138616217894542,0.0385498508965452,-0.0250808874082164
"zeta_EnfCond",-1.27920890542677e-05,-6.99615934438342e-05,-8.76918149465943e-05,0.00660783303243142,0.000199600091982117,-2.59673986851877e-05,-2.67629349492214e-05,-2.5101709928098e-05,NA,NA,NA,NA,NA,1.24892519619283e-05,1.20825449994553e-05,1.04209910472948e-05,NA,NA,NA,NA,NA,NA,-0.00413480515691845,0.00452319483976697,0.00277207804862837,-0.00401881102920591,-0.00288166068118421,-0.0130279068163819,0.0135482797361786,0.000244582908465948,6.93139396046653e-05,-2.55906225151686e-05,0.00837400877477861,0.00606097088450677,-0.00515618656863004,0.00147428700705599,0.00371428478304152,0.000410178493628699,-0.0372725306066521,0.0388649649105632,0.34881444872263,1,0.380246434387713,0.22946978312956,0.111518037284434,0.248176982203643,0.103000459778667,-0.00438361851863926,-0.0113184970373078,0.0278018907763534,-0.132822638890413,-0.0564531888483388,0.0194280953105265,-0.0125166913865026,0.0403592564399151,-0.00187283795106944,0.00122703781222618,0.00803368610866955
"zeta_AFrSem",-3.43709898165946e-05,-0.000109626171792911,-0.000126412866867043,0.0100398022181173,-0.00287307151753653,-3.16451718968806e-05,-3.32835196468327e-05,-3.14935370523441e-05,NA,NA,NA,NA,NA,1.7443003095233e-05,1.68280409820769e-05,1.45710584068372e-05,NA,NA,NA,NA,NA,NA,-0.00514516573517277,0.0051276324588288,0.00235421609532967,-0.00598525889525254,-0.00259230956522059,-0.0206232017286395,0.0205144709279421,0.000238466185578634,3.05744799784194e-05,-0.000125885087888037,0.00984764685974387,0.00837176095672219,-0.0035307795730479,0.00174016304967403,0.00817345381760285,0.001172223704245,-0.0588241927718902,0.0505791437504967,0.488926974989789,0.380246434387713,1,0.312679692398293,0.150508168604112,0.349229436724799,0.0986700307559717,-0.0419690968726812,0.0275863530647412,0.0189648975350378,0.0423295391872984,-0.302800052233057,0.032960637581329,-0.015679678129043,0.0447199228443184,0.0207219884609805,0.0446283479666843,-0.0322703082315338
"zeta_CulFr",-2.37047706783024e-05,-7.8169880162701e-05,-9.1022706444505e-05,0.00647685817926913,-0.000300245854359389,-1.90205017653164e-05,-1.98635349560224e-05,-1.84556321847316e-05,NA,NA,NA,NA,NA,9.21670187985808e-06,8.70786685797248e-06,7.12638046492397e-06,NA,NA,NA,NA,NA,NA,-0.00236095398775298,0.00351227237140324,0.000757565365613081,-0.00455823620749387,-0.00144841080271688,-0.0158967430202351,0.0141617575859419,0.000201495987687745,3.5674361554141e-05,-6.74688107514403e-05,0.00757776585704448,0.0062284151632697,-0.00107075237962147,0.00123996555015662,0.00481032657073188,0.00134386584379282,-0.0448714969970607,0.0351231672537416,0.297605834715669,0.22946978312956,0.312679692398293,1,0.0950465854031887,0.210203094035247,0.065567366300582,-0.0307777400264204,0.0174962723127956,-0.000112986875785804,0.0227900979275064,-0.0400503349662154,-0.103360193251803,-0.0116063346643614,0.0256230454283638,0.00901535687453778,0.0311865059708985,-0.0226577180561541
"zeta_OmLmVel",1.01915769218549e-05,-1.61082880395472e-05,-2.4353720150098e-05,0.00335753426451994,0.000149390342142081,-1.90186410173174e-05,-1.91622648644752e-05,-1.85002554393291e-05,NA,NA,NA,NA,NA,1.21188909534089e-05,1.18742537427044e-05,1.10849672313531e-05,NA,NA,NA,NA,NA,NA,-0.00189428724392331,0.0024358900496731,0.00135534430263605,-0.00121331742258315,-0.000911912529508234,-0.00695908360296217,0.00683111675449548,0.000144275360765559,8.86960984775703e-05,3.3742835189731e-05,0.00435179472495172,0.00244947025025034,-0.00166503932454739,0.000717877722095866,0.00163443845244147,-0.00030068816191823,-0.0209613525449017,0.0184097336285751,0.137149016701905,0.111518037284434,0.150508168604112,0.0950465854031887,1,0.116715392958868,0.0421101883332949,-0.00478986769175047,-0.00917323961104381,0.0134853388417766,0.00741533077875784,-0.0222991483339281,0.00148010488516804,-0.0403836318343408,-0.0150024544942331,-0.00145667854896788,0.00306382379489872,0.00749614690610542
"zeta_IgPare",-2.94741714496842e-05,-7.95802928406059e-05,-9.45005140898651e-05,0.0061836780737202,-0.000315504300980546,-2.13380841023064e-05,-2.1797651310926e-05,-2.04013049409022e-05,NA,NA,NA,NA,NA,7.84287652932997e-06,7.33145723336505e-06,5.80074824500992e-06,NA,NA,NA,NA,NA,NA,-0.00352943047941026,0.00472270719073255,0.00194025493192918,-0.0035854913903427,-0.00195317930998151,-0.0152998918025157,0.0144087521174104,0.000207059355803835,6.71416584640796e-05,-4.68322131743482e-05,0.00713837666312533,0.00570899034267117,-0.00328105729254447,0.00136079046785389,0.00469592909415848,0.000662624917548976,-0.0440154840967931,0.0369734876335228,0.300081620925187,0.248176982203643,0.349229436724799,0.210203094035247,0.116715392958868,1,0.0889207772535435,-0.0131832344961894,-0.00535534665847782,0.0519941559610672,0.0213044796625253,-0.0827283206411694,0.00836139966342826,-0.0192203557309741,-0.0879156913343654,-0.000211804869053473,0.0120961847483498,0.00310648864350775
"zeta_UsoCel",3.34201147543229e-05,3.5876427678057e-06,-4.44449128614051e-06,0.00340272033233967,8.08232274737633e-05,-2.01113944415124e-05,-2.01628666654181e-05,-1.9324575957165e-05,NA,NA,NA,NA,NA,2.69463051495796e-05,2.67244234996757e-05,2.60207210515439e-05,NA,NA,NA,NA,NA,NA,-0.00220034924630905,0.00267458241902928,0.00279598913475944,-0.000589787331917769,-0.00136714014261352,-0.00705745993293877,0.00625789001900892,0.000162580953664535,8.45037032608744e-05,3.71311498283224e-05,0.00625437068190051,0.00282580342973451,-0.00414863747412626,0.00071055844406311,0.00123870537792416,-0.000498833088773923,-0.0155360854317945,0.0251052395148902,0.100816826260776,0.103000459778667,0.0986700307559717,0.065567366300582,0.0421101883332949,0.0889207772535435,1,0.017344980970728,-0.0222971688555201,0.0185033241858903,-0.0292883993494446,0.0288597671657722,0.0106546324489293,-0.00775389502884531,-0.01216165944773,-0.0423284870613069,-0.0200966991634639,0.0234143908582951
"zeta_PasoPeaton",-4.20000778401496e-05,-0.000299828643551614,-0.000481407296208325,0.0386818412314804,0.015658670544932,-0.000241951641623571,-0.000233346060007418,-0.000227303480701956,NA,NA,NA,NA,NA,8.35755039390221e-05,8.20548762124767e-05,8.01906270462931e-05,NA,NA,NA,NA,NA,NA,-0.0132344970943672,0.0100848609504202,0.0412717147080058,0.0271173166998791,-0.00828306791681827,-0.0295079383295138,0.0339603354003441,0.000352660757956891,0.000418505837417376,7.4988091610145e-05,0.0434969464324709,0.00738276141487419,-0.038446262211066,0.0177187558701724,-0.0020600101224136,-0.0101274192567109,-0.011467026869122,0.224675927622986,-0.0372039903809013,-0.00438361851863926,-0.0419690968726812,-0.0307777400264204,-0.00478986769175047,-0.0131832344961894,0.017344980970728,1,-0.395454470629701,0.0181568376159394,-0.0382701859795327,0.0339818625568952,0.0151475700184791,-0.00108459269246887,-0.0164907633224411,-0.0137862908022548,-0.671980901405133,0.569930540452984
"zeta_UsoDirec",6.55153424472151e-05,0.000334769774795404,0.000525209264963651,-0.0397810037731178,-0.012303425660412,0.0002402462641073,0.000232249649698601,0.000225667100198994,NA,NA,NA,NA,NA,-9.59414881034598e-05,-9.41334338586768e-05,-9.07979138696223e-05,NA,NA,NA,NA,NA,NA,0.0147624615257812,-0.0103712112285261,-0.0447217482273191,-0.025101101763363,0.00781481076758261,0.049490967615146,-0.0495758778088109,-0.000349359837421521,-0.000346409776393483,2.88899968889463e-05,-0.0584651384991407,-0.00951481608637083,0.0399153315809456,-0.0149267726409825,0.00232818019841572,0.00595970272138089,0.0352579416888533,-0.221798770032789,0.0201245423976786,-0.0113184970373078,0.0275863530647412,0.0174962723127956,-0.00917323961104381,-0.00535534665847782,-0.0222971688555201,-0.395454470629701,1,-0.0135170463348445,0.0444149020759818,-0.0370639198973538,-0.0108303065096239,0.00587065611230407,0.0280945060272979,0.014163829825004,0.506058650825124,-0.709924249941747
