"","asc_ruta1","asc_ruta2","asc_ruta3","b_time","b_dist","b_CongAB","b_CongCD","b_CongEF","b_Sem_0","b_Sem_1","b_Sem_2","b_Sem_3","b_Sem_4","b_ACC_0","b_ACC_1","b_ACC_2","b_NO_CAMFD","b_SI_CAMFD","b_NO_PANEL","b_SI_PANEL","b_NO_ZER","b_SI_ZER","b_CSECO","b_Hpico","b_Joven30","b_Adulto40","b_Adulto60","b_USOCINTURON","b_USODISPMOB","b_HTRB_2","b_HTRB_3","b_HTRB_4","b_EduBasica","b_Exp_1","b_Exp_2","b_Exp_3","b_Exp_4","b_NoInfo_traf","lambda_1","lambda_2","zeta_FRbr","zeta_EnfCond","zeta_AFrSem","zeta_CulFr","zeta_OmLmVel","zeta_IgPare","zeta_UsoCel","zeta_PasoPeaton","zeta_UsoDirec","sigma_FRbr","sigma_EnfCond","sigma_AFrSem","sigma_CulFr","sigma_OmLmVel","sigma_IgPare","sigma_UsoCel","sigma_PasoPeaton","sigma_UsoDirec"
"asc_ruta1",474.740021948446,474.731725540311,474.751400211762,-0.000815106740596058,0.00252413883070515,-133086.036160675,-133086.038591678,-133086.037530635,92583.8075622456,92583.8118545529,92583.8100737753,92583.8110748948,92583.8092843895,94797.2354064423,94797.2356037642,94797.2578678023,241843.263866768,241843.264426251,13380.6764365566,13380.6761574647,-10092.9018848617,-10092.9054131355,-0.0192026044180186,-0.00630619013340207,-0.0118217282835297,-0.0125894061922448,-0.00992572966097502,-0.00527313147210135,0.000281580980448792,474.808376406521,474.774774369777,474.805285507587,-0.00534947495046305,0.000138872398065876,0.000222382297919351,-0.00360591955729327,-0.00712574883265938,-0.0106543608675465,0.000369045004179822,-0.0010701167813716,-2.81863848291281e-05,-1.32173433199915e-05,-3.12037375447112e-05,-3.13266045852633e-05,2.82256856063991e-05,-2.64661519633575e-05,4.92058931687311e-05,-9.74708292981159e-05,0.000117262305547844,-8.5606767942488e-06,-1.12250784410345e-05,2.72963380203055e-05,-1.11418005524997e-05,-3.53519378767636e-06,1.53819400493208e-06,-5.15442627905335e-06,6.22222414930847e-05,-9.22245734536236e-05
"asc_ruta2",474.731725540311,474.773539266221,474.764291038687,-0.00170854592763471,-0.00171229420250896,-133085.974714842,-133085.972817099,-133085.975928848,92583.7805140397,92583.7761489339,92583.7711102483,92583.7673087514,92583.7684794249,94797.198700559,94797.204553211,94797.246197601,241843.139594074,241843.147038251,13380.6687698061,13380.6696026843,-10092.8978447087,-10092.898520307,-0.0209701090049801,-0.0100334768367091,-0.0180664296601563,-0.0159958337434699,-0.0104254507638913,0.000480097072742188,-0.00275203086343959,474.820152029827,474.787400548793,474.817695845807,-0.00629186279997534,0.000404335762845092,0.00224242139949156,-0.00211608708780981,-0.00800773479174917,-0.0135999839165671,0.0019297021896675,-0.00510774793203119,-0.000110244031098569,-7.22899159044526e-05,-9.95277431213367e-05,-0.000103307616947984,-4.46136576457567e-05,-7.1461159669308e-05,5.28242944986193e-06,-0.000695845809489005,0.000599207145831751,8.63465746249816e-06,-1.40697746584596e-05,3.01135235874332e-05,-4.86967599699726e-06,4.01405785805252e-06,-3.67119769548702e-06,-2.18852339727534e-07,0.000538745686774105,-0.000632117468692797
"asc_ruta3",474.751400211762,474.764291038687,474.848554154915,-0.00268909833166951,-0.00140395430702826,-133085.869571119,-133085.866892689,-133085.87802593,92583.7035418671,92583.7063508674,92583.6966960625,92583.6881102563,92583.6793644655,94797.1073242401,94797.1142993545,94797.1454524125,241842.926461268,241842.934154504,13380.6582923958,13380.6578881018,-10092.8894529848,-10092.8914227574,-0.0184651197867449,-0.0110483815971463,-0.0243953008032792,-0.0197462781613548,-0.0118753481168488,0.00163002832139575,-0.00219197215365468,474.839616141477,474.804735419051,474.838465036325,-0.00400761800437677,0.00345818054441111,0.0048819125804148,-0.00484010601278896,-0.00876337077002628,-0.0143208916060315,0.00193523908241432,-0.00565784175306869,-0.000129657490839235,-9.06173573255906e-05,-0.000114777165434147,-0.000120303136098268,-6.74556080732658e-05,-8.48658576767743e-05,-6.5445664079985e-06,-0.00111734392278629,0.000940150603733379,1.19330533391737e-05,-9.9089915248086e-06,2.82626513837177e-05,-3.79523193831009e-06,7.39426932417267e-06,-2.25382741323088e-06,1.38856291933057e-06,0.000877612778235591,-0.00100974964675505
"b_time",-0.000815106740596058,-0.00170854592763471,-0.00268909833166951,0.000676361654881384,-0.000823544945906838,-0.0168685018074985,-0.0183694929007986,-0.018728128263713,0.0122703950546986,0.0110005655094256,0.0108838523237757,0.010593577083497,0.0106261696778494,0.00320819209896081,0.00223698458958456,0.00409955498323008,0.0325273149857163,0.0316996869905668,0.00192596416818045,0.00215149117969281,-0.00102760313199167,-0.00176522064990166,0.000727614055407158,0.00082336116026537,0.00090409683974885,0.0012202898327422,0.000299331519616743,-0.00127275517591908,0.000537610763466126,-0.00433965940112199,-0.00493832708031333,-0.00559181123146792,-0.000229472180804887,5.53448330044323e-05,3.19203935706064e-05,0.000241551671167138,0.000762891174825825,0.000451708831667906,-0.000115184709695837,0.000673750211814031,1.22465548224075e-05,8.14935662954251e-06,1.08793087220497e-05,1.0216532500678e-05,1.1099032748795e-05,6.6276205284097e-06,5.97994245788927e-06,0.000107150270106405,-8.49870426170647e-05,-2.87921613410969e-06,1.04983730015749e-06,-2.03467809640156e-06,-5.91709144592957e-07,-1.23052855251532e-06,7.38588824909057e-07,-5.60708384860944e-07,-8.43857248568232e-05,9.65051461186894e-05
"b_dist",0.00252413883070515,-0.00171229420250896,-0.00140395430702826,-0.000823544945906838,0.0182344684326929,0.0361570265882538,0.0368157820033865,0.040134219778836,-0.022031421014988,-0.0213077195859701,-0.0220319206996355,-0.0241269556078729,-0.0320089150945504,0.0128554852245302,0.0122306399731798,0.00501811544629853,-0.0338140721771701,-0.0363914044902794,-0.00262239025193675,-0.00353717375534693,0.0040804614615146,0.00271240952721053,-0.00337661179747345,0.00241681320230457,0.00381538135818487,0.00379935144529992,0.00169187158171275,0.00160480120805109,0.00260168783941549,0.00186812108096636,0.00575715969366902,0.00854883210112173,0.00234620393757853,0.00145924945701861,-0.0019079248950677,0.00156087031760501,-0.000668997419273837,0.00115083365033196,-0.0010724412600386,-0.000906239883252594,-1.18837476780566e-05,1.27815070754305e-06,-1.61651465021223e-05,-2.45908317028365e-06,2.56415495117447e-06,-1.75579218324086e-06,7.37503358582041e-07,0.0002252153998413,-0.00013647719685556,5.3214553473329e-06,-1.06878479675312e-05,1.51959027918268e-05,-5.23927846609126e-06,-2.5165560564844e-06,-4.68464102252491e-06,-1.54092800514186e-06,-0.000185975988065151,0.000145552262404847
"b_CongAB",-133086.036160675,-133085.974714842,-133085.869571119,-0.0168685018074985,0.0361570265882538,2401665.76828166,2401665.65919114,2401665.68222271,-1468917.98733314,-1468918.0557946,-1468918.06136701,-1468918.07248527,-1468917.86275984,-10590802.9888479,-10590803.1048724,-10590802.7526683,-1888042.06443175,-1888042.23021241,56419.6046461937,56419.6766334182,353789.175458602,353789.082402051,-0.575013840769646,-0.210285659259068,-2.24280705589546,-0.58640925907008,-0.428209438634539,-0.358510578969813,-0.404056147797007,-133084.207121815,-133084.446788985,-133084.26513886,-0.263182610087071,-0.446245877104017,0.766532499817141,0.0429833720538089,-0.146417254703474,0.0841157379250548,0.0215165920707038,-0.288281600688088,-0.00265388187297751,-0.00190835647956612,-0.00204338592486778,-0.00178783690473629,-0.00374637248720581,-0.00136280268358541,-0.00210610358626266,-0.0399375574440723,0.0305844318741576,0.000796133319146405,0.000135953845435097,-0.000298428754121659,0.000129479008239262,0.000363668667742013,-7.32400506040339e-05,0.000304264917749728,0.0318694659240425,-0.0345102098556488
"b_CongCD",-133086.038591678,-133085.972817099,-133085.866892689,-0.0183694929007986,0.0368157820033865,2401665.65919114,2401665.62513297,2401665.62962915,-1468917.92374846,-1468917.98521298,-1468917.98685748,-1468917.99827557,-1468917.79747829,-10590802.9729407,-10590803.0833103,-10590802.736788,-1888041.8779753,-1888042.03526093,56419.6198552988,56419.6860905912,353789.165259511,353789.0796003,-0.57747139237876,-0.204489002976899,-2.21196237139254,-0.569268262683123,-0.416884873099419,-0.352238594189126,-0.407915558985567,-133084.191875282,-133084.419786778,-133084.244393944,-0.256225151146453,-0.455714100037956,0.759756314205892,0.0520012590275443,-0.147456341244658,0.072853061073374,0.0193128584403431,-0.288355155038662,-0.00277942879619969,-0.00196682075935486,-0.00214917693514691,-0.00186707796843212,-0.00377466400864294,-0.00139215389135542,-0.0021114937928012,-0.0385170827344937,0.0295664259492559,0.00084789906350137,0.000107876044373933,-0.000266053130765964,0.000122332050282594,0.000353177931111054,-0.00011297317859772,0.000292241194255158,0.0307237610694864,-0.0333849392366987
"b_CongEF",-133086.037530635,-133085.975928848,-133085.87802593,-0.018728128263713,0.040134219778836,2401665.68222271,2401665.62962915,2401665.69349564,-1468917.90226469,-1468917.97262177,-1468917.97419642,-1468917.9898882,-1468917.78148178,-10590802.8092145,-10590802.9239592,-10590802.6009409,-1888041.78833775,-1888041.9499856,56419.6194169662,56419.6854875946,353789.168184524,353789.08405178,-0.594247962513442,-0.202019184325738,-2.20682042848024,-0.568894529311098,-0.416488225197806,-0.348102859828838,-0.413110011960166,-133084.165032479,-133084.397533689,-133084.224069553,-0.25289808564209,-0.449276718203146,0.76107796818999,0.057096878916565,-0.148349267766674,0.0710525159721922,0.0156718928659229,-0.284037971567447,-0.00263426735285893,-0.00184473657236096,-0.00203359455732478,-0.0017347418177232,-0.00364425864297881,-0.00130297324520431,-0.00202370642230083,-0.0375196696972833,0.028728438173475,0.000829740123077833,9.87922123123836e-05,-0.000248616654055868,0.000112515427255513,0.000340746589853235,-0.000108873492491841,0.000280989313480228,0.0299362577624787,-0.0324382879288099
"b_Sem_0",92583.8075622456,92583.7805140397,92583.7035418671,0.0122703950546986,-0.022031421014988,-1468917.98733314,-1468917.92374846,-1468917.90226469,-225759.670252495,-225759.78086788,-225759.808695183,-225759.861617221,-225759.980112311,6973017.9563401,6973018.01366211,6973017.7840891,2557617.3844744,2557617.50783357,-39738.0635538014,-39738.1009077391,-6684.06355188465,-6683.97844831276,0.216914165089017,0.149984351340594,1.56143016273227,0.400934654908603,0.303893069893791,0.25149754467827,0.272080315987774,92582.7348808902,92582.8826321875,92582.7518864599,0.170822668756881,0.31788675903848,-0.530771824686726,-0.00865032826153957,0.0917300398369371,-0.0712433476079913,-0.0264028737065514,0.206533408162982,0.00213052912823085,0.0014017308622834,0.00163655282519065,0.00150825622243375,0.00124545091318537,0.00103895565399463,0.0014005723150926,0.0286306591541819,-0.0219356516085472,-0.00061198430426107,-3.58002292522697e-05,8.51178832041855e-05,-3.62309114259006e-05,-0.000257427978010706,5.33647494383684e-05,-0.000308190963240636,-0.0229603796559894,0.0246848612360222
"b_Sem_1",92583.8118545529,92583.7761489339,92583.7063508674,0.0110005655094256,-0.0213077195859701,-1468918.0557946,-1468917.98521298,-1468917.97262177,-225759.78086788,-225759.725081409,-225759.761914858,-225759.812385667,-225759.927137312,6973017.97328364,6973018.03777709,6973017.7980109,2557617.39864924,2557617.5178025,-39738.0597474873,-39738.0999507767,-6684.07462262056,-6683.98608739402,0.223367137676113,0.148764934191871,1.56833863046686,0.383911756933723,0.29723325499276,0.245865326285194,0.28375044002104,92582.7435548052,92582.881643968,92582.7563965321,0.171291116914179,0.304705097710649,-0.536110534446498,-0.0196756374297983,0.0949544376698235,-0.0646781779424814,-0.026832731904016,0.21183548250077,0.00217503207847068,0.00142948320052359,0.00167271732773735,0.00155107380061281,0.00128380148243221,0.00106813472256596,0.00144434601434788,0.029009425558797,-0.0222223360689281,-0.000617927381428614,-2.70476357448319e-05,8.86955158361902e-05,-4.15500467491005e-05,-0.000260793555098821,5.24774487845928e-05,-0.000317587984658634,-0.0232571331632536,0.0250131108206345
"b_Sem_2",92583.8100737753,92583.7711102483,92583.6966960625,0.0108838523237757,-0.0220319206996355,-1468918.06136701,-1468917.98685748,-1468917.97419642,-225759.808695183,-225759.761914858,-225759.728696259,-225759.792247276,-225759.911400567,6973018.00493087,6973018.06915696,6973017.81752113,2557617.43067855,2557617.54673991,-39738.0561684386,-39738.101629229,-6684.07660475482,-6683.98808209849,0.22238459317805,0.150890724143239,1.57331061850066,0.384299176730863,0.295987904125234,0.237705162112483,0.28747424567891,92582.7357765235,92582.8924084359,92582.765927479,0.164884898364246,0.301007827810447,-0.544298843757694,-0.0184980546523124,0.089781879544056,-0.0633538786798596,-0.0255899200240344,0.212714833349564,0.00214275065044624,0.00140617309906158,0.00164095555364273,0.00152075875035283,0.00125370097888098,0.00105251711767316,0.00143332434890499,0.0293177313347441,-0.0224788453466083,-0.000617995454540798,-3.21240525594742e-05,9.22054891730732e-05,-4.05418257980585e-05,-0.000258164175641805,4.5267334147734e-05,-0.000318409758085602,-0.0235078600674152,0.0252932735624889
"b_Sem_3",92583.8110748948,92583.7673087514,92583.6881102563,0.010593577083497,-0.0241269556078729,-1468918.07248527,-1468917.99827557,-1468917.9898882,-225759.861617221,-225759.812385667,-225759.792247276,-225759.767720549,-225759.920862984,6973018.05439475,6973018.11895528,6973017.8819339,2557617.4145526,2557617.53362965,-39738.0566502621,-39738.1036288664,-6684.07682265262,-6683.99356198626,0.225862497417489,0.147976808840497,1.57477017405631,0.381838865221825,0.294043574350406,0.232290993583678,0.286404624834898,92582.7470497938,92582.9013811543,92582.7695004528,0.164600360786977,0.297294813969198,-0.546844565498407,-0.0142289662900456,0.0839322573707945,-0.0650855688302417,-0.0273117292866728,0.213496175731583,0.00219437723851731,0.00144209517158204,0.00167936594020848,0.00155796642168825,0.00130905632878709,0.00107980190022392,0.00146378408860196,0.02963355690024,-0.0227721770261887,-0.000633142036238189,-3.13843961072327e-05,9.47755600505311e-05,-3.89663474259948e-05,-0.000266260017344449,4.78047273710688e-05,-0.000322865893525826,-0.0237777496256386,0.0255961580422016
"b_Sem_4",92583.8092843895,92583.7684794249,92583.6793644655,0.0106261696778494,-0.0320089150945504,-1468917.86275984,-1468917.79747829,-1468917.78148178,-225759.980112311,-225759.927137312,-225759.911400567,-225759.920862984,-225759.803293293,6973018.06624354,6973018.11498497,6973017.85156184,2557617.09459341,2557617.204661,-39738.0829615772,-39738.1195638656,-6684.05658367199,-6683.98065186557,0.214821646804018,0.144881801606683,1.54437008697535,0.367685269511242,0.278027621432268,0.229012292435695,0.291728156169178,92582.7682667949,92582.911083207,92582.7787351032,0.161275527750063,0.28561166313791,-0.536603918426866,-0.0327548088852789,0.101129180304062,-0.0566894677759968,-0.0239834324759412,0.214052719153197,0.00227061757694515,0.00149953546983071,0.00177770238353817,0.00163565013296504,0.00133353098541884,0.00113140232567361,0.00146792222350903,0.0284821364573683,-0.0220415412907987,-0.00062061616518525,-1.4979846869355e-05,5.45717351893421e-05,-4.10453970179337e-05,-0.000257097199050022,5.42241612632644e-05,-0.000312216028331693,-0.0228733908716708,0.0247544798451547
"b_ACC_0",94797.2354064423,94797.198700559,94797.1073242401,0.00320819209896081,0.0128554852245302,-10590802.9888479,-10590802.9729407,-10590802.8092145,6973017.9563401,6973017.97328364,6973018.00493087,6973018.05439475,6973018.06624354,11559860.4994748,11559860.4623793,11559860.0000238,18597345.0119738,18597345.137173,-40391.3197063469,-40391.3859985408,-605588.755950999,-605589.016471675,-1.1620320046724,-0.144828957129993,1.51229817275216,0.230938369924091,0.298665774496862,0.475021562734377,0.460231706422443,94797.577892382,94797.6372737144,94797.415043321,0.0594858877836585,0.352901617800771,-0.560664648303536,-0.171017160544509,0.0827790158634406,-0.109431455459375,-0.0213632734149148,0.253461258534709,0.00253214836956186,0.00201366628121502,0.00247106522476204,0.00190064707248639,0.00523738336675032,0.00109893738531955,0.00619094263671979,0.0302657850689533,-0.02679601656133,-0.000793084578292256,-0.000403224992885247,0.000354204736516475,-0.000733420910050415,-0.00048485410116797,-0.000142223114471353,-0.000718970772878095,-0.0247250620898302,0.029840055989679
"b_ACC_1",94797.2356037642,94797.204553211,94797.1142993545,0.00223698458958456,0.0122306399731798,-10590803.1048724,-10590803.0833103,-10590802.9239592,6973018.01366211,6973018.03777709,6973018.06915696,6973018.11895528,6973018.11498497,11559860.4623793,11559860.53303,11559860.0226422,18597345.1296316,18597345.2516697,-40391.3099223791,-40391.3809060519,-605588.765398619,-605589.025614426,-1.15521086971981,-0.147465131135985,1.52912726803972,0.245817524517905,0.307817966944957,0.485492195500633,0.463280113531143,94797.5752892217,94797.6287504686,94797.4073966395,0.052305444313698,0.345493580577577,-0.572617187078996,-0.180967254292442,0.0658388155126398,-0.112864456683954,-0.0150089110147297,0.248991752407142,0.00242484560544523,0.00194809213283115,0.00238394654320721,0.00179571628669001,0.00513165927261519,0.00102727773721538,0.00613996509753796,0.0297151094981463,-0.0262910353609778,-0.000768771583362334,-0.00042004988185884,0.000355497029329093,-0.000714101907439396,-0.000471635351138057,-0.000134420049738788,-0.000714631405874614,-0.0242853643248067,0.0292779148847536
"b_ACC_2",94797.2578678023,94797.246197601,94797.1454524125,0.00409955498323008,0.00501811544629853,-10590802.7526683,-10590802.736788,-10590802.6009409,6973017.7840891,6973017.7980109,6973017.81752113,6973017.8819339,6973017.85156184,11559860.0000238,11559860.0226422,11559861.167242,18597344.6996748,18597344.8404106,-40391.3453515183,-40391.3908291321,-605588.741502423,-605588.989515383,-1.16534536865601,-0.128289735021502,1.5146416153108,0.243736898369808,0.294561219257826,0.482515714900687,0.455028252206431,94797.5912226734,94797.6357728731,94797.440123272,0.0640997439952004,0.334155564330188,-0.545505089433638,-0.166981293681695,0.0855194348124233,-0.122560323502051,-0.00469737625396027,0.238525968439994,0.002069459125943,0.00168019661696648,0.00206421087931326,0.00146958583838921,0.00479055590965349,0.000812796079289048,0.00597828886575765,0.0290399966310523,-0.025359440656517,-0.000724508267870191,-0.000435594534153845,0.00038257805919458,-0.00068813617599748,-0.00043467546471293,-0.000148695979096036,-0.00070578449500716,-0.0237144055408864,0.0282913384756497
"b_NO_CAMFD",241843.263866768,241843.139594074,241842.926461268,0.0325273149857163,-0.0338140721771701,-1888042.06443175,-1888041.8779753,-1888041.78833775,2557617.3844744,2557617.39864924,2557617.43067855,2557617.4145526,2557617.09459341,18597345.0119738,18597345.1296316,18597344.6996748,-3654417.87224466,-3654417.66652921,-102366.418091807,-102366.523094764,-69028.4619428038,-69028.3580218524,0.00207369032876325,0.715319012158938,4.16347239159676,0.976886025811357,0.773570678803288,0.74512032303514,0.687392812097887,241840.667089913,241841.012069703,241840.659758876,0.384335266283066,0.832976291369652,-1.37710706872462,0.0570266763517208,0.28629402514888,-0.0827807654335197,-0.0526424606127425,0.578117395839254,0.006095423491591,0.00496149584697636,0.00515857410057224,0.00493817763428252,0.00532497574336168,0.00327966229046536,0.00513137108632284,0.0836931868843898,-0.0643816435438742,-0.00140305611559109,-0.000365109996914485,0.000187022287618785,-6.59254465858376e-05,-0.000575868288384428,0.000318193638107007,-0.000761760213434947,-0.0661375736149253,0.0721204962982187
"b_SI_CAMFD",241843.264426251,241843.147038251,241842.934154504,0.0316996869905668,-0.0363914044902794,-1888042.23021241,-1888042.03526093,-1888041.9499856,2557617.50783357,2557617.5178025,2557617.54673991,2557617.53362965,2557617.204661,18597345.137173,18597345.2516697,18597344.8404106,-3654417.66652921,-3654417.37189937,-102366.401192282,-102366.510101248,-69028.478345319,-69028.3656176055,0.00127399234526405,0.716431477994073,4.18027527034636,0.974380164704153,0.776735407063236,0.743719875515782,0.686504923445591,241840.685851517,241841.024523417,241840.670480528,0.382512095481709,0.823567938848049,-1.39060306241464,0.0595534375976592,0.288679640622309,-0.080371462809255,-0.0540646222752387,0.572651509825478,0.00597985095598614,0.00486593456918974,0.00504283630416274,0.0048302883785747,0.00524831644187738,0.00321931019619489,0.00506808104264723,0.083273035636136,-0.0640268448412316,-0.00139791719490426,-0.000365383277768239,0.000208872082441071,-6.02861101494422e-05,-0.00057516864018294,0.000299464475350641,-0.000755892965499284,-0.065801309364819,0.0717257979247498
"b_NO_PANEL",13380.6764365566,13380.6687698061,13380.6582923958,0.00192596416818045,-0.00262239025193675,56419.6046461937,56419.6198552988,56419.6194169662,-39738.0635538014,-39738.0597474873,-39738.0561684386,-39738.0566502621,-39738.0829615772,-40391.3197063469,-40391.3099223791,-40391.3453515183,-102366.418091807,-102366.401192282,-5648.73359504751,-5648.76433056596,4343.75190716258,4343.75979978527,0.0533015956276994,0.0413057943995788,0.230809163840707,0.0616729047466697,0.045978569415205,0.0313546104424174,0.0400878971358847,13380.4851570262,13380.5057866914,13380.487629945,0.0267402320190207,0.0490313773740052,-0.0745970961662642,0.0147068210589468,0.0168492881123316,-0.00880448426994623,-0.00428080678874857,0.0319595145729268,0.000351185131508943,0.000262261766981626,0.00027480560544667,0.000272874186216637,0.000280607629895874,0.000204461451219309,0.000217309134307612,0.00468183355239271,-0.00350137994867084,-7.22806442195576e-05,-2.70263079754936e-06,1.25050975079943e-05,1.13734929122002e-05,-2.80604634802703e-05,1.01562604135888e-05,-3.86961198294519e-05,-0.00368906799222361,0.00395900738794971
"b_SI_PANEL",13380.6761574647,13380.6696026843,13380.6578881018,0.00215149117969281,-0.00353717375534693,56419.6766334182,56419.6860905912,56419.6854875946,-39738.1009077391,-39738.0999507767,-39738.101629229,-39738.1036288664,-39738.1195638656,-40391.3859985408,-40391.3809060519,-40391.3908291321,-102366.523094764,-102366.510101248,-5648.76433056596,-5648.74341512457,4343.75714251671,4343.76586942856,0.0514917502967378,0.0409662575305438,0.231602884792782,0.057450655912428,0.0414441548576805,0.0315257130338899,0.0361506514207067,13380.481599859,13380.5087054379,13380.4930270117,0.0247456271437698,0.0459199638438881,-0.0770057264755758,0.00694368611697171,0.0186836883223063,-0.00145561859650423,-0.00227733823250786,0.0303497541329623,0.000349426093955661,0.00025898752102389,0.000273719777248816,0.000265619627673003,0.00026942369096237,0.000198574048620862,0.000202083902236689,0.00427839507049258,-0.00319302283365487,-7.62427646257244e-05,-2.88606792553093e-06,7.47689899086928e-06,1.47884043958507e-05,-2.55048187075089e-05,1.35108375342881e-05,-3.3937947002566e-05,-0.00337379258150389,0.00360504092876343
"b_NO_ZER",-10092.9018848617,-10092.8978447087,-10092.8894529848,-0.00102760313199167,0.0040804614615146,353789.175458602,353789.165259511,353789.168184524,-6684.06355188465,-6684.07462262056,-6684.07660475482,-6684.07682265262,-6684.05658367199,-605588.755950999,-605588.765398619,-605588.741502423,-69028.4619428038,-69028.478345319,4343.75190716258,4343.75714251671,-9072.49428158371,-9072.53355132525,-0.0602949979749547,-0.0150249726066157,-0.167617245340862,-0.0389094982438084,-0.0297893941418228,-0.0251702116849802,-0.0428549844364476,-10092.7527030921,-10092.7730836609,-10092.7598793511,-0.0221444346346208,-0.0285193226188714,0.0598722852668055,0.00945604065401699,-0.00949777387870854,0.00951918611304068,0.00438337303274461,-0.0230922798596208,-0.000231250381128563,-0.000138828193965332,-0.000159413481039101,-0.000141091796147987,-0.000145695855364863,-0.000109336409511752,-0.000200636113533511,-0.00321640445976381,0.00243259135816208,6.38487469977979e-05,2.64133472913422e-06,-2.79554236681586e-05,1.39901676772233e-05,2.72706288523079e-05,-4.81922799654587e-06,3.87047578542975e-05,0.00258296013963321,-0.00275909650227374
"b_SI_ZER",-10092.9054131355,-10092.898520307,-10092.8914227574,-0.00176522064990166,0.00271240952721053,353789.082402051,353789.0796003,353789.08405178,-6683.97844831276,-6683.98608739402,-6683.98808209849,-6683.99356198626,-6683.98065186557,-605589.016471675,-605589.025614426,-605588.989515383,-69028.3580218524,-69028.3656176055,4343.75979978527,4343.76586942856,-9072.53355132525,-9072.50047663564,-0.0604182021197855,-0.00982759185710323,-0.162985242955702,-0.045020946739994,-0.0309876742083008,-0.0181150599432005,-0.0390235951821364,-10092.7540806,-10092.7745719248,-10092.7604378199,-0.0179887992784879,-0.0352056356162629,0.0599669814943413,0.00487837972788418,-0.0109166996810339,0.00606956363379909,0.00455742562624849,-0.0238621443541295,-0.00030873969607959,-0.000179997717171728,-0.000231097373332467,-0.000197955650860091,-0.000196202241583109,-0.000150597792421152,-0.000216652055681017,-0.00270352007111639,0.00213524293511657,8.20959382388223e-05,-1.66184774543982e-05,-9.63621997599281e-06,1.03878129733427e-05,2.91485728750469e-05,-1.0208018185721e-05,3.45978315178359e-05,0.00218168401928007,-0.00241267147063246
"b_CSECO",-0.0192026044180186,-0.0209701090049801,-0.0184651197867449,0.000727614055407158,-0.00337661179747345,-0.575013840769646,-0.57747139237876,-0.594247962513442,0.216914165089017,0.223367137676113,0.22238459317805,0.225862497417489,0.214821646804018,-1.1620320046724,-1.15521086971981,-1.16534536865601,0.00207369032876325,0.00127399234526405,0.0533015956276994,0.0514917502967378,-0.0602949979749547,-0.0604182021197855,0.138945754679966,-0.00348837247971508,-0.00750880990480699,0.0134522030306567,-0.00109662901088616,-0.0240196414176411,0.00506672427631749,-0.14177701953512,-0.130347110317071,-0.124552248054154,0.00781614748364283,-0.00575859228397072,-0.00260931825326365,-0.0125263805366454,0.000182568740641541,-0.00241259655745911,-0.00184911326238197,-0.0012189901747553,-6.5677811657986e-05,-7.30890747740792e-05,-7.99113861797188e-05,-5.33776941055063e-05,-8.97519030874588e-05,-5.42186308496476e-05,-5.54237005665668e-05,-0.000525444350575566,0.000452031719102313,-1.55385944298831e-05,1.17501786064752e-05,2.07083237993039e-05,-1.33489159428826e-05,1.21516110319085e-05,2.98567748848755e-06,8.62838067242738e-06,0.000445336499279111,-0.000469675518510013
"b_Hpico",-0.00630619013340207,-0.0100334768367091,-0.0110483815971463,0.00082336116026537,0.00241681320230457,-0.210285659259068,-0.204489002976899,-0.202019184325738,0.149984351340594,0.148764934191871,0.150890724143239,0.147976808840497,0.144881801606683,-0.144828957129993,-0.147465131135985,-0.128289735021502,0.715319012158938,0.716431477994073,0.0413057943995788,0.0409662575305438,-0.0150249726066157,-0.00982759185710323,-0.00348837247971508,0.081901850142666,0.00992072412213446,-0.00489662289117409,-0.00473046379150629,0.00184302354999753,0.000491039676764363,-0.0536730634317154,-0.0537997348174606,-0.0490616705271908,-0.00381053461042998,-0.00318148558750765,-0.00355729396165366,0.0168563423053724,0.00295512510678369,0.00118293784977224,-0.00375595371283334,0.00189655266006295,6.96293355676475e-05,6.13856594792613e-05,6.11435145849919e-05,6.0965576921851e-05,8.86093861500628e-05,5.57005072035652e-05,5.17230470426779e-05,0.000307406760203401,-0.000243816911932831,-2.0283734800351e-06,-3.83730829289704e-06,4.25111911277894e-06,9.42782274114467e-07,-1.30168543674286e-05,-9.13093865321429e-06,-8.21572206961507e-06,-0.000253376155939258,0.000261861702701713
"b_Joven30",-0.0118217282835297,-0.0180664296601563,-0.0243953008032792,0.00090409683974885,0.00381538135818487,-2.24280705589546,-2.21196237139254,-2.20682042848024,1.56143016273227,1.56833863046686,1.57331061850066,1.57477017405631,1.54437008697535,1.51229817275216,1.52912726803972,1.5146416153108,4.16347239159676,4.18027527034636,0.230809163840707,0.231602884792782,-0.167617245340862,-0.162985242955702,-0.00750880990480699,0.00992072412213446,0.589243801815659,0.193965625197801,0.144642181531185,-0.0066647416328261,-0.0273651797931391,-0.100619586230095,-0.0958862855571591,-0.0906718250647752,0.00243150887695004,-0.0573101581434721,-0.20201898632356,-0.0103072808258816,-0.0165796264163946,-0.0228596944368654,0.00648869407111004,0.0214849027803193,0.000122517205220335,0.000100908497397938,7.52974884449476e-05,3.52709589196127e-05,0.000132242891426321,6.13800985069226e-05,0.000145032138498495,0.0033744008153889,-0.00282003029831091,-5.88099286650671e-05,-3.08098650799502e-05,1.32133039005639e-05,4.26967303349202e-05,-2.2064621477669e-05,-8.77613117620166e-08,-3.80008649537672e-05,-0.00279523010448292,0.00301215492965465
"b_Adulto40",-0.0125894061922448,-0.0159958337434699,-0.0197462781613548,0.0012202898327422,0.00379935144529992,-0.58640925907008,-0.569268262683123,-0.568894529311098,0.400934654908603,0.383911756933723,0.384299176730863,0.381838865221825,0.367685269511242,0.230938369924091,0.245817524517905,0.243736898369808,0.976886025811357,0.974380164704153,0.0616729047466697,0.057450655912428,-0.0389094982438084,-0.045020946739994,0.0134522030306567,-0.00489662289117409,0.193965625197801,0.24279881531168,0.146101425941614,-0.015337361436653,-0.0324637189480852,-0.118316358480368,-0.111762484197915,-0.112218243545404,0.000751735384111678,-0.0364235271159181,-0.0523216571030428,-0.0196163985419735,-0.0218295181363383,-0.0207241839822528,0.00386709930177994,0.00836847902672593,-0.000112960738203179,-9.39064971741856e-05,-0.000122883303171108,-0.000136229057659785,-7.59928803592527e-05,-7.28103702068534e-05,-1.96381232597771e-05,0.0014232023033963,-0.00101602304067932,-1.65883882999824e-05,-1.24430649809509e-05,1.81358425456122e-05,2.40353923351938e-05,-1.44405120509328e-06,-1.2602422747702e-05,-1.0876002951994e-05,-0.00113317955306473,0.00114273166869549
"b_Adulto60",-0.00992572966097502,-0.0104254507638913,-0.0118753481168488,0.000299331519616743,0.00169187158171275,-0.428209438634539,-0.416884873099419,-0.416488225197806,0.303893069893791,0.29723325499276,0.295987904125234,0.294043574350406,0.278027621432268,0.298665774496862,0.307817966944957,0.294561219257826,0.773570678803288,0.776735407063236,0.045978569415205,0.0414441548576805,-0.0297893941418228,-0.0309876742083008,-0.00109662901088616,-0.00473046379150629,0.144642181531185,0.146101425941614,0.171753143620808,-0.0129341560476117,-0.0121784687878394,-0.111949284907668,-0.110198022606348,-0.116190160206548,-0.000628366433917964,-0.0209694195562045,-0.00579275998034326,-0.0112859774809883,-0.00630525768070082,-0.00878051218722932,0.00220185311171985,-0.000656281462688672,-3.20391564002364e-05,-5.66330514086033e-05,-4.47636884243848e-05,-3.64077421660626e-05,-4.8037535740095e-05,-3.33592083728995e-05,-3.82865860390459e-05,-0.000365628644851237,0.000266046962092598,-2.52236076826873e-05,2.07882297111885e-05,3.30939382321914e-06,-5.35094426679553e-06,5.20498040673808e-06,1.39239698412136e-06,6.69105395919158e-06,0.000274640423080752,-0.000320953569892882
"b_USOCINTURON",-0.00527313147210135,0.000480097072742188,0.00163002832139575,-0.00127275517591908,0.00160480120805109,-0.358510578969813,-0.352238594189126,-0.348102859828838,0.25149754467827,0.245865326285194,0.237705162112483,0.232290993583678,0.229012292435695,0.475021562734377,0.485492195500633,0.482515714900687,0.74512032303514,0.743719875515782,0.0313546104424174,0.0315257130338899,-0.0251702116849802,-0.0181150599432005,-0.0240196414176411,0.00184302354999753,-0.0066647416328261,-0.015337361436653,-0.0129341560476117,0.135631428755176,-0.0035458760517466,-0.0718071810422951,-0.0656169492518211,-0.0753899783652586,0.00722099073445854,-0.0013410099056373,0.00351754749883773,-0.00568264257326127,-0.00397039725624687,-0.00301104643533844,0.0133184143861123,-0.0244267636694296,-0.000390092371699468,-0.000227525242490768,-0.000316462979553986,-0.000355089611097067,-0.000325767243161007,-0.000232214749662775,-0.000175634508364451,-0.00115748581793302,0.00149724752514051,9.63458823657423e-05,-6.96624949628615e-05,1.22450401968175e-05,4.91779364491671e-05,3.13964492625898e-05,1.22162914409015e-06,1.30359338634256e-05,0.000973157783491317,-0.00159042377884746
"b_USODISPMOB",0.000281580980448792,-0.00275203086343959,-0.00219197215365468,0.000537610763466126,0.00260168783941549,-0.404056147797007,-0.407915558985567,-0.413110011960166,0.272080315987774,0.28375044002104,0.28747424567891,0.286404624834898,0.291728156169178,0.460231706422443,0.463280113531143,0.455028252206431,0.687392812097887,0.686504923445591,0.0400878971358847,0.0361506514207067,-0.0428549844364476,-0.0390235951821364,0.00506672427631749,0.000491039676764363,-0.0273651797931391,-0.0324637189480852,-0.0121784687878394,-0.0035458760517466,0.0992130072837153,-0.0388988845125479,-0.0319593861714772,-0.0359336767635934,0.00110190782746445,-0.00135740142811048,-0.00832223726531873,-0.0130496207294684,0.00650826620773264,0.0122463148188043,-0.00818546528952618,0.0163803581230865,0.000304692787468697,0.000202368650711948,0.000269234854761873,0.000270552223378556,0.000273496142633026,0.000187038904664622,0.000133196708547262,0.00113933888749198,-0.00128275055222542,-4.84508939576227e-05,4.0309488822305e-05,-2.44986834017999e-05,-1.88405396116329e-05,-2.71966275635373e-05,4.36211318268595e-06,-6.55630877522955e-06,-0.000963397096822724,0.00135045177715908
"b_HTRB_2",474.808376406521,474.820152029827,474.839616141477,-0.00433965940112199,0.00186812108096636,-133084.207121815,-133084.191875282,-133084.165032479,92582.7348808902,92582.7435548052,92582.7357765235,92582.7470497938,92582.7682667949,94797.577892382,94797.5752892217,94797.5912226734,241840.667089913,241840.685851517,13380.4851570262,13380.481599859,-10092.7527030921,-10092.7540806,-0.14177701953512,-0.0536730634317154,-0.100619586230095,-0.118316358480368,-0.111949284907668,-0.0718071810422951,-0.0388988845125479,475.561215961901,475.253711967577,475.29308835966,-0.042426528391253,-0.0263579231018692,-0.0337063575305805,-0.0147286902740881,-0.0400298067778904,-0.0858695890894836,-0.0127168709134995,0.00617571859342243,0.000276896509791812,0.000252932183697933,0.00021667892577603,0.00026651352981578,0.000399917651801418,0.000186088419151588,0.000239581975125469,0.000819137850338922,-0.000625840525413118,-2.93694942945705e-05,-3.1674155580216e-05,7.19961369161336e-05,-4.19138115215679e-05,-5.69578434767527e-05,-9.56047771667531e-06,-2.94223543041206e-05,-0.000624392202001724,0.000797700329739615
"b_HTRB_3",474.774774369777,474.787400548793,474.804735419051,-0.00493832708031333,0.00575715969366902,-133084.446788985,-133084.419786778,-133084.397533689,92582.8826321875,92582.881643968,92582.8924084359,92582.9013811543,92582.911083207,94797.6372737144,94797.6287504686,94797.6357728731,241841.012069703,241841.024523417,13380.5057866914,13380.5087054379,-10092.7730836609,-10092.7745719248,-0.130347110317071,-0.0537997348174606,-0.0958862855571591,-0.111762484197915,-0.110198022606348,-0.0656169492518211,-0.0319593861714772,475.253711967577,475.257255446508,475.267450790359,-0.0579541994194948,-0.0200646100626964,-0.0347423320626069,-0.00604935647948394,-0.0398336277189347,-0.0961300960334119,-0.0072549883902214,0.000152738639397054,3.39124210309796e-05,7.16571837147026e-05,2.77721889569061e-05,4.71704730513873e-05,0.00024577861064687,6.0322275522503e-05,0.000124486248528414,0.000971767881715687,-0.000620357459327587,1.78359223740519e-05,-3.45732234436501e-05,5.10745219253672e-05,-1.92981425542926e-05,-5.34724364051332e-05,-3.46299104665166e-05,-2.0367932508258e-05,-0.000727191871063676,0.000820701548383709
"b_HTRB_4",474.805285507587,474.817695845807,474.838465036325,-0.00559181123146792,0.00854883210112173,-133084.26513886,-133084.244393944,-133084.224069553,92582.7518864599,92582.7563965321,92582.765927479,92582.7695004528,92582.7787351032,94797.415043321,94797.4073966395,94797.440123272,241840.659758876,241840.670480528,13380.487629945,13380.4930270117,-10092.7598793511,-10092.7604378199,-0.124552248054154,-0.0490616705271908,-0.0906718250647752,-0.112218243545404,-0.116190160206548,-0.0753899783652586,-0.0359336767635934,475.29308835966,475.267450790359,475.363297270859,-0.0659063117870253,-0.0202212446280147,-0.0336652251365273,-0.0032486304328798,-0.0498468266613608,-0.104188196589387,-0.00334969345707578,-0.00656082173221355,-0.000123373014149276,-2.64586967071616e-05,-0.000114359899587191,-8.92206787368139e-05,9.35124820711023e-05,-4.20802953122901e-05,5.47056876333768e-05,0.000174141294207568,5.17425477511247e-05,4.47754057219297e-05,-6.19564683392559e-05,7.16613568837643e-05,-1.17211626440506e-05,-3.58922883704705e-05,-2.97454742796305e-05,-1.6464291769182e-05,-9.44157889785687e-05,6.55391110800812e-05
"b_EduBasica",-0.00534947495046305,-0.00629186279997534,-0.00400761800437677,-0.000229472180804887,0.00234620393757853,-0.263182610087071,-0.256225151146453,-0.25289808564209,0.170822668756881,0.171291116914179,0.164884898364246,0.164600360786977,0.161275527750063,0.0594858877836585,0.052305444313698,0.0640997439952004,0.384335266283066,0.382512095481709,0.0267402320190207,0.0247456271437698,-0.0221444346346208,-0.0179887992784879,0.00781614748364283,-0.00381053461042998,0.00243150887695004,0.000751735384111678,-0.000628366433917964,0.00722099073445854,0.00110190782746445,-0.042426528391253,-0.0579541994194948,-0.0659063117870253,0.0904617589799884,0.0228805960250583,0.0034648012809212,-0.00428601138234749,-0.00407420306610345,-0.00621552021039786,-0.00599137734453715,0.0180609660664611,0.000190640191535031,0.000119437498704715,0.000123410364427527,0.000138236694461321,0.000166370417250813,8.84816571470229e-05,0.000127115172504078,0.00139343888875014,-0.00144449814178753,-7.12760733388204e-05,9.70724577682398e-06,2.90811201376176e-05,-2.49917638136135e-06,-2.02312154676637e-05,1.60718284331208e-05,-2.28658719601123e-05,-0.00115144224418997,0.00155208501220293
"b_Exp_1",0.000138872398065876,0.000404335762845092,0.00345818054441111,5.53448330044323e-05,0.00145924945701861,-0.446245877104017,-0.455714100037956,-0.449276718203146,0.31788675903848,0.304705097710649,0.301007827810447,0.297294813969198,0.28561166313791,0.352901617800771,0.345493580577577,0.334155564330188,0.832976291369652,0.823567938848049,0.0490313773740052,0.0459199638438881,-0.0285193226188714,-0.0352056356162629,-0.00575859228397072,-0.00318148558750765,-0.0573101581434721,-0.0364235271159181,-0.0209694195562045,-0.0013410099056373,-0.00135740142811048,-0.0263579231018692,-0.0200646100626964,-0.0202212446280147,0.0228805960250583,0.180568402630655,0.0593457317050687,0.044067226790825,0.0387860754608973,-0.00743241916466806,-0.0035145169408354,0.00599920864714105,0.000164191536371998,0.000122134356863293,0.000148225987296828,0.000160526994894381,0.000132302556915273,9.99773129009562e-05,8.11416969041166e-05,0.000334146067920547,-0.000332130505772311,-1.00756169598536e-05,1.53093263182866e-05,-3.01045877175997e-06,-1.62314188671572e-05,-8.32039639169201e-06,1.00628344250709e-05,-5.48739752783737e-06,-0.000270498671510885,0.000364152198816377
