Model run using Apollo for R, version 0.0.8 
www.ApolloChoiceModelling.com

Model name                       : MNL_Modelo_2
Model description                : MNL modelo 2
Model run at                     : 2020-02-29 19:49:20
Estimation method                : bfgs
Model diagnosis                  : successful convergence 
Number of individuals            : 282
Number of observations           : 282

Number of cores used             :  1 
Model without mixing

LL(start)                        : -390.935
LL(0)                            : -390.935
LL(final)                        : -306.6554
Rho-square (0)                   :  0.2156 
Adj.Rho-square (0)               :  0.1823 
AIC                              :  639.31 
BIC                              :  686.66 
Estimated parameters             :  13
Time taken (hh:mm:ss)            :  00:00:13.05 
Iterations                       :  22 

Estimates:
                Estimate Std.err. t.ratio(0) Rob.std.err. Rob.t.ratio(0)
asc_ruta1        -0.6273   0.4971      -1.26       0.5374          -1.17
asc_ruta2        -1.6168   0.5116      -3.16       0.5502          -2.94
asc_ruta3        -2.3134   0.5319      -4.35       0.5503          -4.20
asc_rutaEC        0.0000       NA         NA           NA             NA
b_time            0.0793   0.0261       3.04       0.0350           2.26
b_dist           -0.1774   0.0963      -1.84       0.0900          -1.97
b_cong            0.0380   0.0811       0.47       0.0853           0.45
b_CSECO           0.1261   0.3439       0.37       0.3586           0.35
b_CLLUVIA         0.0000       NA         NA           NA             NA
b_Hpico           0.0000       NA         NA           NA             NA
b_Hvalle         -0.0822   0.2613      -0.31       0.2568          -0.32
b_Joven30        -0.9257   0.6032      -1.53       0.5901          -1.57
b_Adulto40       -0.2900   0.4323      -0.67       0.4354          -0.67
b_Adulto60       -0.4893   0.3862      -1.27       0.3939          -1.24
b_AdultoMayor     0.0000       NA         NA           NA             NA
b_USOCINTURON     0.0295   0.3106       0.10       0.3203           0.09
b_NOUSOCINTURON   0.0000       NA         NA           NA             NA
b_USODISPMOB     -0.1738   0.2753      -0.63       0.2827          -0.61
b_NOUSODISPMOB    0.0000       NA         NA           NA             NA

Overview of choices for MNL model component:
                                  ruta1 ruta2  ruta3 rutaEC
Times available                  282.00 282.0 282.00 282.00
Times chosen                      83.00  33.0  18.00 148.00
Percentage chosen overall         29.43  11.7   6.38  52.48
Percentage chosen when available  29.43  11.7   6.38  52.48


Classical covariance matrix:
              asc_ruta1 asc_ruta2 asc_ruta3    b_time    b_dist    b_cong   b_CSECO  b_Hvalle b_Joven30
asc_ruta1      0.247151  0.232754  0.229375  0.002241 -0.007463  0.000180  0.086825  0.022682  0.108893
asc_ruta2      0.232754  0.261771  0.228793  0.001532 -0.007035  0.001520  0.085117  0.023343  0.108291
asc_ruta3      0.229375  0.228793  0.282889  0.000748 -0.005405  0.002021  0.083929  0.023474  0.107685
b_time         0.002241  0.001532  0.000748  0.000681 -0.001257 -0.000867  0.001074 -0.000442 -0.000016
b_dist        -0.007463 -0.007035 -0.005405 -0.001257  0.009282  0.000434 -0.003672  0.000525 -0.001136
b_cong         0.000180  0.001520  0.002021 -0.000867  0.000434  0.006574 -0.003759 -0.001426  0.007347
b_CSECO        0.086825  0.085117  0.083929  0.001074 -0.003672 -0.003759  0.118284  0.001663 -0.013254
b_Hvalle       0.022682  0.023343  0.023474 -0.000442  0.000525 -0.001426  0.001663  0.068267  0.000589
b_Joven30      0.108893  0.108291  0.107685 -0.000016 -0.001136  0.007347 -0.013254  0.000589  0.363860
b_Adulto40     0.118037  0.117392  0.116379  0.000408 -0.000236  0.002861  0.009736  0.005100  0.130191
b_Adulto60     0.106464  0.106444  0.106064 -0.000201  0.000685  0.002926 -0.003187  0.003118  0.122844
b_USOCINTURON  0.045523  0.047071  0.048053 -0.000968  0.001424  0.003641 -0.021376 -0.006412  0.003449
b_USODISPMOB   0.020404  0.019523  0.018991  0.000670  0.001017 -0.002636  0.002708  0.002198 -0.029688
              b_Adulto40 b_Adulto60 b_USOCINTURON b_USODISPMOB
asc_ruta1       0.118037   0.106464      0.045523     0.020404
asc_ruta2       0.117392   0.106444      0.047071     0.019523
asc_ruta3       0.116379   0.106064      0.048053     0.018991
b_time          0.000408  -0.000201     -0.000968     0.000670
b_dist         -0.000236   0.000685      0.001424     0.001017
b_cong          0.002861   0.002926      0.003641    -0.002636
b_CSECO         0.009736  -0.003187     -0.021376     0.002708
b_Hvalle        0.005100   0.003118     -0.006412     0.002198
b_Joven30       0.130191   0.122844      0.003449    -0.029688
b_Adulto40      0.186865   0.122038     -0.010894    -0.027727
b_Adulto60      0.122038   0.149159     -0.012162    -0.008963
b_USOCINTURON  -0.010894  -0.012162      0.096497     0.005750
b_USODISPMOB   -0.027727  -0.008963      0.005750     0.075768

Robust covariance matrix:
              asc_ruta1 asc_ruta2 asc_ruta3    b_time    b_dist    b_cong   b_CSECO  b_Hvalle b_Joven30
asc_ruta1      0.288850  0.274350  0.254657  0.004185 -0.013079 -0.000234  0.094519  0.026031  0.124020
asc_ruta2      0.274350  0.302724  0.256182  0.002999 -0.011120  0.001521  0.098853  0.023885  0.120453
asc_ruta3      0.254657  0.256182  0.302849 -0.000558 -0.002254  0.002529  0.094358  0.022478  0.117168
b_time         0.004185  0.002999 -0.000558  0.001226 -0.002367 -0.001444  0.000907  0.000616 -0.000139
b_dist        -0.013079 -0.011120 -0.002254 -0.002367  0.008108  0.001062 -0.003483 -0.000508 -0.004903
b_cong        -0.000234  0.001521  0.002529 -0.001444  0.001062  0.007272 -0.004842 -0.002604  0.008046
b_CSECO        0.094519  0.098853  0.094358  0.000907 -0.003483 -0.004842  0.128599  0.004470 -0.004179
b_Hvalle       0.026031  0.023885  0.022478  0.000616 -0.000508 -0.002604  0.004470  0.065929 -0.008318
b_Joven30      0.124020  0.120453  0.117168 -0.000139 -0.004903  0.008046 -0.004179 -0.008318  0.348161
b_Adulto40     0.134324  0.127293  0.127136  0.000069 -0.001094  0.003982  0.011827  0.003789  0.134367
b_Adulto60     0.123513  0.116624  0.115092 -0.000032 -0.000658  0.003754 -0.002656  0.001211  0.128484
b_USOCINTURON  0.054575  0.058295  0.053785 -0.001432  0.001514  0.005368 -0.023476 -0.008212  0.003956
b_USODISPMOB   0.025364  0.026239  0.026669  0.001958 -0.000322 -0.004236  0.001738  0.003786 -0.025130
              b_Adulto40 b_Adulto60 b_USOCINTURON b_USODISPMOB
asc_ruta1       0.134324   0.123513      0.054575     0.025364
asc_ruta2       0.127293   0.116624      0.058295     0.026239
asc_ruta3       0.127136   0.115092      0.053785     0.026669
b_time          0.000069  -0.000032     -0.001432     0.001958
b_dist         -0.001094  -0.000658      0.001514    -0.000322
b_cong          0.003982   0.003754      0.005368    -0.004236
b_CSECO         0.011827  -0.002656     -0.023476     0.001738
b_Hvalle        0.003789   0.001211     -0.008212     0.003786
b_Joven30       0.134367   0.128484      0.003956    -0.025130
b_Adulto40      0.189586   0.126409     -0.002686    -0.023064
b_Adulto60      0.126409   0.155186     -0.004580    -0.002810
b_USOCINTURON  -0.002686  -0.004580      0.102608     0.003711
b_USODISPMOB   -0.023064  -0.002810      0.003711     0.079945

Classical correlation matrix:
              asc_ruta1 asc_ruta2 asc_ruta3    b_time    b_dist    b_cong   b_CSECO  b_Hvalle b_Joven30
asc_ruta1      1.000000  0.915071  0.867475  0.172677 -0.155810  0.004460  0.507809  0.174621  0.363121
asc_ruta2      0.915071  1.000000  0.840764  0.114711 -0.142729  0.036636  0.483717  0.174616  0.350886
asc_ruta3      0.867475  0.840764  1.000000  0.053897 -0.105484  0.046866  0.458819  0.168917  0.335645
b_time         0.172677  0.114711  0.053897  1.000000 -0.499715 -0.409610  0.119632 -0.064790 -0.000994
b_dist        -0.155810 -0.142729 -0.105484 -0.499715  1.000000  0.055594 -0.110816  0.020854 -0.019554
b_cong         0.004460  0.036636  0.046866 -0.409610  0.055594  1.000000 -0.134804 -0.067332  0.150235
b_CSECO        0.507809  0.483717  0.458819  0.119632 -0.110816 -0.134804  1.000000  0.018502 -0.063889
b_Hvalle       0.174621  0.174616  0.168917 -0.064790  0.020854 -0.067332  0.018502  1.000000  0.003736
b_Joven30      0.363121  0.350886  0.335645 -0.000994 -0.019554  0.150235 -0.063889  0.003736  1.000000
b_Adulto40     0.549253  0.530780  0.506177  0.036118 -0.005666  0.081641  0.065487  0.045150  0.499287
b_Adulto60     0.554491  0.538684  0.516341 -0.019970  0.018403  0.093445 -0.023997  0.030898  0.527305
b_USOCINTURON  0.294774  0.296164  0.290842 -0.119364  0.047573  0.144570 -0.200080 -0.078998  0.018408
b_USODISPMOB   0.149105  0.138622  0.129718  0.093232  0.038365 -0.118110  0.028601  0.030568 -0.178803
              b_Adulto40 b_Adulto60 b_USOCINTURON b_USODISPMOB
asc_ruta1       0.549253   0.554491      0.294774     0.149105
asc_ruta2       0.530780   0.538684      0.296164     0.138622
asc_ruta3       0.506177   0.516341      0.290842     0.129718
b_time          0.036118  -0.019970     -0.119364     0.093232
b_dist         -0.005666   0.018403      0.047573     0.038365
b_cong          0.081641   0.093445      0.144570    -0.118110
b_CSECO         0.065487  -0.023997     -0.200080     0.028601
b_Hvalle        0.045150   0.030898     -0.078998     0.030568
b_Joven30       0.499287   0.527305      0.018408    -0.178803
b_Adulto40      1.000000   0.730979     -0.081127    -0.233018
b_Adulto60      0.730979   1.000000     -0.101371    -0.084308
b_USOCINTURON  -0.081127  -0.101371      1.000000     0.067246
b_USODISPMOB   -0.233018  -0.084308      0.067246     1.000000

Robust correlation matrix:
              asc_ruta1 asc_ruta2 asc_ruta3    b_time    b_dist    b_cong   b_CSECO  b_Hvalle b_Joven30
asc_ruta1      1.000000  0.927782  0.861008  0.222411 -0.270252 -0.005109  0.490417  0.188635  0.391080
asc_ruta2      0.927782  1.000000  0.846080  0.155680 -0.224454  0.032427  0.501009  0.169066  0.371025
asc_ruta3      0.861008  0.846080  1.000000 -0.028979 -0.045495  0.053894  0.478130  0.159078  0.360833
b_time         0.222411  0.155680 -0.028979  1.000000 -0.750774 -0.483579  0.072272  0.068471 -0.006727
b_dist        -0.270252 -0.224454 -0.045495 -0.750774  1.000000  0.138241 -0.107876 -0.021961 -0.092278
b_cong        -0.005109  0.032427  0.053894 -0.483579  0.138241  1.000000 -0.158334 -0.118941  0.159907
b_CSECO        0.490417  0.501009  0.478130  0.072272 -0.107876 -0.158334  1.000000  0.048541 -0.019751
b_Hvalle       0.188635  0.169066  0.159078  0.068471 -0.021961 -0.118941  0.048541  1.000000 -0.054899
b_Joven30      0.391080  0.371025  0.360833 -0.006727 -0.092278  0.159907 -0.019751 -0.054899  1.000000
b_Adulto40     0.574003  0.531345  0.530580  0.004516 -0.027899  0.107247  0.075746  0.033888  0.522999
b_Adulto60     0.583378  0.538067  0.530890 -0.002324 -0.018553  0.111738 -0.018800  0.011969  0.552754
b_USOCINTURON  0.317005  0.330760  0.305109 -0.127659  0.052500  0.196504 -0.204367 -0.099838  0.020930
b_USODISPMOB   0.166911  0.168663  0.171398  0.197800 -0.012657 -0.175670  0.017143  0.052145 -0.150629
              b_Adulto40 b_Adulto60 b_USOCINTURON b_USODISPMOB
asc_ruta1       0.574003   0.583378      0.317005     0.166911
asc_ruta2       0.531345   0.538067      0.330760     0.168663
asc_ruta3       0.530580   0.530890      0.305109     0.171398
b_time          0.004516  -0.002324     -0.127659     0.197800
b_dist         -0.027899  -0.018553      0.052500    -0.012657
b_cong          0.107247   0.111738      0.196504    -0.175670
b_CSECO         0.075746  -0.018800     -0.204367     0.017143
b_Hvalle        0.033888   0.011969     -0.099838     0.052145
b_Joven30       0.522999   0.552754      0.020930    -0.150629
b_Adulto40      1.000000   0.736970     -0.019256    -0.187345
b_Adulto60      0.736970   1.000000     -0.036292    -0.025228
b_USOCINTURON  -0.019256  -0.036292      1.000000     0.040969
b_USODISPMOB   -0.187345  -0.025228      0.040969     1.000000

 20 worst outliers in terms of lowest average per choice prediction:
                                     ID Avg prob per choice
 {0C1D8C2A-12E2-E811-8FB7-74867AD5B714}         0.008534147
 {01023F7A-67C3-E811-914C-74867AD5B714}         0.016316986
 {16644C52-46C0-E811-914C-74867AD5B714}         0.032788212
 {04B1F452-BDC5-E811-914C-74867AD5B714}         0.041685021
 {5EC39CAF-B5CC-E811-914C-74867AD5B714}         0.048938572
 {116C5EFA-C6C5-E811-914C-74867AD5B714}         0.054476619
 {18C72602-3CDC-E811-8FB7-74867AD5B714}         0.057620929
 {8048E4FB-D9C8-E811-914C-74867AD5B714}         0.062788718
 {D9161238-0FDD-E811-8FB7-74867AD5B714}         0.063034497
 {80300F0C-90E2-E811-8FB7-74867AD5B714}         0.064147191
 {E0281A50-3DC0-E811-914C-74867AD5B714}         0.064590693
 {9CE74908-B4CC-E811-914C-74867AD5B714}         0.064658601
 {42F5F39B-A9CC-E811-914C-74867AD5B714}         0.069052848
 {348884D4-02E9-E811-8FB7-74867AD5B714}         0.073494012
 {93122F95-D9DE-E811-8FB7-74867AD5B714}         0.074468336
 {FF2FE1DC-5CD1-E811-8FB7-74867AD5B714}         0.075805313
 {375E5517-97C6-E811-914C-74867AD5B714}         0.076975515
 {34B59188-DEC5-E811-914C-74867AD5B714}         0.077359522
 {ED554B03-43CB-E811-914C-74867AD5B714}         0.087104667
 {38A2EF84-09CC-E811-914C-74867AD5B714}         0.090837478

Changes in parameter estimates from starting values:
                Initial Estimate Difference
asc_ruta1             0  -0.6273    -0.6273
asc_ruta2             0  -1.6168    -1.6168
asc_ruta3             0  -2.3134    -2.3134
asc_rutaEC            0   0.0000     0.0000
b_time                0   0.0793     0.0793
b_dist                0  -0.1774    -0.1774
b_cong                0   0.0380     0.0380
b_CSECO               0   0.1261     0.1261
b_CLLUVIA             0   0.0000     0.0000
b_Hpico               0   0.0000     0.0000
b_Hvalle              0  -0.0822    -0.0822
b_Joven30             0  -0.9257    -0.9257
b_Adulto40            0  -0.2900    -0.2900
b_Adulto60            0  -0.4893    -0.4893
b_AdultoMayor         0   0.0000     0.0000
b_USOCINTURON         0   0.0295     0.0295
b_NOUSOCINTURON       0   0.0000     0.0000
b_USODISPMOB          0  -0.1738    -0.1738
b_NOUSODISPMOB        0   0.0000     0.0000
