"","asc_ruta2","asc_ruta3","asc_rutaEC","b_time","b_dist","b_clima","b_cong","b_Hvalle","b_T_prof","b_Hor_trab","b_EduBasica","b_Info_traf","b_Joven30","b_Adulto40","b_Adulto60","b_USOCINTURON","b_USODISPMOB","lambda","gamma_EDUBASICA","gamma_CSECO","gamma_CONG_EF","gamma_SININFO","zeta_FRbr","zeta_EnfCond","zeta_AFrSem","zeta_CulFr","tau_FRbr_1","tau_FRbr_2","tau_FRbr_3","tau_FRbr_4","tau_EnfCond_1","tau_EnfCond_2","tau_EnfCond_3","tau_EnfCond_4","tau_AFrSem_1","tau_AFrSem_2","tau_AFrSem_3","tau_AFrSem_4","tau_CulFr_1","tau_CulFr_2","tau_CulFr_3","tau_CulFr_4"
"asc_ruta2",-36.3616135034277,2.72941354824928,20.1978959058067,18.2090081671327,-9.63120748080074,15.5085505421556,4.56858902525382,4.63136161028866,175.384913833388,166.027349838603,8.04185673473573,2.30537966545687,1.22537665274822,3.81660510804934,6.71573129177159,10.6227498297507,5.12045764062953,3.24144982792037e-15,-3.58513529724751e-09,-3.59517848083034e-12,-2.04988890933694e-10,-2.76354742156103e-09,-1.31558319051988e-10,-2.31446550275043e-10,-1.02488698064894e-10,-3.14646167607494e-15,2.24071814166071e-15,-1.26227831773142e-10,-1.00799455932132e-10,-5.312611972916e-11,-1.26918119472334e-09,-1.92900038336812e-10,-1.48930217306343e-10,-1.19780277897252e-13,8.63613511429617e-15,1.78566376852533e-16,-9.83161964539038e-14,-5.29153468607113e-14,-3.87724838911988e-10,-8.89910994126005e-11,-4.4670946377503e-10,-6.42862246713927e-16
"asc_ruta3",2.72941354824928,-19.5618940766771,10.0724583266839,-14.9231737340306,-4.09312680370189,7.82099257693318,0.806161746297494,2.19195847971942,87.573888516031,83.6276166516746,4.03866944648666,1.17229497606826,0.647904704012046,1.94591309489999,3.32538435894498,5.32908834108354,2.60235158246959,4.94689043197229e-15,1.95659909692894e-10,1.91411848158568e-14,2.15276645226339e-12,-1.83605730217861e-09,-8.07788768736545e-11,-1.41335488719556e-10,-6.25866183612661e-11,1.96267090028524e-11,6.09931853215908e-13,-7.69746601442239e-11,-7.89598972074919e-15,-3.24423363588835e-11,1.08685286910854e-12,-1.27994986519314e-10,1.54729245564733e-15,5.07081840738345e-12,8.95458997192882e-15,2.50571168752205e-16,4.0744727917875e-12,3.69340784119462e-17,-1.92457798669026e-11,1.26700776011273e-14,-3.46844912341138e-13,7.74911540966865e-12
"asc_rutaEC",20.1978959058067,10.0724583266839,-80.3094661701875,-162.755111876556,29.8964418470711,57.7219008278544,-15.6038179382824,17.7610920594421,672.130443775982,623.469298812654,29.5418281048852,8.15257064441645,4.49565064175983,13.2686431711485,25.7609955869874,39.4938697144931,18.7311192263192,4.56269829261858e-15,2.24459880249548e-09,1.05512958386317e-14,7.82324278258491e-10,-1.05458179966953e-08,-4.25916786693802e-10,-8.1076073444505e-10,6.41173570882117e-11,1.10835835913791e-10,-2.81912053714427e-15,-4.42175117949211e-10,3.14606319941721e-11,1.66258852263768e-11,4.03514071746222e-10,-6.74861305286683e-10,3.60399816251489e-15,2.90846980392126e-11,4.87534731161078e-10,2.7036184909012e-11,4.67504831143846e-11,1.2911569131841e-11,4.55402914014082e-15,3.3439193495317e-10,1.29095649789623e-10,4.44466096308474e-11
"b_time",18.2090081671327,-14.9231737340306,-162.755111876556,-3577.03556342917,-345.716343156641,188.362462027762,-394.898390211819,75.4543391162924,2324.74836870843,2058.76358901657,89.1248265708361,23.0148070113077,9.88003571653163,25.3507421951399,91.2102162461133,135.851344345109,40.9989611975724,-2.21813773513997e-14,6.27407054469746e-09,5.93556380890738e-08,6.71857211007722e-11,-5.80495649493695e-08,2.12571582676037e-10,-4.45661071894888e-09,1.79105267654004e-10,6.1007024901162e-10,-8.21743223120576e-15,2.21044058195128e-10,1.73167931713646e-10,9.29436545703722e-11,2.22105137174927e-09,-3.71478218309916e-09,-2.59074067313819e-15,2.11208419489899e-09,2.09376693280794e-11,1.48820823389496e-10,2.57332150297546e-10,8.66473937091342e-10,9.61883200989818e-12,1.869343597102e-09,8.56349094249043e-15,-3.24246233256448e-14
"b_dist",-9.63120748080074,-4.09312680370189,29.8964418470711,-345.716343156641,-198.322244994728,-20.073218253128,-40.0867380838859,-1.96991734349852,-220.96855631725,-207.779324228347,-12.4405491984955,-1.47626058740815,-0.471948079130865,-8.99525573966129,-6.27342127498248,-12.6512316326558,-9.09397998397688,3.28089780511053e-15,3.22940204144169e-11,1.98746794481621e-08,1.61561789558501e-08,9.90521851600932e-14,-6.17732129984769e-14,3.64394370455895e-14,-7.68041384459549e-14,-4.18955876412449e-14,4.59092183930233e-09,4.58939131186756e-14,-9.08667706774873e-14,-6.65577784702607e-15,-1.29860175919458e-15,-1.11210685897662e-10,-8.71571757666957e-11,1.30887412952374e-09,6.56049747889593e-15,-1.17630772847189e-15,-6.94497369666113e-13,2.9012909806199e-10,-3.94239808250778e-15,-9.654225165729e-12,2.04674240518917e-14,1.00006091873545e-09
"b_clima",15.5085505421556,7.82099257693318,57.7219008278544,188.362462027762,-20.073218253128,-102.68745546828,10.5281067762826,-28.8488548053117,-1082.50495852411,-1008.90724161894,-50.162899641328,-13.5773639275477,-7.30951160534847,-22.6576009695301,-40.9509452094318,-62.1518900521044,-30.8789149553899,-1.40418958613739e-15,3.11064144724099e-11,9.56226190442725e-09,1.08316932424626e-11,1.20577546899916e-11,3.4245886593924e-11,1.02039092471566e-12,2.88543667230577e-11,9.98200911747709e-11,3.08112571799812e-12,1.11656178337034e-12,-4.27943339935642e-14,1.49741714614212e-11,5.50156323287945e-12,8.79530664844445e-13,2.01632003642039e-15,2.619521750091e-11,3.37557423071467e-12,3.73621327879519e-13,-1.00274726793575e-14,1.39589953660946e-10,3.10959997213951e-12,-1.03424030140717e-14,8.01953301213266e-15,-4.77176581574577e-15
"b_cong",4.56858902525382,0.806161746297494,-15.6038179382824,-394.898390211819,-40.0867380838859,10.5281067762826,-233.752468503715,8.70149605286744,193.973106004719,130.93825138356,1.32108056014667,1.27259942088832,-2.17852777564118,-0.234974115428179,5.82495894585045,6.59241949265037,7.44769105907956,-1.34844335229816e-15,5.61319495039383e-08,4.07913150853388e-08,4.63729963795693e-11,-3.98423364206529e-08,4.37090252350469e-12,-3.05842611577304e-09,1.23094642063167e-10,4.25839103739897e-10,1.31093711060642e-11,1.5424669841655e-10,1.45473136749913e-09,6.38749588623868e-11,1.54987504760011e-09,3.75318323873423e-12,9.51432495398759e-15,1.45320833475935e-09,2.88207154264026e-11,1.59026583788538e-12,8.84072814955061e-11,5.95467301228885e-10,-4.11057301581106e-10,1.2847537330488e-09,-4.88265830045662e-10,2.05253571849766e-09
"b_Hvalle",4.63136161028866,2.19195847971942,17.7610920594421,75.4543391162924,-1.96991734349852,-28.8488548053117,8.70149605286744,-24.5844121488171,-334.357498124961,-313.314364711546,-13.6025553126967,-3.36216311184145,-2.64629885901626,-6.01517095187113,-12.2585639667234,-19.9815134472738,-8.66987319529899,3.6337864618581e-16,2.21812638394e-09,2.09843011777988e-08,1.8558831396864e-08,9.18117681741794e-14,-6.5694701266929e-14,1.41039114229803e-10,-6.97695784688803e-10,2.15695215666458e-10,-1.44170997983092e-14,7.8148219287675e-11,-9.62207331008036e-14,3.28594305594764e-11,7.73146954078867e-10,9.72158585995624e-14,-1.10314878007852e-09,7.46693162327682e-10,7.41544221502991e-12,6.41411935249218e-10,6.00135209605047e-10,3.06327778531475e-10,-2.14871387241901e-10,1.3000192750199e-14,1.97065927065317e-14,1.14104589746902e-09
"b_T_prof",175.384913833388,87.573888516031,672.130443775982,2324.74836870843,-220.96855631725,-1082.50495852411,193.973106004719,-334.357498124961,-19363.0009696176,-11796.8227964572,-588.891827090994,-157.347138546981,-23.6862879253011,-185.539237897774,-548.569206461676,-738.273506765851,-313.318252484868,1.71885286714179e-14,4.58338937223982e-08,2.16803238857949e-07,2.07718683170844e-07,2.72774033421488e-10,7.76458153446432e-10,1.47986971686709e-09,6.54216052528446e-10,2.26332798804972e-09,5.45551700306525e-08,8.19819066524268e-10,6.42428396635178e-10,3.39494370479388e-10,8.11274797654779e-09,1.23255929671767e-09,-1.13973825236497e-08,7.72373878035858e-09,6.47241669898212e-08,7.17897533659554e-09,6.67049293402744e-09,3.42450457144866e-09,7.05292110034087e-11,8.86825707836373e-08,2.5955190903064e-09,1.18028942105115e-08
"b_Hor_trab",166.027349838603,83.6276166516746,623.469298812654,2058.76358901657,-207.779324228347,-1008.90724161894,130.93825138356,-313.314364711546,-11796.8227964572,-11181.0987687573,-523.981861484766,-135.577666562057,-74.7996496185259,-235.401331556489,-453.297776851333,-693.365061606248,-324.098934425603,6.47597728430499e-15,1.37234610155225e-08,1.29833771016833e-07,1.14826462838564e-07,1.04161845932244e-08,6.75414509993704e-12,8.86226650295586e-10,3.91780226371544e-10,1.33448633871674e-09,3.26288315803155e-08,7.7310305974481e-12,3.78775648853079e-10,3.06539853730491e-12,7.47465306073109e-11,6.02524492490344e-13,-6.82541071192786e-09,4.61992936129432e-09,2.98089821960862e-09,3.25520473891813e-10,2.81378007313846e-10,1.89287758130902e-09,2.10691752510073e-11,-1.00128488686889e-13,5.22079292516656e-14,-8.42926807954542e-14
"b_EduBasica",8.04185673473573,4.03866944648666,29.5418281048852,89.1248265708361,-12.4405491984955,-50.162899641328,1.32108056014667,-13.6025553126967,-588.891827090994,-523.981861484766,-41.6223542980917,-6.76501664216132,-3.5125231834624,-11.9872413347999,-21.0084988851664,-30.3136063599292,-15.5957906324021,2.15608594035166e-16,3.24357824030433e-09,3.11250356184316e-08,2.75626272389427e-08,-3.04790737883135e-08,-9.76254357612108e-14,5.53800396467108e-14,-1.13034879748366e-09,3.9006793263761e-09,-6.52541893358877e-10,7.09412549647855e-14,8.95013063331597e-11,-1.08130619103978e-14,-1.12602132074174e-14,-2.57927013080916e-12,-1.77484900216996e-09,1.02357140248934e-09,4.61317972093974e-15,7.69196679455021e-11,8.9023748954597e-10,4.53777832140011e-10,-3.95201382532443e-09,-1.51269180406351e-11,-5.80014373538522e-12,1.5641527684295e-09
"b_Info_traf",2.30537966545687,1.17229497606826,8.15257064441645,23.0148070113077,-1.47626058740815,-13.5773639275477,1.27259942088832,-3.36216311184145,-157.347138546981,-135.577666562057,-6.76501664216132,-11.6302452877462,-1.46596460547857,-2.4666329511714,-5.84377361078935,-8.46999596485869,-5.71064196297338,-1.6839409377099e-16,1.28860828472094e-11,7.91170262572065e-09,-5.74696660621945e-10,6.29672714495503e-14,-2.48555987558305e-14,1.40008129738498e-14,-3.07972566237738e-14,-1.36613432217287e-14,1.83141553223331e-15,4.71575744998979e-13,2.31130697693857e-11,1.88128779880626e-13,-3.28059229004041e-15,3.65920263941736e-14,-4.16985178893983e-10,-3.14567040949129e-15,2.79906308481668e-12,1.98625365493712e-11,1.68999305290759e-11,1.15494447710025e-10,1.28907085376465e-12,-3.83403956976361e-12,7.25549379166185e-15,-3.74382054649923e-15
"b_Joven30",1.22537665274822,0.647904704012046,4.49565064175983,9.88003571653163,-0.471948079130865,-7.30951160534847,-2.17852777564118,-2.64629885901626,-23.6862879253011,-74.7996496185259,-3.5125231834624,-1.46596460547857,-6.36893200183081,-2.83284829297238e-08,2.19294458584215e-11,-4.2793391863398,-3.31308755007283,3.48591688164733e-16,-2.2288267521499e-14,-2.97791840904219e-15,-4.0307535953084e-10,-5.51281560763343e-09,-2.62772591566374e-10,-4.62289753146886e-10,-2.04710222581774e-10,-1.21867413303084e-14,-1.53297275050786e-09,3.35118940699338e-13,-2.84306267351293e-13,-2.74379745618206e-15,3.2381339096812e-12,-4.16865195213977e-10,-2.97091871062693e-10,-2.41501424986316e-13,1.19144923326258e-15,-1.76848174552518e-15,-5.78813892758941e-15,-1.08717426320278e-15,-7.73521071969681e-10,-4.24711706491233e-15,-6.86175525556604e-11,-4.73207667528059e-15
"b_Adulto40",3.81660510804934,1.94591309489999,13.2686431711485,25.3507421951399,-8.99525573966129,-22.6576009695301,-0.234974115428179,-6.01517095187113,-185.539237897774,-235.401331556489,-11.9872413347999,-2.4666329511714,-2.83284829297238e-08,-19.0311612706476,2.35862379066364e-08,-14.7177390905833,-10.16182741687,-2.8653459505811e-17,9.72518856947437e-09,9.9541524153878e-08,6.77912727329408e-09,7.4965237127834e-09,9.84395486992917e-12,6.37663566467479e-10,2.77626197163813e-10,9.60432521245972e-10,2.9571187052728e-11,1.07458075176187e-11,2.68422517898892e-10,2.17847138973895e-12,1.05740131290234e-10,5.23030941432576e-10,-4.43992612076191e-09,2.48151200117897e-10,2.11236285440696e-09,2.34277190240088e-10,1.99393831252111e-10,1.34306945685098e-09,2.98818407210626e-11,4.45017100574365e-11,8.53923120898679e-14,-6.06871805894669e-14
"b_Adulto60",6.71573129177159,3.32538435894498,25.7609955869874,91.2102162461133,-6.27342127498248,-40.9509452094318,5.82495894585045,-12.2585639667234,-548.569206461676,-453.297776851333,-21.0084988851664,-5.84377361078935,2.19294458584215e-11,2.35862379066364e-08,-35.8021111509404,-29.8862651240106,-10.8983884267171,1.57958935656483e-16,1.16387534613928e-08,1.68470908521615e-13,6.28910494571879e-11,-5.418845197356e-08,-2.19134102177931e-09,-4.17134502585071e-09,-1.84716790623183e-09,5.79175245074907e-10,1.78850372768064e-11,-2.26863654869453e-09,1.61868607582971e-10,-9.56155222882273e-10,2.076014975693e-09,-3.47216012038499e-09,-2.91654971965699e-09,1.49644161186039e-10,1.27383052406315e-09,1.41277402034563e-10,2.40528493066446e-10,6.64315515006736e-11,-7.01725679456903e-09,1.72048577381717e-09,6.64212258467438e-10,2.2868302243031e-10
"b_USOCINTURON",10.6227498297507,5.32908834108354,39.4938697144931,135.851344345109,-12.6512316326558,-62.1518900521044,6.59241949265037,-19.9815134472738,-738.273506765851,-693.365061606248,-30.3136063599292,-8.46999596485869,-4.2793391863398,-14.7177390905833,-29.8862651240106,-55.4457078390361,-19.7086019950802,-4.48621561857257e-17,3.78265619778207e-09,2.97754270614759e-09,1.22562451553392e-13,-3.26272280569994e-08,-1.5637527537121e-09,-2.73253011125796e-09,-1.2100274351587e-09,3.7356333055312e-10,-9.8826425565209e-09,-1.62346313910949e-09,1.04376439755359e-10,-1.26262345124968e-14,-1.36864005395037e-14,-2.47778335591702e-09,-1.75627273829626e-09,9.64957477606996e-11,8.21613121557922e-10,9.11229442871493e-11,7.87625256021009e-11,-6.8310524785232e-13,7.18721584074167e-15,2.14510753358437e-14,-6.74375077384632e-12,-1.701871943098e-14
"b_USODISPMOB",5.12045764062953,2.60235158246959,18.7311192263192,40.9989611975724,-9.09397998397688,-30.8789149553899,7.44769105907956,-8.66987319529899,-313.318252484868,-324.098934425603,-15.5957906324021,-5.71064196297338,-3.31308755007283,-10.16182741687,-10.8983884267171,-19.7086019950802,-26.4539284511317,-6.24339599352491e-16,1.49733198879525e-11,1.17752100214801e-11,-6.57450388153806e-10,-8.99217455242767e-09,-4.28114468629445e-10,-7.53095696993319e-10,3.92087934265101e-13,1.46275447175244e-12,-1.86826599907789e-10,-4.10201078041799e-10,-4.23144764377571e-14,2.18597508833131e-13,5.29542544020055e-12,-6.78359173096194e-10,-3.96995841802819e-11,-3.72009158400778e-15,3.252444351521e-12,3.59793544164282e-13,-9.64153800889255e-15,-1.33207660345313e-15,-9.27736594190758e-11,-2.85505176173315e-10,-1.10199244753483e-10,-4.43936572496222e-15
"lambda",3.24144982792037e-15,4.94689043197229e-15,4.56269829261858e-15,-2.21813773513997e-14,3.28089780511053e-15,-1.40418958613739e-15,-1.34844335229816e-15,3.6337864618581e-16,1.71885286714179e-14,6.47597728430499e-15,2.15608594035166e-16,-1.6839409377099e-16,3.48591688164733e-16,-2.8653459505811e-17,1.57958935656483e-16,-4.48621561857257e-17,-6.24339599352491e-16,0,2.47389848124241e-15,-3.443861081326e-15,1.3994660425724e-17,-4.29037019570398e-09,-1.37478323022357e-14,7.78517932609875e-15,-1.70406963864898e-14,-9.61385828390092e-15,1.11199494943663e-15,9.99288835101103e-15,-1.95365177408607e-14,-1.52429543045957e-15,-1.64192462577117e-15,2.02939955886677e-14,1.86155792059932e-16,-1.72905029130551e-15,6.14468067643205e-16,-3.59390647753163e-16,-4.56325894179016e-15,-8.27014969747755e-14,8.70416341363544e-16,-3.72849654226309e-15,4.07355935387727e-15,-2.05420618994878e-15
"gamma_EDUBASICA",-3.58513529724751e-09,1.95659909692894e-10,2.24459880249548e-09,6.27407054469746e-09,3.22940204144169e-11,3.11064144724099e-11,5.61319495039383e-08,2.21812638394e-09,4.58338937223982e-08,1.37234610155225e-08,3.24357824030433e-09,1.28860828472094e-11,-2.2288267521499e-14,9.72518856947437e-09,1.16387534613928e-08,3.78265619778207e-09,1.49733198879525e-11,2.47389848124241e-15,-173.321184810997,-131.811651221091,-24.5080290642327,-129.078157514097,-5.49032847120713,-1.341612264602,-5.24861300877654,1.2144570314089,5.46449728659062,3.31014281427721,1.40319334437657,1.0094231320437,5.95948185620501,2.31029209683361,0.495287030620028,0.336401150444007,5.21619113889888,2.29149328109677,0.97632361932201,0.940988517330828,5.84900475449963,3.24151593494771,1.68607673818782,0.787233306149503
"gamma_CSECO",-3.59517848083034e-12,1.91411848158568e-14,1.05512958386317e-14,5.93556380890738e-08,1.98746794481621e-08,9.56226190442725e-09,4.07913150853388e-08,2.09843011777988e-08,2.16803238857949e-07,1.29833771016833e-07,3.11250356184316e-08,7.91170262572065e-09,-2.97791840904219e-15,9.9541524153878e-08,1.68470908521615e-13,2.97754270614759e-09,1.17752100214801e-11,-3.443861081326e-15,-131.811651221091,-255.830109105163,-47.1928601955605,-200.562434739078,-8.34976123805212,-4.59834891286878,-9.18690387406137,2.60426093052354,7.43090775209062,5.24882988499665,2.1858783267183,1.34008517949787,8.65831856648998,3.82211905903484,0.918605189525728,0.791730584482587,7.12391058345322,3.34641807245888,1.64360285310118,1.74674124222232,8.09667761614573,4.36377028310516,3.26397487595358,1.2579894179416
"gamma_CONG_EF",-2.04988890933694e-10,2.15276645226339e-12,7.82324278258491e-10,6.71857211007722e-11,1.61561789558501e-08,1.08316932424626e-11,4.63729963795693e-11,1.8558831396864e-08,2.07718683170844e-07,1.14826462838564e-07,2.75626272389427e-08,-5.74696660621945e-10,-4.0307535953084e-10,6.77912727329408e-09,6.28910494571879e-11,1.22562451553392e-13,-6.57450388153806e-10,1.3994660425724e-17,-24.5080290642327,-47.1928601955605,-58.5425423406682,-47.9121088340014,-2.69719428273364,-2.54129856730568,-3.87978097478562,-0.15570530521104,1.27359950959578,1.06230846232289,0.695708264087654,0.39352747637558,1.34483409814389,0.907468596262729,0.378614804817898,0.483809952247299,1.28262926284811,1.00581175287906,0.538579684193974,0.875434591592943,1.08498202126702,0.690372370473692,0.843821333977611,0.461133593701036
"gamma_SININFO",-2.76354742156103e-09,-1.83605730217861e-09,-1.05458179966953e-08,-5.80495649493695e-08,9.90521851600932e-14,1.20577546899916e-11,-3.98423364206529e-08,9.18117681741794e-14,2.72774033421488e-10,1.04161845932244e-08,-3.04790737883135e-08,6.29672714495503e-14,-5.51281560763343e-09,7.4965237127834e-09,-5.418845197356e-08,-3.26272280569994e-08,-8.99217455242767e-09,-4.29037019570398e-09,-129.078157514097,-200.562434739078,-47.9121088340014,-239.311688511401,-6.20397969694871,-2.30777799602867,-5.76158422180388,4.76005672996368,7.68766259806974,5.27975394288538,1.83411864635626,0.493941133046555,8.76101535470777,3.58066127738197,0.77717114906997,0.514845798447015,7.3605603033823,3.26744183145354,1.22695097498848,0.612081846344174,8.58592096360637,4.28449307096908,3.03917482734381,0.753466336034155
"zeta_FRbr",-1.31558319051988e-10,-8.07788768736545e-11,-4.25916786693802e-10,2.12571582676037e-10,-6.17732129984769e-14,3.4245886593924e-11,4.37090252350469e-12,-6.5694701266929e-14,7.76458153446432e-10,6.75414509993704e-12,-9.76254357612108e-14,-2.48555987558305e-14,-2.62772591566374e-10,9.84395486992917e-12,-2.19134102177931e-09,-1.5637527537121e-09,-4.28114468629445e-10,-1.37478323022357e-14,-5.49032847120713,-8.34976123805212,-2.69719428273364,-6.20397969694871,-24.8527022178497,8.92403380579742,10.9065277861252,6.39337746391097,-2.44323835660675,6.83256873499259,8.0048391302741,4.11584926758596,-0.389355939384077,-3.31574374412414,-2.11425701832841,-1.08276202597091,0.172072117798743,-4.02377363764179,-3.08340892668871,-1.14196129413074,0.432398993658354,-1.10091436579448,-2.57523422535312,-1.38162397971795
"zeta_EnfCond",-2.31446550275043e-10,-1.41335488719556e-10,-8.1076073444505e-10,-4.45661071894888e-09,3.64394370455895e-14,1.02039092471566e-12,-3.05842611577304e-09,1.41039114229803e-10,1.47986971686709e-09,8.86226650295586e-10,5.53800396467108e-14,1.40008129738498e-14,-4.62289753146886e-10,6.37663566467479e-10,-4.17134502585071e-09,-2.73253011125796e-09,-7.53095696993319e-10,7.78517932609875e-15,-1.341612264602,-4.59834891286878,-2.54129856730568,-2.30777799602867,8.92403380579742,-48.0782605508322,8.29977334342906,6.00860345864055,0.596450208119253,-2.70102651598899,-2.69672352272421,-1.54696321421046,-3.2988733154865,15.0174917766991,10.2881581610134,5.91693548090447,0.343977799261796,-2.56581938896058,-2.38340564492003,-0.96230026955818,0.999911628263894,-0.773907331573772,-1.81386457336928,-1.16735504686222
"zeta_AFrSem",-1.02488698064894e-10,-6.25866183612661e-11,6.41173570882117e-11,1.79105267654004e-10,-7.68041384459549e-14,2.88543667230577e-11,1.23094642063167e-10,-6.97695784688803e-10,6.54216052528446e-10,3.91780226371544e-10,-1.13034879748366e-09,-3.07972566237738e-14,-2.04710222581774e-10,2.77626197163813e-10,-1.84716790623183e-09,-1.2100274351587e-09,3.92087934265101e-13,-1.70406963864898e-14,-5.24861300877654,-9.18690387406137,-3.87978097478562,-5.76158422180388,10.9065277861252,8.29977334342906,-18.7653756372972,5.26249489313135,0.451584573309003,-2.84188522619834,-4.13824596956995,-1.7216436105795,-0.0692751222312026,-2.54607725295827,-1.94754791673231,-1.07107864606351,-1.21879990564037,5.96870012253283,4.88149487197959,2.38072745040901,0.302057410133366,-0.665069069679601,-2.10189556851081,-1.37754060564136
"zeta_CulFr",-3.14646167607494e-15,1.96267090028524e-11,1.10835835913791e-10,6.1007024901162e-10,-4.18955876412449e-14,9.98200911747709e-11,4.25839103739897e-10,2.15695215666458e-10,2.26332798804972e-09,1.33448633871674e-09,3.9006793263761e-09,-1.36613432217287e-14,-1.21867413303084e-14,9.60432521245972e-10,5.79175245074907e-10,3.7356333055312e-10,1.46275447175244e-12,-9.61385828390092e-15,1.2144570314089,2.60426093052354,-0.15570530521104,4.76005672996368,6.39337746391097,6.00860345864055,5.26249489313135,-65.6708905210866,1.08626371158222,-2.08857115514691,-1.78391043421546,-1.06062934954231,1.42996977911693,-1.53130686311646,-1.22394905659172,-0.656754203007467,0.698883932584463,-1.62224502490815,-1.51248333551042,-0.608457603038899,-16.3439110879033,6.95613660012403,19.784616709763,12.6080324945686
"tau_FRbr_1",2.24071814166071e-15,6.09931853215908e-13,-2.81912053714427e-15,-8.21743223120576e-15,4.59092183930233e-09,3.08112571799812e-12,1.31093711060642e-11,-1.44170997983092e-14,5.45551700306525e-08,3.26288315803155e-08,-6.52541893358877e-10,1.83141553223331e-15,-1.53297275050786e-09,2.9571187052728e-11,1.78850372768064e-11,-9.8826425565209e-09,-1.86826599907789e-10,1.11199494943663e-15,5.46449728659062,7.43090775209062,1.27359950959578,7.68766259806974,-2.44323835660675,0.596450208119253,0.451584573309003,1.08626371158222,-13.5895855603453,1.20312038567386,-2.31021606166158e-13,-1.84154102621935e-15,4.01629470827917,0.763496645805613,0.0230114595477764,0.000672413656516846,5.22200723710624,0.295393208034742,0.00519935387703304,7.52172841358504e-06,2.00138320603076,1.97819099642713,0.705683021052341,0.0365886663419092
"tau_FRbr_2",-1.26227831773142e-10,-7.69746601442239e-11,-4.42175117949211e-10,2.21044058195128e-10,4.58939131186756e-14,1.11656178337034e-12,1.5424669841655e-10,7.8148219287675e-11,8.19819066524268e-10,7.7310305974481e-12,7.09412549647855e-14,4.71575744998979e-13,3.35118940699338e-13,1.07458075176187e-11,-2.26863654869453e-09,-1.62346313910949e-09,-4.10201078041799e-10,9.99288835101103e-15,3.31014281427721,5.24882988499665,1.06230846232289,5.27975394288538,6.83256873499259,-2.70102651598899,-2.84188522619834,-2.08857115514691,1.20312038567386,-21.9259368217818,11.8285585213562,-1.40945594784022e-11,1.41705570075139,2.22868783398072,0.335386326314068,0.0155228908611984,0.977508365319754,2.22775856370522,0.565718661343316,0.00232907838635579,0.213257945523644,1.53261095498305,1.55325118515742,0.165560810602972
"tau_FRbr_3",-1.00799455932132e-10,-7.89598972074919e-15,3.14606319941721e-11,1.73167931713646e-10,-9.08667706774873e-14,-4.27943339935642e-14,1.45473136749913e-09,-9.62207331008036e-14,6.42428396635178e-10,3.78775648853079e-10,8.95013063331597e-11,2.31130697693857e-11,-2.84306267351293e-13,2.68422517898892e-10,1.61868607582971e-10,1.04376439755359e-10,-4.23144764377571e-14,-1.95365177408607e-14,1.40319334437657,2.1858783267183,0.695708264087654,1.83411864635626,8.0048391302741,-2.69672352272421,-4.13824596956995,-1.78391043421546,-2.31021606166158e-13,11.8285585213562,-18.0278662091737,0.326032306569445,0.134153782420018,1.04508828899129,0.71826178014549,0.155876061293208,0.0344511166410969,1.9335480317268,1.2101768417335,0.0626623837254021,0.0243752598146145,0.296884984508103,0.771431661031563,0.338515479369349
"tau_FRbr_4",-5.312611972916e-11,-3.24423363588835e-11,1.66258852263768e-11,9.29436545703722e-11,-6.65577784702607e-15,1.49741714614212e-11,6.38749588623868e-11,3.28594305594764e-11,3.39494370479388e-10,3.06539853730491e-12,-1.08130619103978e-14,1.88128779880626e-13,-2.74379745618206e-15,2.17847138973895e-12,-9.56155222882273e-10,-1.26262345124968e-14,2.18597508833131e-13,-1.52429543045957e-15,1.0094231320437,1.34008517949787,0.39352747637558,0.493941133046555,4.11584926758596,-1.54696321421046,-1.7216436105795,-1.06062934954231,-1.84154102621935e-15,-1.40945594784022e-11,0.326032306569445,-2.20410718605793,0.00193800708421165,0.0565305096935812,0.359208531667523,0.406418705701432,0.000125235759190272,0.0261692761603686,0.327883404313838,0.498539005954469,0.000303021523970451,0.00286148211647565,0.169121022973423,0.37833978591493
"tau_EnfCond_1",-1.26918119472334e-09,1.08685286910854e-12,4.03514071746222e-10,2.22105137174927e-09,-1.29860175919458e-15,5.50156323287945e-12,1.54987504760011e-09,7.73146954078867e-10,8.11274797654779e-09,7.47465306073109e-11,-1.12602132074174e-14,-3.28059229004041e-15,3.2381339096812e-12,1.05740131290234e-10,2.076014975693e-09,-1.36864005395037e-14,5.29542544020055e-12,-1.64192462577117e-15,5.95948185620501,8.65831856648998,1.34483409814389,8.76101535470777,-0.389355939384077,-3.2988733154865,-0.0692751222312026,1.42996977911693,4.01629470827917,1.41705570075139,0.134153782420018,0.00193800708421165,-32.1465685267106,3.89369433212241,-3.51901047983867e-17,2.92937403278893e-10,4.0413680077867,0.575865551191156,0.0290457468684739,0.000391299450394191,2.38227267736972,2.0035224116609,0.890591104835959,0.0602121850420537
"tau_EnfCond_2",-1.92900038336812e-10,-1.27994986519314e-10,-6.74861305286683e-10,-3.71478218309916e-09,-1.11210685897662e-10,8.79530664844445e-13,3.75318323873423e-12,9.72158585995624e-14,1.23255929671767e-09,6.02524492490344e-13,-2.57927013080916e-12,3.65920263941736e-14,-4.16865195213977e-10,5.23030941432576e-10,-3.47216012038499e-09,-2.47778335591702e-09,-6.78359173096194e-10,2.02939955886677e-14,2.31029209683361,3.82211905903484,0.907468596262729,3.58066127738197,-3.31574374412414,15.0174917766991,-2.54607725295827,-1.53130686311646,0.763496645805613,2.22868783398072,1.04508828899129,0.0565305096935812,3.89369433212241,-43.0337973303131,21.1947516711478,4.43673913213258e-11,0.798455411730537,1.68360332747824,0.593066668689647,0.0195622806873276,0.165462877070691,0.988450816316931,1.12221614362374,0.19622766179202
"tau_EnfCond_3",-1.48930217306343e-10,1.54729245564733e-15,3.60399816251489e-15,-2.59074067313819e-15,-8.71571757666957e-11,2.01632003642039e-15,9.51432495398759e-15,-1.10314878007852e-09,-1.13973825236497e-08,-6.82541071192786e-09,-1.77484900216996e-09,-4.16985178893983e-10,-2.97091871062693e-10,-4.43992612076191e-09,-2.91654971965699e-09,-1.75627273829626e-09,-3.96995841802819e-11,1.86155792059932e-16,0.495287030620028,0.918605189525728,0.378614804817898,0.77717114906997,-2.11425701832841,10.2881581610134,-1.94754791673231,-1.22394905659172,0.0230114595477764,0.335386326314068,0.71826178014549,0.359208531667523,-3.51901047983867e-17,21.1947516711478,-30.6339413669769,2.58992677630488,0.0224067600388062,0.461846219684302,0.789421636520199,0.16498864380757,0.00958679892601619,0.0929182712553205,0.368078896004517,0.300212670561205
"tau_EnfCond_4",-1.19780277897252e-13,5.07081840738345e-12,2.90846980392126e-11,2.11208419489899e-09,1.30887412952374e-09,2.619521750091e-11,1.45320833475935e-09,7.46693162327682e-10,7.72373878035858e-09,4.61992936129432e-09,1.02357140248934e-09,-3.14567040949129e-15,-2.41501424986316e-13,2.48151200117897e-10,1.49644161186039e-10,9.64957477606996e-11,-3.72009158400778e-15,-1.72905029130551e-15,0.336401150444007,0.791730584482587,0.483809952247299,0.514845798447015,-1.08276202597091,5.91693548090447,-1.07107864606351,-0.656754203007467,0.000672413656516846,0.0155228908611984,0.155876061293208,0.406418705701432,2.92937403278893e-10,4.43673913213258e-11,2.58992677630488,-5.42187975520144,0.000866426679522684,0.0397099284888302,0.232952069403693,0.270624065437654,0.000475859776756297,0.00408224002941335,0.118837927219757,0.225353863572807
"tau_AFrSem_1",8.63613511429617e-15,8.95458997192882e-15,4.87534731161078e-10,2.09376693280794e-11,6.56049747889593e-15,3.37557423071467e-12,2.88207154264026e-11,7.41544221502991e-12,6.47241669898212e-08,2.98089821960862e-09,4.61317972093974e-15,2.79906308481668e-12,1.19144923326258e-15,2.11236285440696e-09,1.27383052406315e-09,8.21613121557922e-10,3.252444351521e-12,6.14468067643205e-16,5.21619113889888,7.12391058345322,1.28262926284811,7.3605603033823,0.172072117798743,0.343977799261796,-1.21879990564037,0.698883932584463,5.22200723710624,0.977508365319754,0.0344511166410969,0.000125235759190272,4.0413680077867,0.798455411730537,0.0224067600388062,0.000866426679522684,-10.4491101586042,0.33927172439394,1.09338655854142e-11,7.36480705914093e-11,1.7132910499652,2.12348002425136,0.773680777387922,0.0370062614470086
"tau_AFrSem_2",1.78566376852533e-16,2.50571168752205e-16,2.7036184909012e-11,1.48820823389496e-10,-1.17630772847189e-15,3.73621327879519e-13,1.59026583788538e-12,6.41411935249218e-10,7.17897533659554e-09,3.25520473891813e-10,7.69196679455021e-11,1.98625365493712e-11,-1.76848174552518e-15,2.34277190240088e-10,1.41277402034563e-10,9.11229442871493e-11,3.59793544164282e-13,-3.59390647753163e-16,2.29149328109677,3.34641807245888,1.00581175287906,3.26744183145354,-4.02377363764179,-2.56581938896058,5.96870012253283,-1.62224502490815,0.295393208034742,2.22775856370522,1.9335480317268,0.0261692761603686,0.575865551191156,1.68360332747824,0.461846219684302,0.0397099284888302,0.33927172439394,-15.3150730963083,8.74473175023039,8.16912274089097e-12,0.0879033092654211,0.711365114960493,1.08117245730626,0.216366361891282
"tau_AFrSem_3",-9.83161964539038e-14,4.0744727917875e-12,4.67504831143846e-11,2.57332150297546e-10,-6.94497369666113e-13,-1.00274726793575e-14,8.84072814955061e-11,6.00135209605047e-10,6.67049293402744e-09,2.81378007313846e-10,8.9023748954597e-10,1.68999305290759e-11,-5.78813892758941e-15,1.99393831252111e-10,2.40528493066446e-10,7.87625256021009e-11,-9.64153800889255e-15,-4.56325894179016e-15,0.97632361932201,1.64360285310118,0.538579684193974,1.22695097498848,-3.08340892668871,-2.38340564492003,4.88149487197959,-1.51248333551042,0.00519935387703304,0.565718661343316,1.2101768417335,0.327883404313838,0.0290457468684739,0.593066668689647,0.789421636520199,0.232952069403693,1.09338655854142e-11,8.74473175023039,-11.9704493593476,0.137564923710118,0.00694285421998039,0.0894229874982991,0.534331050104139,0.392015647693021
"tau_AFrSem_4",-5.29153468607113e-14,3.69340784119462e-17,1.2911569131841e-11,8.66473937091342e-10,2.9012909806199e-10,1.39589953660946e-10,5.95467301228885e-10,3.06327778531475e-10,3.42450457144866e-09,1.89287758130902e-09,4.53777832140011e-10,1.15494447710025e-10,-1.08717426320278e-15,1.34306945685098e-09,6.64315515006736e-11,-6.8310524785232e-13,-1.33207660345313e-15,-8.27014969747755e-14,0.940988517330828,1.74674124222232,0.875434591592943,0.612081846344174,-1.14196129413074,-0.96230026955818,2.38072745040901,-0.608457603038899,7.52172841358504e-06,0.00232907838635579,0.0626623837254021,0.498539005954469,0.000391299450394191,0.0195622806873276,0.16498864380757,0.270624065437654,7.36480705914093e-11,8.16912274089097e-12,0.137564923710118,-1.14785395943951,6.43940867316267e-05,0.00152354882227096,0.0680288672073357,0.233122830152572
"tau_CulFr_1",-3.87724838911988e-10,-1.92457798669026e-11,4.55402914014082e-15,9.61883200989818e-12,-3.94239808250778e-15,3.10959997213951e-12,-4.11057301581106e-10,-2.14871387241901e-10,7.05292110034087e-11,2.10691752510073e-11,-3.95201382532443e-09,1.28907085376465e-12,-7.73521071969681e-10,2.98818407210626e-11,-7.01725679456903e-09,7.18721584074167e-15,-9.27736594190758e-11,8.70416341363544e-16,5.84900475449963,8.09667761614573,1.08498202126702,8.58592096360637,0.432398993658354,0.999911628263894,0.302057410133366,-16.3439110879033,2.00138320603076,0.213257945523644,0.0243752598146145,0.000303021523970451,2.38227267736972,0.165462877070691,0.00958679892601619,0.000475859776756297,1.7132910499652,0.0879033092654211,0.00694285421998039,6.43940867316267e-05,-34.274100302167,12.0664503272877,-2.77891627005548e-11,-9.57169055914975e-12
"tau_CulFr_2",-8.89910994126005e-11,1.26700776011273e-14,3.3439193495317e-10,1.869343597102e-09,-9.654225165729e-12,-1.03424030140717e-14,1.2847537330488e-09,1.3000192750199e-14,8.86825707836373e-08,-1.00128488686889e-13,-1.51269180406351e-11,-3.83403956976361e-12,-4.24711706491233e-15,4.45017100574365e-11,1.72048577381717e-09,2.14510753358437e-14,-2.85505176173315e-10,-3.72849654226309e-15,3.24151593494771,4.36377028310516,0.690372370473692,4.28449307096908,-1.10091436579448,-0.773907331573772,-0.665069069679601,6.95613660012403,1.97819099642713,1.53261095498305,0.296884984508103,0.00286148211647565,2.0035224116609,0.988450816316931,0.0929182712553205,0.00408224002941335,2.12348002425136,0.711365114960493,0.0894229874982991,0.00152354882227096,12.0664503272877,-90.2641970478825,49.3995148606576,-2.8534434408014e-11
"tau_CulFr_3",-4.4670946377503e-10,-3.46844912341138e-13,1.29095649789623e-10,8.56349094249043e-15,2.04674240518917e-14,8.01953301213266e-15,-4.88265830045662e-10,1.97065927065317e-14,2.5955190903064e-09,5.22079292516656e-14,-5.80014373538522e-12,7.25549379166185e-15,-6.86175525556604e-11,8.53923120898679e-14,6.64212258467438e-10,-6.74375077384632e-12,-1.10199244753483e-10,4.07355935387727e-15,1.68607673818782,3.26397487595358,0.843821333977611,3.03917482734381,-2.57523422535312,-1.81386457336928,-2.10189556851081,19.784616709763,0.705683021052341,1.55325118515742,0.771431661031563,0.169121022973423,0.890591104835959,1.12221614362374,0.368078896004517,0.118837927219757,0.773680777387922,1.08117245730626,0.534331050104139,0.0680288672073357,-2.77891627005548e-11,49.3995148606576,-77.6096818426858,4.68362601485951
"tau_CulFr_4",-6.42862246713927e-16,7.74911540966865e-12,4.44466096308474e-11,-3.24246233256448e-14,1.00006091873545e-09,-4.77176581574577e-15,2.05253571849766e-09,1.14104589746902e-09,1.18028942105115e-08,-8.42926807954542e-14,1.5641527684295e-09,-3.74382054649923e-15,-4.73207667528059e-15,-6.06871805894669e-14,2.2868302243031e-10,-1.701871943098e-14,-4.43936572496222e-15,-2.05420618994878e-15,0.787233306149503,1.2579894179416,0.461133593701036,0.753466336034155,-1.38162397971795,-1.16735504686222,-1.37754060564136,12.6080324945686,0.0365886663419092,0.165560810602972,0.338515479369349,0.37833978591493,0.0602121850420537,0.19622766179202,0.300212670561205,0.225353863572807,0.0370062614470086,0.216366361891282,0.392015647693021,0.233122830152572,-9.57169055914975e-12,-2.8534434408014e-11,4.68362601485951,-12.2877891809981
