Model run using Apollo for R, version 0.0.8 
www.ApolloChoiceModelling.com

Model name                       : ICLV Modelo
Model description                : ICLV modelo sobre datos de elección de ruta, utilizando el modelo de medición ordenado para indicadores
Model run at                     : 2020-02-24 16:16:03
Estimation method                : bfgs
Model diagnosis                  : successful convergence 
Number of individuals            : 348
Number of observations           : 348

Number of cores used             :  3 
Number of inter-person draws     : 100 (halton)
WARNING: Inter-person draws were used
         without a panel data structure.

LL(start)                        : -2368.458
LL(final, whole model)           : -2002.666
  LL(indic_FRbr)                 : -510.2229
  LL(indic_EnfCond)              : -486.0038
  LL(indic_AFrSem)               : -473.2866
  LL(indic_CulFr)                : -552.3696
  LL(choice)                     : -379.3625
AIC                              :  4065.33 
BIC                              :  4180.9 
Estimated parameters             :  30
Time taken (hh:mm:ss)            :  00:04:55.57 
Iterations                       :  40 

Estimates:
                Estimate Std.err. t.ratio(0) Rob.std.err. Rob.t.ratio(0)
asc_ruta1         0.0000       NA         NA           NA             NA
asc_ruta2        -1.0604   0.1836      -5.77       0.1831          -5.79
asc_ruta3        -1.8529   0.2441      -7.59       0.2625          -7.06
asc_rutaEC        0.9407   0.8613       1.09       0.8918           1.05
b_time            0.0831   0.0234       3.55       0.0297           2.79
b_dist           -0.2351   0.0858      -2.74       0.0809          -2.90
b_clima          -0.1581   0.3008      -0.53       0.3165          -0.50
b_cong            0.0895   0.0763       1.17       0.0781           1.15
b_Hpico           0.0000       NA         NA           NA             NA
b_Hvalle         -0.0032   0.2362      -0.01       0.2338          -0.01
b_T_prof         -0.0088   0.0127      -0.69       0.0131          -0.67
b_Hor_trab       -0.0077   0.0547      -0.14       0.0545          -0.14
b_EduBasica       0.0401   0.2391       0.17       0.2396           0.17
b_EduSuperior     0.0000       NA         NA           NA             NA
b_Info_traf       0.2546   0.2924       0.87       0.3008           0.85
b_Joven30        -1.1532   0.5768      -2.00       0.5664          -2.04
b_Adulto40       -0.2579   0.4129      -0.62       0.4097          -0.63
b_Adulto60       -0.4345   0.3597      -1.21       0.3615          -1.20
b_AdultoMayor     0.0000       NA         NA           NA             NA
b_USOCINTURON    -0.1331   0.2887      -0.46       0.2997          -0.44
b_NOUSOCINTURON   0.0000       NA         NA           NA             NA
b_USODISPMOB     -0.1667   0.2498      -0.67       0.2586          -0.64
b_NOUSODISPMOB    0.0000       NA         NA           NA             NA
lambda           -0.0061   0.1188      -0.05       0.1201          -0.05
gamma_EDUBASICA   0.1915   0.1017       1.88       0.1096           1.75
gamma_CSECO       0.1202   0.0990       1.21       0.1163           1.03
gamma_CONG_EF     0.3861   0.1535       2.52       0.1917           2.01
gamma_SININFO    -0.3387   0.1122      -3.02       0.1334          -2.54
zeta_FRbr         0.9348   0.0428      21.84       0.0511          18.31
zeta_EnfCond      0.7571   0.0421      17.97       0.0468          16.16
zeta_AFrSem       0.8339   0.0379      21.99       0.0517          16.12
zeta_CulFr        0.7781   0.0558      13.96       0.0460          16.93
sigma_FRbr        0.4745   0.0313      15.18       0.0488           9.73
sigma_EnfCond     0.6173   0.0279      22.15       0.0488          12.66
sigma_AFrSem      0.4224   0.0271      15.58       0.0430           9.81
sigma_CulFr       0.8879   0.0365      24.32       0.0345          25.77

Summary statistics for dependent variable for Normal
 density model component: indic_FRbr
    Min.  1st Qu.   Median     Mean  3rd Qu.     Max. 
-1.02586 -1.02586 -0.02586  0.00000 -0.02586  2.97414 

Summary statistics for dependent variable for Normal
 density model component: indic_EnfCond
    Min.  1st Qu.   Median     Mean  3rd Qu.     Max. 
-0.94253 -0.94253  0.05747  0.00000  0.05747  3.05747 

Summary statistics for dependent variable for Normal
 density model component: indic_AFrSem
   Min. 1st Qu.  Median    Mean 3rd Qu.    Max. 
-0.8966 -0.8966  0.1034  0.0000  0.1034  3.1034 

Summary statistics for dependent variable for Normal
 density model component: indic_CulFr
   Min. 1st Qu.  Median    Mean 3rd Qu.    Max. 
-1.6178 -0.6178 -0.6178  0.0000  1.3822  2.3822 

Overview of choices for MNL model component: choice
                                  ruta1  ruta2  ruta3 rutaEC
Times available                  348.00 348.00 348.00 348.00
Times chosen                     113.00  42.00  21.00 172.00
Percentage chosen overall         32.47  12.07   6.03  49.43
Percentage chosen when available  32.47  12.07   6.03  49.43


Classical covariance matrix:
                asc_ruta2 asc_ruta3 asc_rutaEC    b_time    b_dist   b_clima    b_cong  b_Hvalle  b_T_prof
asc_ruta2        0.033716  0.010426   0.006354 -0.000622  0.000513  0.001538  0.001092  0.000458 -0.000011
asc_ruta3        0.010426  0.059608   0.005033 -0.001233  0.001975  0.002170  0.001436  0.000164 -0.000012
asc_rutaEC       0.006354  0.005033   0.741880  0.001804 -0.003525 -0.101933 -0.005464  0.000917 -0.002316
b_time          -0.000622 -0.001233   0.001804  0.000548 -0.000976 -0.000706 -0.000681 -0.000209 -0.000002
b_dist           0.000513  0.001975  -0.003525 -0.000976  0.007365  0.002299  0.000109  0.000018  0.000017
b_clima          0.001538  0.002170  -0.101933 -0.000706  0.002299  0.090489  0.001705 -0.004447 -0.000028
b_cong           0.001092  0.001436  -0.005464 -0.000681  0.000109  0.001705  0.005825 -0.001314 -0.000033
b_Hvalle         0.000458  0.000164   0.000917 -0.000209  0.000018 -0.004447 -0.001314  0.055804 -0.000010
b_T_prof        -0.000011 -0.000012  -0.002316 -0.000002  0.000017 -0.000028 -0.000033 -0.000010  0.000161
b_Hor_trab       0.000156  0.000367  -0.033679 -0.000167  0.000339 -0.000136  0.000022 -0.001374 -0.000045
b_EduBasica      0.000194  0.000145  -0.007270 -0.000054  0.000177 -0.009980  0.002148  0.002393 -0.000385
b_Info_traf      0.000229  0.000262  -0.039967 -0.000116 -0.000225 -0.002802  0.001479  0.000914 -0.000006
b_Joven30       -0.000598 -0.000473  -0.152770 -0.000385  0.000760  0.001893  0.005353 -0.002662  0.002453
b_Adulto40      -0.000226 -0.000523  -0.101543 -0.000009  0.001049 -0.007441  0.003150  0.003537  0.001599
b_Adulto60      -0.000165 -0.000386  -0.083382 -0.000169  0.000868 -0.004059  0.002270  0.003079  0.000749
b_USOCINTURON    0.001148  0.001708  -0.075333 -0.000661  0.000545  0.015028  0.002394 -0.003498  0.000042
b_USODISPMOB    -0.001163 -0.001623  -0.017075  0.000775  0.000306 -0.000912 -0.003018  0.001632  0.000034
lambda          -0.000080 -0.000060  -0.010854  0.000017 -0.000232  0.002230 -0.001033  0.000758 -0.000005
gamma_EDUBASICA  0.000000  0.000000   0.000023  0.000000  0.000001 -0.000004  0.000003 -0.000003  0.000000
gamma_CSECO     -0.000001 -0.000001  -0.000169  0.000000 -0.000004  0.000029 -0.000017  0.000013  0.000000
gamma_CONG_EF   -0.000001 -0.000001  -0.000133  0.000000 -0.000003  0.000028 -0.000010  0.000009  0.000000
gamma_SININFO    0.000001  0.000001   0.000154  0.000000  0.000003 -0.000026  0.000015 -0.000011  0.000000
zeta_FRbr        0.000000  0.000000  -0.000036  0.000000 -0.000001  0.000007 -0.000004  0.000003  0.000000
zeta_EnfCond     0.000000  0.000000  -0.000036  0.000000 -0.000001  0.000008 -0.000004  0.000003  0.000000
zeta_AFrSem      0.000000  0.000000  -0.000036  0.000000 -0.000001  0.000008 -0.000003  0.000003  0.000000
zeta_CulFr       0.000000  0.000000  -0.000056  0.000000 -0.000001  0.000011 -0.000005  0.000005  0.000000
sigma_FRbr       0.000000  0.000000  -0.000012  0.000000  0.000000  0.000004 -0.000001  0.000001  0.000000
sigma_EnfCond    0.000000  0.000000   0.000003  0.000000  0.000000 -0.000001  0.000000  0.000000  0.000000
sigma_AFrSem     0.000000  0.000000  -0.000003  0.000000  0.000000  0.000000  0.000000  0.000001  0.000000
sigma_CulFr      0.000000  0.000000   0.000019  0.000000  0.000000 -0.000004  0.000002 -0.000002  0.000000
                b_Hor_trab b_EduBasica b_Info_traf b_Joven30 b_Adulto40 b_Adulto60 b_USOCINTURON
asc_ruta2         0.000156    0.000194    0.000229 -0.000598  -0.000226  -0.000165      0.001148
asc_ruta3         0.000367    0.000145    0.000262 -0.000473  -0.000523  -0.000386      0.001708
asc_rutaEC       -0.033679   -0.007270   -0.039967 -0.152770  -0.101543  -0.083382     -0.075333
b_time           -0.000167   -0.000054   -0.000116 -0.000385  -0.000009  -0.000169     -0.000661
b_dist            0.000339    0.000177   -0.000225  0.000760   0.001049   0.000868      0.000545
b_clima          -0.000136   -0.009980   -0.002802  0.001893  -0.007441  -0.004059      0.015028
b_cong            0.000022    0.002148    0.001479  0.005353   0.003150   0.002270      0.002394
b_Hvalle         -0.001374    0.002393    0.000914 -0.002662   0.003537   0.003079     -0.003498
b_T_prof         -0.000045   -0.000385   -0.000006  0.002453   0.001599   0.000749      0.000042
b_Hor_trab        0.002996   -0.001311    0.001676  0.000401  -0.001145  -0.001673     -0.000586
b_EduBasica      -0.001311    0.057171    0.000934 -0.003337  -0.005024  -0.000950      0.010277
b_Info_traf       0.001676    0.000934    0.085470  0.004598   0.008985   0.003386      0.004246
b_Joven30         0.000401   -0.003337    0.004598  0.332659   0.131956   0.113150      0.004349
b_Adulto40       -0.001145   -0.005024    0.008985  0.131956   0.170447   0.110988     -0.006139
b_Adulto60       -0.001673   -0.000950    0.003386  0.113150   0.110988   0.129387     -0.008588
b_USOCINTURON    -0.000586    0.010277    0.004246  0.004349  -0.006139  -0.008588      0.083375
b_USODISPMOB      0.000271   -0.000436   -0.007504 -0.019941  -0.018697  -0.005353      0.002389
lambda            0.000637   -0.002358   -0.002828  0.001010  -0.000428  -0.000441      0.003609
gamma_EDUBASICA  -0.000002    0.000011    0.000010 -0.000002   0.000001   0.000001     -0.000010
gamma_CSECO       0.000010   -0.000039   -0.000041  0.000017  -0.000007  -0.000007      0.000059
gamma_CONG_EF     0.000008   -0.000028   -0.000032  0.000010  -0.000007  -0.000007      0.000043
gamma_SININFO    -0.000009    0.000031    0.000032 -0.000014   0.000006   0.000007     -0.000051
zeta_FRbr         0.000002   -0.000007   -0.000009  0.000004  -0.000001  -0.000001      0.000012
zeta_EnfCond      0.000002   -0.000008   -0.000010  0.000002  -0.000002  -0.000002      0.000012
zeta_AFrSem       0.000002   -0.000008   -0.000009  0.000004  -0.000001  -0.000001      0.000012
zeta_CulFr        0.000003   -0.000012   -0.000015  0.000006  -0.000002  -0.000002      0.000018
sigma_FRbr        0.000001   -0.000004   -0.000003  0.000000  -0.000002  -0.000002      0.000004
sigma_EnfCond     0.000000    0.000001    0.000001  0.000001   0.000001   0.000001     -0.000001
sigma_AFrSem      0.000000    0.000000   -0.000001  0.000000   0.000000   0.000000      0.000001
sigma_CulFr      -0.000001    0.000004    0.000006 -0.000002   0.000001   0.000000     -0.000006
                b_USODISPMOB    lambda gamma_EDUBASICA gamma_CSECO gamma_CONG_EF gamma_SININFO zeta_FRbr
asc_ruta2          -0.001163 -0.000080        0.000000   -0.000001     -0.000001      0.000001  0.000000
asc_ruta3          -0.001623 -0.000060        0.000000   -0.000001     -0.000001      0.000001  0.000000
asc_rutaEC         -0.017075 -0.010854        0.000023   -0.000169     -0.000133      0.000154 -0.000036
b_time              0.000775  0.000017        0.000000    0.000000      0.000000      0.000000  0.000000
b_dist              0.000306 -0.000232        0.000001   -0.000004     -0.000003      0.000003 -0.000001
b_clima            -0.000912  0.002230       -0.000004    0.000029      0.000028     -0.000026  0.000007
b_cong             -0.003018 -0.001033        0.000003   -0.000017     -0.000010      0.000015 -0.000004
b_Hvalle            0.001632  0.000758       -0.000003    0.000013      0.000009     -0.000011  0.000003
b_T_prof            0.000034 -0.000005        0.000000    0.000000      0.000000      0.000000  0.000000
b_Hor_trab          0.000271  0.000637       -0.000002    0.000010      0.000008     -0.000009  0.000002
b_EduBasica        -0.000436 -0.002358        0.000011   -0.000039     -0.000028      0.000031 -0.000007
b_Info_traf        -0.007504 -0.002828        0.000010   -0.000041     -0.000032      0.000032 -0.000009
b_Joven30          -0.019941  0.001010       -0.000002    0.000017      0.000010     -0.000014  0.000004
b_Adulto40         -0.018697 -0.000428        0.000001   -0.000007     -0.000007      0.000006 -0.000001
b_Adulto60         -0.005353 -0.000441        0.000001   -0.000007     -0.000007      0.000007 -0.000001
b_USOCINTURON       0.002389  0.003609       -0.000010    0.000059      0.000043     -0.000051  0.000012
b_USODISPMOB        0.062400 -0.001400        0.000004   -0.000023     -0.000015      0.000020 -0.000004
lambda             -0.001400  0.014113       -0.000033    0.000226      0.000168     -0.000199  0.000038
gamma_EDUBASICA     0.000004 -0.000033        0.010353   -0.001481      0.002845     -0.005590 -0.000631
gamma_CSECO        -0.000023  0.000226       -0.001481    0.009798     -0.001354     -0.006247  0.000397
gamma_CONG_EF      -0.000015  0.000168        0.002845   -0.001354      0.023549     -0.004958 -0.000219
gamma_SININFO       0.000020 -0.000199       -0.005590   -0.006247     -0.004958      0.012590 -0.000112
zeta_FRbr          -0.000004  0.000038       -0.000631    0.000397     -0.000219     -0.000112  0.001833
zeta_EnfCond       -0.000004  0.000042       -0.000589    0.000138     -0.000184      0.000059  0.000734
zeta_AFrSem        -0.000005  0.000041       -0.000526    0.000354      0.000024     -0.000197  0.000865
zeta_CulFr         -0.000007  0.000066       -0.000640    0.000291     -0.000139     -0.000019  0.000827
sigma_FRbr         -0.000002  0.000018       -0.000048   -0.000115      0.000092      0.000045 -0.000379
sigma_EnfCond       0.000000 -0.000005        0.000075    0.000175      0.000054     -0.000167  0.000117
sigma_AFrSem        0.000000  0.000002       -0.000118   -0.000102     -0.000366      0.000238  0.000092
sigma_CulFr         0.000003 -0.000025        0.000086   -0.000007     -0.000006     -0.000050  0.000020
                zeta_EnfCond zeta_AFrSem zeta_CulFr sigma_FRbr sigma_EnfCond sigma_AFrSem sigma_CulFr
asc_ruta2           0.000000    0.000000   0.000000   0.000000      0.000000     0.000000    0.000000
asc_ruta3           0.000000    0.000000   0.000000   0.000000      0.000000     0.000000    0.000000
asc_rutaEC         -0.000036   -0.000036  -0.000056  -0.000012      0.000003    -0.000003    0.000019
b_time              0.000000    0.000000   0.000000   0.000000      0.000000     0.000000    0.000000
b_dist             -0.000001   -0.000001  -0.000001   0.000000      0.000000     0.000000    0.000000
b_clima             0.000008    0.000008   0.000011   0.000004     -0.000001     0.000000   -0.000004
b_cong             -0.000004   -0.000003  -0.000005  -0.000001      0.000000     0.000000    0.000002
b_Hvalle            0.000003    0.000003   0.000005   0.000001      0.000000     0.000001   -0.000002
b_T_prof            0.000000    0.000000   0.000000   0.000000      0.000000     0.000000    0.000000
b_Hor_trab          0.000002    0.000002   0.000003   0.000001      0.000000     0.000000   -0.000001
b_EduBasica        -0.000008   -0.000008  -0.000012  -0.000004      0.000001     0.000000    0.000004
b_Info_traf        -0.000010   -0.000009  -0.000015  -0.000003      0.000001    -0.000001    0.000006
b_Joven30           0.000002    0.000004   0.000006   0.000000      0.000001     0.000000   -0.000002
b_Adulto40         -0.000002   -0.000001  -0.000002  -0.000002      0.000001     0.000000    0.000001
b_Adulto60         -0.000002   -0.000001  -0.000002  -0.000002      0.000001     0.000000    0.000000
b_USOCINTURON       0.000012    0.000012   0.000018   0.000004     -0.000001     0.000001   -0.000006
b_USODISPMOB       -0.000004   -0.000005  -0.000007  -0.000002      0.000000     0.000000    0.000003
lambda              0.000042    0.000041   0.000066   0.000018     -0.000005     0.000002   -0.000025
gamma_EDUBASICA    -0.000589   -0.000526  -0.000640  -0.000048      0.000075    -0.000118    0.000086
gamma_CSECO         0.000138    0.000354   0.000291  -0.000115      0.000175    -0.000102   -0.000007
gamma_CONG_EF      -0.000184    0.000024  -0.000139   0.000092      0.000054    -0.000366   -0.000006
gamma_SININFO       0.000059   -0.000197  -0.000019   0.000045     -0.000167     0.000238   -0.000050
zeta_FRbr           0.000734    0.000865   0.000827  -0.000379      0.000117     0.000092    0.000020
zeta_EnfCond        0.001775    0.000678   0.000624   0.000043     -0.000132    -0.000009    0.000005
zeta_AFrSem         0.000678    0.001437   0.000717   0.000082      0.000070    -0.000273    0.000033
zeta_CulFr          0.000624    0.000717   0.003109  -0.000020      0.000048     0.000024   -0.000215
sigma_FRbr          0.000043    0.000082  -0.000020   0.000977     -0.000115    -0.000274   -0.000025
sigma_EnfCond      -0.000132    0.000070   0.000048  -0.000115      0.000777    -0.000033    0.000002
sigma_AFrSem       -0.000009   -0.000273   0.000024  -0.000274     -0.000033     0.000735   -0.000054
sigma_CulFr         0.000005    0.000033  -0.000215  -0.000025      0.000002    -0.000054    0.001333

Robust covariance matrix:
                asc_ruta2 asc_ruta3 asc_rutaEC    b_time    b_dist   b_clima    b_cong  b_Hvalle  b_T_prof
asc_ruta2        0.033535  0.012613   0.020160 -0.001161  0.001885 -0.006682  0.001564 -0.002502  0.000160
asc_ruta3        0.012613  0.068894   0.022320 -0.003716  0.009045 -0.003458  0.000817 -0.005074  0.000033
asc_rutaEC       0.020160  0.022320   0.795244  0.000596 -0.000240 -0.119653 -0.007391  0.001650 -0.002082
b_time          -0.001161 -0.003716   0.000596  0.000884 -0.001691 -0.000335 -0.000923  0.000678  0.000019
b_dist           0.001885  0.009045  -0.000240 -0.001691  0.006550  0.002001 -0.000002 -0.001274 -0.000066
b_clima         -0.006682 -0.003458  -0.119653 -0.000335  0.002001  0.100160  0.002001 -0.004246 -0.000231
b_cong           0.001564  0.000817  -0.007391 -0.000923 -0.000002  0.002001  0.006094 -0.001810 -0.000038
b_Hvalle        -0.002502 -0.005074   0.001650  0.000678 -0.001274 -0.004246 -0.001810  0.054682 -0.000034
b_T_prof         0.000160  0.000033  -0.002082  0.000019 -0.000066 -0.000231 -0.000038 -0.000034  0.000170
b_Hor_trab      -0.000061  0.000669  -0.034502 -0.000258  0.000591  0.000597  0.000084 -0.001650 -0.000046
b_EduBasica      0.002670  0.002805  -0.006982 -0.000189  0.000124 -0.011811  0.001769  0.002880 -0.000292
b_Info_traf     -0.005680 -0.002737  -0.059035  0.000269 -0.001353  0.001895  0.002122  0.001627  0.000078
b_Joven30       -0.003127 -0.003037  -0.129243 -0.000189 -0.002268 -0.007697  0.005019 -0.010932  0.002366
b_Adulto40      -0.004443 -0.004514  -0.105907 -0.000136  0.000458 -0.009409  0.003901  0.001600  0.001481
b_Adulto60      -0.005279 -0.007070  -0.091106 -0.000017 -0.000481 -0.005986  0.003237  0.002348  0.000643
b_USOCINTURON    0.002894 -0.001184  -0.080070 -0.000843  0.000907  0.015832  0.003002 -0.004326  0.000021
b_USODISPMOB     0.000520 -0.000549  -0.029874  0.001663 -0.000919 -0.002073 -0.003668  0.002720 -0.000074
lambda          -0.000991  0.001953  -0.009054 -0.000320  0.000486  0.000777 -0.000628  0.000353  0.000038
gamma_EDUBASICA -0.000314  0.001755   0.004115  0.000209  0.000005 -0.006062 -0.001507 -0.001503  0.000188
gamma_CSECO      0.002983  0.001542  -0.008576 -0.000079  0.000460  0.003113 -0.000343 -0.001096  0.000182
gamma_CONG_EF    0.000225 -0.000884  -0.004668  0.000300 -0.000820  0.000411  0.000178  0.004536 -0.000151
gamma_SININFO   -0.002446 -0.003467   0.003850 -0.000029 -0.000455 -0.000598  0.001111  0.000500 -0.000249
zeta_FRbr       -0.000840  0.000681  -0.003081 -0.000016 -0.000075 -0.001038 -0.000038 -0.000004  0.000037
zeta_EnfCond    -0.000090 -0.000643   0.003288  0.000084 -0.000221 -0.000933 -0.000057  0.000575 -0.000015
zeta_AFrSem     -0.000435  0.000206  -0.001720 -0.000023 -0.000102 -0.000938  0.000140  0.000543  0.000052
zeta_CulFr      -0.000416  0.000329  -0.001545  0.000143 -0.000429 -0.000486 -0.000286  0.000153  0.000070
sigma_FRbr       0.000301 -0.000838   0.000730  0.000022 -0.000248 -0.000107  0.000255  0.000579 -0.000007
sigma_EnfCond    0.000017  0.001688  -0.003151 -0.000084  0.000065  0.001144  0.000019 -0.000446  0.000043
sigma_AFrSem     0.000406 -0.000253  -0.000241  0.000042 -0.000067  0.000033 -0.000419 -0.000642  0.000012
sigma_CulFr      0.000264  0.000268  -0.003164 -0.000119  0.000248  0.000432  0.000282 -0.000568 -0.000021
                b_Hor_trab b_EduBasica b_Info_traf b_Joven30 b_Adulto40 b_Adulto60 b_USOCINTURON
asc_ruta2        -0.000061    0.002670   -0.005680 -0.003127  -0.004443  -0.005279      0.002894
asc_ruta3         0.000669    0.002805   -0.002737 -0.003037  -0.004514  -0.007070     -0.001184
asc_rutaEC       -0.034502   -0.006982   -0.059035 -0.129243  -0.105907  -0.091106     -0.080070
b_time           -0.000258   -0.000189    0.000269 -0.000189  -0.000136  -0.000017     -0.000843
b_dist            0.000591    0.000124   -0.001353 -0.002268   0.000458  -0.000481      0.000907
b_clima           0.000597   -0.011811    0.001895 -0.007697  -0.009409  -0.005986      0.015832
b_cong            0.000084    0.001769    0.002122  0.005019   0.003901   0.003237      0.003002
b_Hvalle         -0.001650    0.002880    0.001627 -0.010932   0.001600   0.002348     -0.004326
b_T_prof         -0.000046   -0.000292    0.000078  0.002366   0.001481   0.000643      0.000021
b_Hor_trab        0.002974   -0.001238    0.002117 -0.000037  -0.000789  -0.001378     -0.000845
b_EduBasica      -0.001238    0.057395    0.001365  0.001432  -0.006586  -0.000258      0.008864
b_Info_traf       0.002117    0.001365    0.090474 -0.000483   0.014851   0.011651     -0.000997
b_Joven30        -0.000037    0.001432   -0.000483  0.320864   0.127963   0.112326     -0.001457
b_Adulto40       -0.000789   -0.006586    0.014851  0.127963   0.167853   0.110102     -0.001050
b_Adulto60       -0.001378   -0.000258    0.011651  0.112326   0.110102   0.130661     -0.005057
b_USOCINTURON    -0.000845    0.008864   -0.000997 -0.001457  -0.001050  -0.005057      0.089840
b_USODISPMOB      0.001090    0.002755   -0.004253 -0.020811  -0.017896  -0.003865      0.001895
lambda            0.000545   -0.001991   -0.002233  0.001032   0.001514   0.001212      0.003817
gamma_EDUBASICA   0.000186   -0.000339    0.002447 -0.001676   0.000969   0.000773     -0.002216
gamma_CSECO       0.000396    0.001865    0.001578  0.001013   0.000979  -0.000752     -0.001282
gamma_CONG_EF     0.000106   -0.003564   -0.002446 -0.000961  -0.000055   0.001114      0.004783
gamma_SININFO    -0.000287   -0.000460   -0.001816 -0.001235  -0.001332  -0.000015      0.003220
zeta_FRbr         0.000246   -0.000130    0.000849  0.000674   0.000410   0.001446     -0.000411
zeta_EnfCond     -0.000144    0.000410   -0.000936  0.000019  -0.001236  -0.001484     -0.000314
zeta_AFrSem       0.000230   -0.000670    0.001584  0.000068  -0.000337   0.000118     -0.001134
zeta_CulFr        0.000126   -0.000330    0.000200  0.000986  -0.000088   0.000299     -0.000983
sigma_FRbr       -0.000063   -0.000054    0.000150  0.000295  -0.000551  -0.000724      0.000802
sigma_EnfCond     0.000081   -0.000282    0.000359  0.001576   0.001228   0.001523     -0.000080
sigma_AFrSem     -0.000060   -0.000238   -0.001366 -0.000224  -0.000409  -0.000135      0.001578
sigma_CulFr       0.000223   -0.000648   -0.000252  0.001854   0.000634   0.000454      0.000649
                b_USODISPMOB    lambda gamma_EDUBASICA gamma_CSECO gamma_CONG_EF gamma_SININFO zeta_FRbr
asc_ruta2           0.000520 -0.000991       -0.000314    0.002983      0.000225     -0.002446 -0.000840
asc_ruta3          -0.000549  0.001953        0.001755    0.001542     -0.000884     -0.003467  0.000681
asc_rutaEC         -0.029874 -0.009054        0.004115   -0.008576     -0.004668      0.003850 -0.003081
b_time              0.001663 -0.000320        0.000209   -0.000079      0.000300     -0.000029 -0.000016
b_dist             -0.000919  0.000486        0.000005    0.000460     -0.000820     -0.000455 -0.000075
b_clima            -0.002073  0.000777       -0.006062    0.003113      0.000411     -0.000598 -0.001038
b_cong             -0.003668 -0.000628       -0.001507   -0.000343      0.000178      0.001111 -0.000038
b_Hvalle            0.002720  0.000353       -0.001503   -0.001096      0.004536      0.000500 -0.000004
b_T_prof           -0.000074  0.000038        0.000188    0.000182     -0.000151     -0.000249  0.000037
b_Hor_trab          0.001090  0.000545        0.000186    0.000396      0.000106     -0.000287  0.000246
b_EduBasica         0.002755 -0.001991       -0.000339    0.001865     -0.003564     -0.000460 -0.000130
b_Info_traf        -0.004253 -0.002233        0.002447    0.001578     -0.002446     -0.001816  0.000849
b_Joven30          -0.020811  0.001032       -0.001676    0.001013     -0.000961     -0.001235  0.000674
b_Adulto40         -0.017896  0.001514        0.000969    0.000979     -0.000055     -0.001332  0.000410
b_Adulto60         -0.003865  0.001212        0.000773   -0.000752      0.001114     -0.000015  0.001446
b_USOCINTURON       0.001895  0.003817       -0.002216   -0.001282      0.004783      0.003220 -0.000411
b_USODISPMOB        0.066898 -0.003623       -0.000400    0.001409      0.003279     -0.001991  0.000387
lambda             -0.003623  0.014434       -0.000407    0.002675      0.002006     -0.002287  0.000309
gamma_EDUBASICA    -0.000400 -0.000407        0.012004    0.000588      0.001067     -0.008006  0.000400
gamma_CSECO         0.001409  0.002675        0.000588    0.013519      0.002831     -0.011197  0.001959
gamma_CONG_EF       0.003279  0.002006        0.001067    0.002831      0.036732     -0.007827  0.002804
gamma_SININFO      -0.001991 -0.002287       -0.008006   -0.011197     -0.007827      0.017784 -0.001331
zeta_FRbr           0.000387  0.000309        0.000400    0.001959      0.002804     -0.001331  0.002608
zeta_EnfCond        0.001065 -0.000738       -0.000678   -0.000018      0.001201      0.000731  0.000643
zeta_AFrSem         0.000222  0.000172        0.000051    0.002160      0.002600     -0.001334  0.001637
zeta_CulFr          0.000232  0.000237       -0.000014    0.000932      0.001795     -0.000863  0.001108
sigma_FRbr         -0.001374  0.000091       -0.000428   -0.000183     -0.000760      0.000619 -0.001137
sigma_EnfCond      -0.000592  0.000608        0.001320    0.001403      0.000321     -0.001494  0.000807
sigma_AFrSem        0.000627  0.000462       -0.000198    0.000462     -0.000494      0.000285  0.000251
sigma_CulFr        -0.000221  0.000128       -0.000107   -0.000142     -0.000507      0.000313 -0.000135
                zeta_EnfCond zeta_AFrSem zeta_CulFr sigma_FRbr sigma_EnfCond sigma_AFrSem sigma_CulFr
asc_ruta2          -0.000090   -0.000435  -0.000416   0.000301      0.000017     0.000406    0.000264
asc_ruta3          -0.000643    0.000206   0.000329  -0.000838      0.001688    -0.000253    0.000268
asc_rutaEC          0.003288   -0.001720  -0.001545   0.000730     -0.003151    -0.000241   -0.003164
b_time              0.000084   -0.000023   0.000143   0.000022     -0.000084     0.000042   -0.000119
b_dist             -0.000221   -0.000102  -0.000429  -0.000248      0.000065    -0.000067    0.000248
b_clima            -0.000933   -0.000938  -0.000486  -0.000107      0.001144     0.000033    0.000432
b_cong             -0.000057    0.000140  -0.000286   0.000255      0.000019    -0.000419    0.000282
b_Hvalle            0.000575    0.000543   0.000153   0.000579     -0.000446    -0.000642   -0.000568
b_T_prof           -0.000015    0.000052   0.000070  -0.000007      0.000043     0.000012   -0.000021
b_Hor_trab         -0.000144    0.000230   0.000126  -0.000063      0.000081    -0.000060    0.000223
b_EduBasica         0.000410   -0.000670  -0.000330  -0.000054     -0.000282    -0.000238   -0.000648
b_Info_traf        -0.000936    0.001584   0.000200   0.000150      0.000359    -0.001366   -0.000252
b_Joven30           0.000019    0.000068   0.000986   0.000295      0.001576    -0.000224    0.001854
b_Adulto40         -0.001236   -0.000337  -0.000088  -0.000551      0.001228    -0.000409    0.000634
b_Adulto60         -0.001484    0.000118   0.000299  -0.000724      0.001523    -0.000135    0.000454
b_USOCINTURON      -0.000314   -0.001134  -0.000983   0.000802     -0.000080     0.001578    0.000649
b_USODISPMOB        0.001065    0.000222   0.000232  -0.001374     -0.000592     0.000627   -0.000221
lambda             -0.000738    0.000172   0.000237   0.000091      0.000608     0.000462    0.000128
gamma_EDUBASICA    -0.000678    0.000051  -0.000014  -0.000428      0.001320    -0.000198   -0.000107
gamma_CSECO        -0.000018    0.002160   0.000932  -0.000183      0.001403     0.000462   -0.000142
gamma_CONG_EF       0.001201    0.002600   0.001795  -0.000760      0.000321    -0.000494   -0.000507
gamma_SININFO       0.000731   -0.001334  -0.000863   0.000619     -0.001494     0.000285    0.000313
zeta_FRbr           0.000643    0.001637   0.001108  -0.001137      0.000807     0.000251   -0.000135
zeta_EnfCond        0.002195    0.000683   0.000257  -0.000050     -0.000656    -0.000038   -0.000084
zeta_AFrSem         0.000683    0.002677   0.000826  -0.000246      0.000393    -0.000616    0.000047
zeta_CulFr          0.000257    0.000826   0.002112  -0.000232      0.000377     0.000196   -0.000629
sigma_FRbr         -0.000050   -0.000246  -0.000232   0.002380     -0.000387    -0.000173    0.000026
sigma_EnfCond      -0.000656    0.000393   0.000377  -0.000387      0.002378     0.000486   -0.000056
sigma_AFrSem       -0.000038   -0.000616   0.000196  -0.000173      0.000486     0.001853   -0.000307
sigma_CulFr        -0.000084    0.000047  -0.000629   0.000026     -0.000056    -0.000307    0.001187

Classical correlation matrix:
                asc_ruta2 asc_ruta3 asc_rutaEC    b_time    b_dist   b_clima    b_cong  b_Hvalle  b_T_prof
asc_ruta2        1.000000  0.232559   0.040178 -0.144686  0.032536  0.027844  0.077924  0.010549 -0.004554
asc_ruta3        0.232559  1.000000   0.023933 -0.215619  0.094282  0.029545  0.077043  0.002840 -0.003741
asc_rutaEC       0.040178  0.023933   1.000000  0.089430 -0.047688 -0.393416 -0.083114  0.004505 -0.211579
b_time          -0.144686 -0.215619   0.089430  1.000000 -0.485468 -0.100187 -0.380980 -0.037749 -0.006609
b_dist           0.032536  0.094282  -0.047688 -0.485468  1.000000  0.089043  0.016590  0.000897  0.015427
b_clima          0.027844  0.029545  -0.393416 -0.100187  0.089043  1.000000  0.074258 -0.062580 -0.007199
b_cong           0.077924  0.077043  -0.083114 -0.380980  0.016590  0.074258  1.000000 -0.072899 -0.034412
b_Hvalle         0.010549  0.002840   0.004505 -0.037749  0.000897 -0.062580 -0.072899  1.000000 -0.003254
b_T_prof        -0.004554 -0.003741  -0.211579 -0.006609  0.015427 -0.007199 -0.034412 -0.003254  1.000000
b_Hor_trab       0.015479  0.027450  -0.714334 -0.129957  0.072249 -0.008266  0.005289 -0.106241 -0.064776
b_EduBasica      0.004409  0.002478  -0.035301 -0.009559  0.008638 -0.138749  0.117694  0.042364 -0.126795
b_Info_traf      0.004257  0.003670  -0.158718 -0.016963 -0.008959 -0.031861  0.066289  0.013237 -0.001568
b_Joven30       -0.005645 -0.003356  -0.307518 -0.028495  0.015363  0.010910  0.121598 -0.019538  0.334683
b_Adulto40      -0.002979 -0.005188  -0.285553 -0.000904  0.029595 -0.059915  0.099956  0.036270  0.304875
b_Adulto60      -0.002502 -0.004390  -0.269130 -0.020092  0.028126 -0.037515  0.082696  0.036236  0.163943
b_USOCINTURON    0.021656  0.024232  -0.302902 -0.097817  0.021994  0.173015  0.108649 -0.051280  0.011342
b_USODISPMOB    -0.025363 -0.026604  -0.079360  0.132467  0.014266 -0.012136 -0.158293  0.027660  0.010867
lambda          -0.003668 -0.002081  -0.106072  0.006109 -0.022791  0.062413 -0.113890  0.027009 -0.003583
gamma_EDUBASICA  0.000009  0.000007   0.000262 -0.000017  0.000068 -0.000144  0.000333 -0.000123  0.000043
gamma_CSECO     -0.000075 -0.000045  -0.001980  0.000131 -0.000442  0.000967 -0.002260  0.000566 -0.000030
gamma_CONG_EF   -0.000035 -0.000025  -0.001004  0.000065 -0.000239  0.000599 -0.000888  0.000257 -0.000035
gamma_SININFO    0.000060  0.000037   0.001590 -0.000112  0.000348 -0.000781  0.001708 -0.000397  0.000003
zeta_FRbr       -0.000034 -0.000019  -0.000966  0.000049 -0.000197  0.000535 -0.001087  0.000306  0.000010
zeta_EnfCond    -0.000032 -0.000013  -0.000983  0.000031 -0.000188  0.000637 -0.001109  0.000307 -0.000046
zeta_AFrSem     -0.000035 -0.000016  -0.001097  0.000029 -0.000221  0.000696 -0.001190  0.000292 -0.000025
zeta_CulFr      -0.000037 -0.000020  -0.001161  0.000045 -0.000228  0.000672 -0.001190  0.000346 -0.000032
sigma_FRbr      -0.000009  0.000002  -0.000452 -0.000020 -0.000079  0.000402 -0.000408  0.000079 -0.000086
sigma_EnfCond    0.000002 -0.000004   0.000105  0.000006  0.000005 -0.000150  0.000182 -0.000061  0.000056
sigma_AFrSem    -0.000007 -0.000008  -0.000113  0.000037 -0.000018 -0.000036 -0.000148  0.000126  0.000013
sigma_CulFr      0.000019  0.000011   0.000608 -0.000025  0.000117 -0.000330  0.000556 -0.000184  0.000026
                b_Hor_trab b_EduBasica b_Info_traf b_Joven30 b_Adulto40 b_Adulto60 b_USOCINTURON
asc_ruta2         0.015479    0.004409    0.004257 -0.005645  -0.002979  -0.002502      0.021656
asc_ruta3         0.027450    0.002478    0.003670 -0.003356  -0.005188  -0.004390      0.024232
asc_rutaEC       -0.714334   -0.035301   -0.158718 -0.307518  -0.285553  -0.269130     -0.302902
b_time           -0.129957   -0.009559   -0.016963 -0.028495  -0.000904  -0.020092     -0.097817
b_dist            0.072249    0.008638   -0.008959  0.015363   0.029595   0.028126      0.021994
b_clima          -0.008266   -0.138749   -0.031861  0.010910  -0.059915  -0.037515      0.173015
b_cong            0.005289    0.117694    0.066289  0.121598   0.099956   0.082696      0.108649
b_Hvalle         -0.106241    0.042364    0.013237 -0.019538   0.036270   0.036236     -0.051280
b_T_prof         -0.064776   -0.126795   -0.001568  0.334683   0.304875   0.163943      0.011342
b_Hor_trab        1.000000   -0.100136    0.104762  0.012695  -0.050651  -0.084981     -0.037106
b_EduBasica      -0.100136    1.000000    0.013367 -0.024195  -0.050890  -0.011042      0.148851
b_Info_traf       0.104762    0.013367    1.000000  0.027270   0.074441   0.032199      0.050303
b_Joven30         0.012695   -0.024195    0.027270  1.000000   0.554160   0.545393      0.026116
b_Adulto40       -0.050651   -0.050890    0.074441  0.554160   1.000000   0.747371     -0.051501
b_Adulto60       -0.084981   -0.011042    0.032199  0.545393   0.747371   1.000000     -0.082684
b_USOCINTURON    -0.037106    0.148851    0.050303  0.026116  -0.051501  -0.082684      1.000000
b_USODISPMOB      0.019795   -0.007294   -0.102752 -0.138408  -0.181296  -0.059574      0.033124
lambda            0.097995   -0.083006   -0.081416  0.014742  -0.008723  -0.010309      0.105223
gamma_EDUBASICA  -0.000282    0.000470    0.000348 -0.000040   0.000029   0.000018     -0.000344
gamma_CSECO       0.001917   -0.001656   -0.001434  0.000295  -0.000165  -0.000195      0.002057
gamma_CONG_EF     0.000920   -0.000767   -0.000710  0.000117  -0.000109  -0.000121      0.000978
gamma_SININFO    -0.001499    0.001159    0.000987 -0.000221   0.000134   0.000173     -0.001565
zeta_FRbr         0.000862   -0.000718   -0.000744  0.000161  -0.000031  -0.000036      0.000946
zeta_EnfCond      0.000896   -0.000798   -0.000796  0.000102  -0.000118  -0.000117      0.000988
zeta_AFrSem       0.000994   -0.000922   -0.000827  0.000166  -0.000094  -0.000097      0.001087
zeta_CulFr        0.001069   -0.000937   -0.000939  0.000190  -0.000080  -0.000078      0.001145
sigma_FRbr        0.000445   -0.000506   -0.000360  0.000018  -0.000142  -0.000138      0.000474
sigma_EnfCond    -0.000106    0.000111    0.000147  0.000069   0.000096   0.000090     -0.000134
sigma_AFrSem      0.000099    0.000047   -0.000151  0.000008   0.000032   0.000033      0.000107
sigma_CulFr      -0.000576    0.000501    0.000527 -0.000115   0.000037   0.000033     -0.000596
                b_USODISPMOB    lambda gamma_EDUBASICA gamma_CSECO gamma_CONG_EF gamma_SININFO zeta_FRbr
asc_ruta2          -0.025363 -0.003668        0.000009   -0.000075     -0.000035      0.000060 -0.000034
asc_ruta3          -0.026604 -0.002081        0.000007   -0.000045     -0.000025      0.000037 -0.000019
asc_rutaEC         -0.079360 -0.106072        0.000262   -0.001980     -0.001004      0.001590 -0.000966
b_time              0.132467  0.006109       -0.000017    0.000131      0.000065     -0.000112  0.000049
b_dist              0.014266 -0.022791        0.000068   -0.000442     -0.000239      0.000348 -0.000197
b_clima            -0.012136  0.062413       -0.000144    0.000967      0.000599     -0.000781  0.000535
b_cong             -0.158293 -0.113890        0.000333   -0.002260     -0.000888      0.001708 -0.001087
b_Hvalle            0.027660  0.027009       -0.000123    0.000566      0.000257     -0.000397  0.000306
b_T_prof            0.010867 -0.003583        0.000043   -0.000030     -0.000035      0.000003  0.000010
b_Hor_trab          0.019795  0.097995       -0.000282    0.001917      0.000920     -0.001499  0.000862
b_EduBasica        -0.007294 -0.083006        0.000470   -0.001656     -0.000767      0.001159 -0.000718
b_Info_traf        -0.102752 -0.081416        0.000348   -0.001434     -0.000710      0.000987 -0.000744
b_Joven30          -0.138408  0.014742       -0.000040    0.000295      0.000117     -0.000221  0.000161
b_Adulto40         -0.181296 -0.008723        0.000029   -0.000165     -0.000109      0.000134 -0.000031
b_Adulto60         -0.059574 -0.010309        0.000018   -0.000195     -0.000121      0.000173 -0.000036
b_USOCINTURON       0.033124  0.105223       -0.000344    0.002057      0.000978     -0.001565  0.000946
b_USODISPMOB        1.000000 -0.047189        0.000140   -0.000920     -0.000403      0.000704 -0.000407
lambda             -0.047189  1.000000       -0.002692    0.019238      0.009194     -0.014898  0.007437
gamma_EDUBASICA     0.000140 -0.002692        1.000000   -0.147071      0.182186     -0.489652 -0.144846
gamma_CSECO        -0.000920  0.019238       -0.147071    1.000000     -0.089159     -0.562475  0.093703
gamma_CONG_EF      -0.000403  0.009194        0.182186   -0.089159      1.000000     -0.287929 -0.033394
gamma_SININFO       0.000704 -0.014898       -0.489652   -0.562475     -0.287929      1.000000 -0.023235
zeta_FRbr          -0.000407  0.007437       -0.144846    0.093703     -0.033394     -0.023235  1.000000
zeta_EnfCond       -0.000422  0.008315       -0.137398    0.033061     -0.028468      0.012582  0.407189
zeta_AFrSem        -0.000477  0.009004       -0.136437    0.094355      0.004121     -0.046215  0.533081
zeta_CulFr         -0.000511  0.009984       -0.112846    0.052792     -0.016202     -0.003066  0.346504
sigma_FRbr         -0.000220  0.004881       -0.015244   -0.037017      0.019091      0.012814 -0.283432
sigma_EnfCond       0.000042 -0.001448        0.026286    0.063495      0.012694     -0.053523  0.097830
