Model run using Apollo for R, version 0.1.0 
www.ApolloChoiceModelling.com

Model name                       : Prospective Simple 3Rutas
Model description                : Modelos Prospectivo en Eleccion de Ruta
Model run at                     : 2021-02-26 22:35:39
Estimation method                : bfgs
Model diagnosis                  : successful convergence 
Number of individuals            : 226
Number of observations           : 226

Number of cores used             :  1 
Model without mixing

LL(start)                        : -244.4702
LL(0)                            : -248.2864
LL(final)                        : -208.9308
Rho-square (0)                   :  0.1585 
Adj.Rho-square (0)               :  0.1021 
AIC                              :  445.86 
BIC                              :  493.75 
Estimated parameters             :  14
Time taken (hh:mm:ss)            :  00:00:17.33 
Iterations                       :  22 
Min abs eigenvalue of hessian    :  0.591083 

Estimates:
           Estimate Std.err. t.ratio(0) p-val(0) Rob.std.err. Rob.t.ratio(0) Rob.p-val(0)
asc_ruta1    1.0882   0.2164       5.03    0.000       0.2297           4.74        0.000
asc_ruta2    0.0000       NA         NA       NA           NA             NA           NA
asc_ruta4    0.2630   0.5736       0.46    0.647       0.5731           0.46        0.646
b_gain      -0.9588   0.7405      -1.29    0.195       0.7397          -1.30        0.195
b_loss      -0.4235   0.1275      -3.32    0.001       0.1301          -3.25        0.001
b_dt         0.1417   0.2672       0.53    0.596       0.2646           0.54        0.592
b_Sem        0.4542   0.1994       2.28    0.023       0.1698           2.68        0.007
b_ACC_0      0.0000       NA         NA       NA           NA             NA           NA
b_ACC_1     -0.5661   0.3577      -1.58    0.113       0.3424          -1.65        0.098
b_ACC_2     -2.3550   1.2999      -1.81    0.070       0.7352          -3.20        0.001
b_NO_CAMFD   0.0000       NA         NA       NA           NA             NA           NA
b_SI_CAMFD  -0.4678   0.3412      -1.37    0.170       0.3530          -1.33        0.185
b_NO_PANEL   0.0000       NA         NA       NA           NA             NA           NA
b_SI_PANEL  -0.5117   0.2500      -2.05    0.041       0.2206          -2.32        0.020
b_NO_ZER     0.0000       NA         NA       NA           NA             NA           NA
b_SI_ZER     0.0624   0.2897       0.22    0.829       0.2656           0.24        0.814
b_No_MTRP    0.0000       NA         NA       NA           NA             NA           NA
b_Si_MTRP    0.3999   0.3821       1.05    0.295       0.4032           0.99        0.321
b_No_Info   -0.3365   0.3605      -0.93    0.351       0.3809          -0.88        0.377
b_Si_Info    0.0000       NA         NA       NA           NA             NA           NA
b_UsoCel_P   0.0000       NA         NA       NA           NA             NA           NA
b_UsoCel_F   0.1914   0.3812       0.50    0.616       0.3557           0.54        0.591

Overview of choices for model component "MNL"
                                  ruta1  ruta2 rutaEC
Times available                  226.00 226.00 226.00
Times chosen                      92.00  36.00  98.00
Percentage chosen overall         40.71  15.93  43.36
Percentage chosen when available  40.71  15.93  43.36


Classical covariance matrix:
            asc_ruta1  asc_ruta4     b_gain     b_loss       b_dt      b_Sem    b_ACC_1    b_ACC_2
asc_ruta1      0.0468     0.0255    -0.0215    -0.0041     0.0161     0.0050    -0.0045    -0.0047
asc_ruta4      0.0255     0.3290     0.0043     0.0078     0.0128     0.0005     0.0109    -0.0078
b_gain        -0.0215     0.0043     0.5484    -0.0097    -0.0330     0.0245     0.0100    -0.0044
b_loss        -0.0041     0.0078    -0.0097     0.0163     0.0004     0.0003    -0.0017     0.0072
b_dt           0.0161     0.0128    -0.0330     0.0004     0.0714     0.0137    -0.0084     0.0012
b_Sem          0.0050     0.0005     0.0245     0.0003     0.0137     0.0398    -0.0051     0.0138
b_ACC_1       -0.0045     0.0109     0.0100    -0.0017    -0.0084    -0.0051     0.1279     0.0453
b_ACC_2       -0.0047    -0.0078    -0.0044     0.0072     0.0012     0.0138     0.0453     1.6897
b_SI_CAMFD    -0.0043     0.1013     0.0123    -0.0021    -0.0090    -0.0009     0.0099    -0.0093
b_SI_PANEL    -0.0005    -0.0052    -0.0162    -0.0004     0.0042    -0.0007    -0.0030     0.0208
b_SI_ZER      -0.0035    -0.0115     0.0037     0.0024    -0.0101    -0.0028    -0.0041     0.0102
b_Si_MTRP     -0.0076    -0.0169     0.0143    -0.0020    -0.0178    -0.0091     0.0090    -0.0161
b_No_Info      0.0002    -0.1132     0.0100     0.0014    -0.0025    -0.0014    -0.0088     0.0036
b_UsoCel_F     0.0026    -0.1304    -0.0086    -0.0036     0.0036    -0.0023    -0.0001     0.0043
           b_SI_CAMFD b_SI_PANEL   b_SI_ZER  b_Si_MTRP  b_No_Info b_UsoCel_F
asc_ruta1     -0.0043    -0.0005    -0.0035    -0.0076     0.0002     0.0026
asc_ruta4      0.1013    -0.0052    -0.0115    -0.0169    -0.1132    -0.1304
b_gain         0.0123    -0.0162     0.0037     0.0143     0.0100    -0.0086
b_loss        -0.0021    -0.0004     0.0024    -0.0020     0.0014    -0.0036
b_dt          -0.0090     0.0042    -0.0101    -0.0178    -0.0025     0.0036
b_Sem         -0.0009    -0.0007    -0.0028    -0.0091    -0.0014    -0.0023
b_ACC_1        0.0099    -0.0030    -0.0041     0.0090    -0.0088    -0.0001
b_ACC_2       -0.0093     0.0208     0.0102    -0.0161     0.0036     0.0043
b_SI_CAMFD     0.1164    -0.0056    -0.0038    -0.0042    -0.0064    -0.0056
b_SI_PANEL    -0.0056     0.0625     0.0008    -0.0047     0.0078     0.0022
b_SI_ZER      -0.0038     0.0008     0.0839    -0.0018     0.0012     0.0083
b_Si_MTRP     -0.0042    -0.0047    -0.0018     0.1460    -0.0009    -0.0025
b_No_Info     -0.0064     0.0078     0.0012    -0.0009     0.1300     0.0085
b_UsoCel_F    -0.0056     0.0022     0.0083    -0.0025     0.0085     0.1453

Robust covariance matrix:
            asc_ruta1  asc_ruta4     b_gain     b_loss       b_dt      b_Sem    b_ACC_1    b_ACC_2
asc_ruta1      0.0528     0.0308    -0.0369    -0.0037     0.0255     0.0040    -0.0124     0.0060
asc_ruta4      0.0308     0.3285     0.0083     0.0106     0.0344    -0.0059    -0.0023    -0.0302
b_gain        -0.0369     0.0083     0.5472    -0.0056    -0.0384     0.0196     0.0045    -0.0159
b_loss        -0.0037     0.0106    -0.0056     0.0169    -0.0003     0.0018    -0.0028    -0.0010
b_dt           0.0255     0.0344    -0.0384    -0.0003     0.0700     0.0089    -0.0149     0.0134
b_Sem          0.0040    -0.0059     0.0196     0.0018     0.0089     0.0288    -0.0071     0.0025
b_ACC_1       -0.0124    -0.0023     0.0045    -0.0028    -0.0149    -0.0071     0.1172     0.0183
b_ACC_2        0.0060    -0.0302    -0.0159    -0.0010     0.0134     0.0025     0.0183     0.5405
b_SI_CAMFD    -0.0083     0.1028     0.0450     0.0017    -0.0054    -0.0010    -0.0008    -0.0270
b_SI_PANEL     0.0037     0.0099     0.0066    -0.0027     0.0074     0.0018    -0.0008     0.0101
b_SI_ZER       0.0012    -0.0175    -0.0263     0.0039    -0.0060     0.0015    -0.0174     0.0185
b_Si_MTRP     -0.0179    -0.0492     0.0255    -0.0050    -0.0338    -0.0008     0.0243    -0.0196
b_No_Info     -0.0066    -0.1300     0.0372    -0.0030    -0.0128     0.0014    -0.0175     0.0085
b_UsoCel_F     0.0078    -0.0855    -0.0003     0.0009     0.0070     0.0038    -0.0010     0.0239
           b_SI_CAMFD b_SI_PANEL   b_SI_ZER  b_Si_MTRP  b_No_Info b_UsoCel_F
asc_ruta1     -0.0083     0.0037     0.0012    -0.0179    -0.0066     0.0078
asc_ruta4      0.1028     0.0099    -0.0175    -0.0492    -0.1300    -0.0855
b_gain         0.0450     0.0066    -0.0263     0.0255     0.0372    -0.0003
b_loss         0.0017    -0.0027     0.0039    -0.0050    -0.0030     0.0009
b_dt          -0.0054     0.0074    -0.0060    -0.0338    -0.0128     0.0070
b_Sem         -0.0010     0.0018     0.0015    -0.0008     0.0014     0.0038
b_ACC_1       -0.0008    -0.0008    -0.0174     0.0243    -0.0175    -0.0010
b_ACC_2       -0.0270     0.0101     0.0185    -0.0196     0.0085     0.0239
b_SI_CAMFD     0.1246     0.0030    -0.0071    -0.0147    -0.0049     0.0097
b_SI_PANEL     0.0030     0.0487    -0.0077    -0.0040     0.0029     0.0015
b_SI_ZER      -0.0071    -0.0077     0.0705    -0.0031     0.0038     0.0147
b_Si_MTRP     -0.0147    -0.0040    -0.0031     0.1626     0.0013     0.0003
b_No_Info     -0.0049     0.0029     0.0038     0.0013     0.1451    -0.0004
b_UsoCel_F     0.0097     0.0015     0.0147     0.0003    -0.0004     0.1265

Classical correlation matrix:
            asc_ruta1  asc_ruta4     b_gain     b_loss       b_dt      b_Sem    b_ACC_1    b_ACC_2
asc_ruta1      1.0000     0.2055    -0.1339    -0.1473     0.2787     0.1162    -0.0585    -0.0168
asc_ruta4      0.2055     1.0000     0.0101     0.1061     0.0837     0.0042     0.0531    -0.0105
b_gain        -0.1339     0.0101     1.0000    -0.1031    -0.1667     0.1656     0.0377    -0.0046
b_loss        -0.1473     0.1061    -0.1031     1.0000     0.0110     0.0100    -0.0379     0.0432
b_dt           0.2787     0.0837    -0.1667     0.0110     1.0000     0.2563    -0.0878     0.0034
b_Sem          0.1162     0.0042     0.1656     0.0100     0.2563     1.0000    -0.0716     0.0530
b_ACC_1       -0.0585     0.0531     0.0377    -0.0379    -0.0878    -0.0716     1.0000     0.0973
b_ACC_2       -0.0168    -0.0105    -0.0046     0.0432     0.0034     0.0530     0.0973     1.0000
b_SI_CAMFD    -0.0587     0.5178     0.0486    -0.0483    -0.0985    -0.0132     0.0812    -0.0209
b_SI_PANEL    -0.0101    -0.0360    -0.0878    -0.0135     0.0630    -0.0132    -0.0336     0.0641
b_SI_ZER      -0.0565    -0.0692     0.0174     0.0642    -0.1307    -0.0489    -0.0394     0.0271
b_Si_MTRP     -0.0920    -0.0771     0.0506    -0.0405    -0.1746    -0.1198     0.0661    -0.0325
b_No_Info      0.0025    -0.5473     0.0373     0.0301    -0.0261    -0.0201    -0.0681     0.0077
b_UsoCel_F     0.0317    -0.5963    -0.0304    -0.0750     0.0358    -0.0298    -0.0010     0.0088
           b_SI_CAMFD b_SI_PANEL   b_SI_ZER  b_Si_MTRP  b_No_Info b_UsoCel_F
asc_ruta1     -0.0587    -0.0101    -0.0565    -0.0920     0.0025     0.0317
asc_ruta4      0.5178    -0.0360    -0.0692    -0.0771    -0.5473    -0.5963
b_gain         0.0486    -0.0878     0.0174     0.0506     0.0373    -0.0304
b_loss        -0.0483    -0.0135     0.0642    -0.0405     0.0301    -0.0750
b_dt          -0.0985     0.0630    -0.1307    -0.1746    -0.0261     0.0358
b_Sem         -0.0132    -0.0132    -0.0489    -0.1198    -0.0201    -0.0298
b_ACC_1        0.0812    -0.0336    -0.0394     0.0661    -0.0681    -0.0010
b_ACC_2       -0.0209     0.0641     0.0271    -0.0325     0.0077     0.0088
b_SI_CAMFD     1.0000    -0.0659    -0.0383    -0.0325    -0.0521    -0.0431
b_SI_PANEL    -0.0659     1.0000     0.0111    -0.0497     0.0862     0.0229
b_SI_ZER      -0.0383     0.0111     1.0000    -0.0162     0.0110     0.0748
b_Si_MTRP     -0.0325    -0.0497    -0.0162     1.0000    -0.0064    -0.0172
b_No_Info     -0.0521     0.0862     0.0110    -0.0064     1.0000     0.0616
b_UsoCel_F    -0.0431     0.0229     0.0748    -0.0172     0.0616     1.0000

Robust correlation matrix:
            asc_ruta1  asc_ruta4     b_gain     b_loss       b_dt      b_Sem    b_ACC_1    b_ACC_2
asc_ruta1      1.0000     0.2336    -0.2171    -0.1235     0.4190     0.1032    -0.1577     0.0354
asc_ruta4      0.2336     1.0000     0.0196     0.1418     0.2272    -0.0609    -0.0115    -0.0717
b_gain        -0.2171     0.0196     1.0000    -0.0579    -0.1960     0.1563     0.0177    -0.0292
b_loss        -0.1235     0.1418    -0.0579     1.0000    -0.0093     0.0802    -0.0620    -0.0106
b_dt           0.4190     0.2272    -0.1960    -0.0093     1.0000     0.1982    -0.1643     0.0687
b_Sem          0.1032    -0.0609     0.1563     0.0802     0.1982     1.0000    -0.1227     0.0200
b_ACC_1       -0.1577    -0.0115     0.0177    -0.0620    -0.1643    -0.1227     1.0000     0.0729
b_ACC_2        0.0354    -0.0717    -0.0292    -0.0106     0.0687     0.0200     0.0729     1.0000
b_SI_CAMFD    -0.1030     0.5082     0.1723     0.0361    -0.0581    -0.0167    -0.0069    -0.1040
b_SI_PANEL     0.0726     0.0782     0.0407    -0.0929     0.1270     0.0478    -0.0101     0.0620
b_SI_ZER       0.0191    -0.1148    -0.1338     0.1126    -0.0848     0.0327    -0.1918     0.0947
b_Si_MTRP     -0.1929    -0.2128     0.0853    -0.0961    -0.3167    -0.0115     0.1764    -0.0662
b_No_Info     -0.0751    -0.5956     0.1319    -0.0596    -0.1271     0.0223    -0.1344     0.0304
b_UsoCel_F     0.0955    -0.4194    -0.0010     0.0202     0.0740     0.0637    -0.0082     0.0915
           b_SI_CAMFD b_SI_PANEL   b_SI_ZER  b_Si_MTRP  b_No_Info b_UsoCel_F
asc_ruta1     -0.1030     0.0726     0.0191    -0.1929    -0.0751     0.0955
asc_ruta4      0.5082     0.0782    -0.1148    -0.2128    -0.5956    -0.4194
b_gain         0.1723     0.0407    -0.1338     0.0853     0.1319    -0.0010
b_loss         0.0361    -0.0929     0.1126    -0.0961    -0.0596     0.0202
b_dt          -0.0581     0.1270    -0.0848    -0.3167    -0.1271     0.0740
b_Sem         -0.0167     0.0478     0.0327    -0.0115     0.0223     0.0637
b_ACC_1       -0.0069    -0.0101    -0.1918     0.1764    -0.1344    -0.0082
b_ACC_2       -0.1040     0.0620     0.0947    -0.0662     0.0304     0.0915
b_SI_CAMFD     1.0000     0.0390    -0.0757    -0.1031    -0.0363     0.0771
b_SI_PANEL     0.0390     1.0000    -0.1314    -0.0447     0.0343     0.0191
b_SI_ZER      -0.0757    -0.1314     1.0000    -0.0291     0.0379     0.1555
b_Si_MTRP     -0.1031    -0.0447    -0.0291     1.0000     0.0086     0.0019
b_No_Info     -0.0363     0.0343     0.0379     0.0086     1.0000    -0.0031
b_UsoCel_F     0.0771     0.0191     0.1555     0.0019    -0.0031     1.0000

 20 worst outliers in terms of lowest average per choice prediction:
 row Avg prob per choice
 127          0.05389710
 167          0.09466023
 149          0.09828151
  73          0.12691910
 210          0.12775772
   6          0.13016545
  84          0.13129859
 134          0.13138515
  28          0.13806671
  49          0.14024061
 117          0.14431732
 178          0.15105275
  57          0.15656490
 204          0.15660124
  38          0.15997293
  41          0.16131283
  76          0.16135069
 141          0.16173276
  33          0.16729679
  14          0.17237154

Changes in parameter estimates from starting values:
           Initial Estimate Difference
asc_ruta1        0   1.0882     1.0882
asc_ruta2        0   0.0000     0.0000
asc_ruta4        0   0.2630     0.2630
b_gain           0  -0.9588    -0.9588
b_loss           0  -0.4235    -0.4235
b_dt             0   0.1417     0.1417
b_Sem            0   0.4542     0.4542
b_ACC_0          0   0.0000     0.0000
b_ACC_1         -1  -0.5661     0.4339
b_ACC_2          0  -2.3550    -2.3550
b_NO_CAMFD       0   0.0000     0.0000
b_SI_CAMFD       0  -0.4678    -0.4678
b_NO_PANEL       0   0.0000     0.0000
b_SI_PANEL      -1  -0.5117     0.4883
b_NO_ZER         0   0.0000     0.0000
b_SI_ZER         0   0.0624     0.0624
b_No_MTRP        0   0.0000     0.0000
b_Si_MTRP        0   0.3999     0.3999
b_No_Info        0  -0.3365    -0.3365
b_Si_Info        0   0.0000     0.0000
b_UsoCel_P       0   0.0000     0.0000
b_UsoCel_F       0   0.1914     0.1914
