"","asc_ruta1","asc_ruta2","asc_rutaEC","b_tt","b_dt","b_CongAB","b_CongCD","b_Sem_1","b_Sem_2","b_ACC_0","b_ACC_1","b_SI_CAMFD","b_SI_PANEL","b_SI_ZER","b_Si_MTRP","lambda1","lambda2","lambda3","gamma_USOCINTURON","gamma_USODISPMOB","gamma_ADULTO40","gamma_EXP_1","gamma_HPICO","gamma_LV1","gamma_EDUBASICA","gamma_JOVEN30","gamma_EXP_2","gamma_HTRB_2","gamma_HTRB_3","gamma_HTRB_4","gamma_LV2","zeta_FRbr","zeta_EnfCond","zeta_AFrSem","zeta_CulFr","zeta_OmLmVel","zeta_IgPare","zeta_UsoCel","zeta_PasoPeaton","zeta_UsoDirec","zeta_UsoPito","tau_FRbr_1","tau_FRbr_2","tau_FRbr_3","tau_FRbr_4","tau_EnfCond_1","tau_EnfCond_2","tau_EnfCond_3","tau_EnfCond_4","tau_AFrSem_1","tau_AFrSem_2","tau_AFrSem_3","tau_AFrSem_4","tau_CulFr_1","tau_CulFr_2","tau_CulFr_3","tau_CulFr_4","tau_OmLmVel_1","tau_OmLmVel_2","tau_OmLmVel_3","tau_OmLmVel_4","tau_IgPare_1","tau_IgPare_2","tau_IgPare_3","tau_IgPare_4","tau_UsoCel_1","tau_UsoCel_2","tau_UsoCel_3","tau_UsoCel_4","tau_PasoPeaton_1","tau_PasoPeaton_2","tau_PasoPeaton_3","tau_PasoPeaton_4","tau_UsoDirec_1","tau_UsoDirec_2","tau_UsoDirec_3","tau_UsoDirec_4","tau_UsoPito_1","tau_UsoPito_2","tau_UsoPito_3","tau_UsoPito_4"
"asc_ruta1",0.167855298580475,0.104817162036057,0.21538038884015,0.0202175561521429,-0.024755931842078,-0.000193747806224284,-0.00868094222383195,-0.0269307061725617,-0.0305781319023421,-0.0799608047635316,-0.1059793430912,-0.0200752608756054,0.00955783462914451,-0.0630975963878474,0.0304681608715073,0.269347743512542,-0.0422767625394066,0.00291355669026078,-0.00107869223235702,0.00357651503404758,-0.00551463048285794,0.0154366136953217,-0.00235746266562136,0.0227843524568931,0.00826762579873334,-0.012806338734607,0.00751021990097822,-0.0444515630747797,-0.0474095551150171,-0.0458049554797517,-0.00127111302282422,0.00382559791304408,-0.00171373241551685,0.00241741843251263,-0.00239303066710401,-0.00640712057339225,-0.0112976475779085,0.00372790387961861,0.000776083863188313,-0.0190454914981067,-0.0017046285173081,0.00354184672981107,0.00948461972139959,0.0102915240221992,0.0135188072231751,0.00523357575171989,0.00420963013013095,0.00420578594655277,0.00386116838107136,0.00514965267998274,0.0107096909487696,0.011612295023683,0.0148690522967919,0.00399223543631234,0.00273322426185523,0.00216022252366571,0.000911847474380182,0.00450162127647054,0.000234499091755976,0.000393379247050956,0.000521478049674779,0.00811384518107813,-0.0049223342054621,-0.00540224681021643,-0.00707413071492125,-0.0477785445244119,-0.0435998954536433,-0.0422875842137304,-0.0403337373537351,-0.065204649765563,-0.061027065419712,-0.0597834741275577,-0.0578719529072323,0.0256065947078904,0.0169375119424865,0.0138819499788589,0.000532087418037472,0.00382318958800652,0.00291756817297025,0.00282923216198411,0.00221629290641993
"asc_ruta2",0.104817162036057,0.121896538491942,0.11484353613358,0.00862026204360194,-0.0117451702648758,-0.0068785073348144,-0.00703976496479339,-0.0106077474617768,-0.0152906053248092,-0.0556907903757654,-0.0574140101549226,0.000276726471618353,0.00386355631267177,-0.0227248481045888,0.0363365560285932,0.089625415555076,-0.0159342711030155,0.00129991183376235,-0.000597119717001398,0.00157538468465411,-0.0026277493160651,0.0068245465780969,-0.000450307802935435,0.00661411886832842,0.00322277582798279,-0.0074644440311087,0.00373880896084465,-0.0115108509279681,-0.0128902334397059,-0.0121188210218653,-0.000394060787798526,0.00149751036035223,-0.00100361732884913,-0.0001866564590797,-0.0010922124313382,-0.00190638297573571,-0.0034254669546558,0.00156182817133723,3.647995480006e-05,-0.0085746970539891,-0.000687964764070026,0.00115859454404898,0.00379762545294209,0.00420224453606689,0.00588603075636725,0.00204949090973318,0.00151798988836494,0.00151493976153125,0.00143645518829882,0.00219236740523495,0.00355013187259449,0.00387029470971683,0.00487805170413386,0.00161297978931101,0.00105518954389811,0.000809593682580213,0.000348928073137169,0.00185945965174826,0.000736123360704209,0.00090831369500435,0.0010841651058887,0.0032169764950261,-0.000559514393759353,-0.000624498610949289,-0.000936378098705514,-0.0154597159281382,-0.0136003988407703,-0.0130336919354087,-0.0122307658293247,-0.0178532019928985,-0.0161009774622339,-0.015597294771618,-0.0148814917685095,0.0221931188079154,0.0184686969605721,0.0171293992974576,0.011199559828471,0.00141190313552707,0.00115891214952784,0.00115579914985251,0.00102841701572085
"asc_rutaEC",0.21538038884015,0.11484353613358,14.5536114109241,0.033332354190311,-0.167634306125772,-0.137793674394738,-0.0917750782289059,0.0509934566014647,0.030257514359053,2.2599028468316,2.10882209021892,-0.310198110551462,0.0318203383261512,-0.276100540051033,0.032579017479013,2.73893134044947,-2.52909654079343,1.28823454406258,-0.0081021717813664,-0.0081485084311417,-0.0312574721280697,0.181821076668193,0.110161753885896,-0.823028871870682,0.0297143471628016,-0.469723522862848,0.177263665713571,-2.88284744807488,-2.90918390197615,-2.94733818169403,0.0347276927568897,0.00630133870518182,-0.0138155560896,-0.0396908707042113,-0.00381049685850223,0.216384429007385,0.371786097533341,-0.0199814465758599,-0.0782675614421289,-0.129997699781207,-0.0144619121312749,-0.0618358939316403,-0.0308238879347723,-0.0236422596590121,0.0217067871477076,-0.0364049423817874,-0.0330279704060484,-0.0314836236907852,-0.0185502228205222,-0.0501419192752573,-0.0642500585746782,-0.0644805161238439,-0.0158220018382453,-0.023636706793286,-0.0189695069840463,-0.0179050140483071,-0.0115748197622933,0.0330581635516555,0.102346879549537,0.107268628280667,0.125086547720714,0.0106132480169874,0.310170005656625,0.339549892724266,0.428782836669379,-2.04343499843868,-2.03831105001674,-2.03415944178146,-2.01795759756219,-3.5407599953509,-3.56403080419233,-3.57512628366488,-3.59144672758483,-3.53909454678527,-3.58271419133665,-3.60370017763218,-3.67419226954375,-0.0242898008835349,-0.0271318020259237,-0.0269676940435008,-0.0244276014486351
"b_tt",0.0202175561521429,0.00862026204360194,0.033332354190311,0.00700791453209969,-0.0100618664213335,0.0139207242925061,0.00799827300403957,0.00638454590774958,0.000206582484890138,-0.0316897206839214,-0.0322998263815875,-0.00207210693635945,0.00362622039418478,-0.0179452166034288,-0.00321039846076535,0.0864730578147407,-0.00720560724426476,-0.00422722171287146,-7.9498456223424e-06,0.00123970000382565,-0.0015776061637664,0.00478306977964457,-0.000500123973486513,0.0102573623561399,0.00252757995716373,-0.00290898579022825,0.00100857341556313,-0.0177467635657136,-0.0196193915375152,-0.0189868885723176,-0.000500236905351677,0.000709946879789365,-0.000509304176689678,0.0014514454488945,-0.000814536708957358,-0.00282666984807638,-0.00488325731980109,0.00120066948912609,0.000315512708758625,-0.00619414141200774,-0.000577662270407912,0.0032640740836369,0.00454701573787441,0.00465718583236384,0.00499797484075693,0.00308922162089914,0.00273997265503935,0.00271689621698584,0.00245938345099057,0.00370356451084736,0.00614624264650555,0.00650296634720126,0.00739591364418036,0.00214294649869395,0.00168488910932195,0.00147457636766127,0.000984487094909252,0.00320299100479065,0.00154857603269538,0.00152327228309449,0.00144361383914191,0.00539445938586907,0.000350242285758273,0.000102783081259023,-0.000776333828144582,-0.01818585008468,-0.01683907884227,-0.0164202509541933,-0.0157764271022197,-0.0264347482466942,-0.024997761731507,-0.0245733586494096,-0.0239304632237581,0.00309860030167526,0.000214763125228426,-0.000771539041831376,-0.0050786133805181,0.00223758367146529,0.00189121603602552,0.00184257876007585,0.00157747588123378
"b_dt",-0.024755931842078,-0.0117451702648758,-0.167634306125772,-0.0100618664213335,0.0536113444476905,-0.021713009877016,-0.013555142672708,-0.0175660843651117,-0.00434842313064652,-0.109120828674323,-0.101734114595452,0.00941021550999645,-0.00420590691805554,0.0385208042792275,-0.00449093493291886,-0.229448097653379,0.103054041143974,-0.0410694115210347,0.000392734534100326,-0.00111176857806553,0.000106201940782554,-0.00365681066214633,-0.00173118738072732,0.0174183232173023,-0.00287303168823408,0.00113754009902658,0.00174433604867257,0.00835366036043813,0.0140638995648342,0.0130713720896229,-0.000544385981144832,0.00202824635823705,0.00258352342758155,0.00473572310080062,0.0015591445555409,-0.00414622412282754,-0.00714024469668099,-0.00134238847302615,-0.00075254316918783,0.00852719927156139,0.00144408531684049,-0.00190203600737137,-0.00305111301073576,-0.00339388723677538,-0.00370526026023337,-0.00203795281913088,-0.00167709180152259,-0.0015538774306014,-0.00119270415455088,-0.00310049349837693,-0.00251701258601841,-0.00257957819509001,-0.00117461846161786,-0.00158013465451951,-0.00116325220676538,-0.00103113046850547,-0.000884461007147157,-0.00289952482407294,-0.00417337221783277,-0.00444319321086702,-0.00466349054409488,-0.00370955927677163,-0.00969799353418101,-0.0105261010480337,-0.0115877230878754,0.014652618764106,0.0130492891861395,0.0125781457869683,0.0119313831182408,0.0212378480277999,0.0192229315127091,0.0185690968661947,0.017462129108801,-0.0220025676398932,-0.0180308286448706,-0.0165891774917931,-0.0105812976505101,-0.0012791063511288,-0.00131285728915923,-0.00132522012501676,-0.00143412061136274
"b_CongAB",-0.000193747806224284,-0.0068785073348144,-0.137793674394738,0.0139207242925061,-0.021713009877016,0.403037084023565,0.131633483415032,0.0121020322250136,-0.00885004775923169,-0.199411421896585,-0.187088955782265,0.0276302882415536,0.0225665983449013,-0.022696761575096,-0.00592044643374946,0.000435554257140349,0.0901799775992842,-0.0606296871384158,0.00324080343469739,0.00658957223099282,-0.00215707065180539,0.00563689966268503,0.0113069810210517,0.0417243730548821,0.0024449186934131,-0.0106897637138042,0.00862183631715442,-0.0675425617378879,-0.0754558241535603,-0.0723099246624654,-0.00139799969774815,-9.07077773117483e-05,0.000861397286437747,0.0122797284206724,-0.000345147937297226,-0.011186333826825,-0.0223171032155805,-0.000311232229020977,-0.00560086614679027,-0.0108512251998461,-0.0019373907301489,0.0242107505428702,0.024764276602763,0.0244981361323278,0.0233578176382378,0.0181865653794718,0.0192779486075258,0.0197789974851264,0.0195729726547541,0.0240076874974937,0.0398157927638777,0.0416070486846789,0.0492692173650718,0.0110672430782557,0.0107543731411102,0.0107788956877172,0.0101459659716853,0.0290214631065419,0.0248103729660787,0.0242909249318012,0.0236175329337123,0.0494018335753326,0.0200493679056485,0.0166316481377711,0.00892509944681799,-0.0476274763784065,-0.0463865512944124,-0.046095511145518,-0.0454026316603248,-0.06629171587445,-0.0663198079329826,-0.0669516236514793,-0.0692603989663178,-0.0461256273660634,-0.0502324176430542,-0.0512440862392907,-0.0568879603973882,0.014042574447371,0.0124377089548234,0.012255958042465,0.0109621715657189
"b_CongCD",-0.00868094222383195,-0.00703976496479339,-0.0917750782289059,0.00799827300403957,-0.013555142672708,0.131633483415032,0.165186087911118,-0.00141277224522156,0.00530952813313808,-0.0753425493242666,-0.0763689740386804,0.0279538800896194,0.00098073274544434,-0.00851089366579605,-0.00312660762596258,-0.078606455587507,0.0470712129152373,-0.0399373993804882,0.00156386350141876,0.000231770068518889,0.000653247094778465,0.0100482389901362,0.000418034745403048,0.0112090681078818,0.00304604821009017,0.00228250397806815,-0.00673343888135251,-0.0288245458920467,-0.0381055884323984,-0.036303054881423,-0.000290816293892647,-0.00442271762660321,-0.000547523708854463,-0.00107424499144918,-0.00136797395246683,-0.00278687157803143,-0.00428316560343847,0.000705667113362286,-0.0007040814396759,-0.00714419257414483,-0.00132550185538771,0.0122141188531374,0.00916658571683504,0.00865873522550769,0.00454826767031132,0.00802421066498941,0.00856202788487616,0.00880583428932432,0.00814291977141497,0.0129287396656986,0.0141609027851898,0.0145801447587632,0.0120943314324136,0.00535477373069072,0.00467759961539482,0.00445548780234666,0.00387650423350164,0.0102750982229818,0.00923758232484263,0.00915044952358516,0.00914402975936997,0.0159950432488822,0.0139484868532645,0.0140847764246604,0.0138061161760855,-0.0271088876709996,-0.0260169361973578,-0.025702659412374,-0.0251602315480333,-0.0421477052966572,-0.0410891545286358,-0.0407811957433095,-0.0406633353788626,-0.0135112824504294,-0.0173205030500998,-0.0186578592246252,-0.0232260487594035,0.00607434614803691,0.00550863529225113,0.005404658235514,0.00492485048164924
"b_Sem_1",-0.0269307061725617,-0.0106077474617768,0.0509934566014647,0.00638454590774958,-0.0175660843651117,0.0121020322250136,-0.00141277224522156,0.318517482605904,0.153280996985995,0.0434151251534653,0.0555079341048231,-0.0134588940903523,0.0132744394105719,-0.0197759454955598,0.00984570509863259,0.229842840994729,-0.0453008837089949,0.0160043581713317,0.000656860154454996,0.00216200042204906,-0.00303026259831985,-0.00293914953730113,0.000496518313639129,0.0108514297575591,0.0014330516447956,-0.00785323734113052,-0.00307493576576762,-0.00878052909948345,-0.0106430715156435,-0.00846942910450099,-0.000567357398943057,-0.000692773899566168,-0.000476554269312867,0.00667827983958262,-0.00140977160247514,-0.00357210120456733,-0.00685972348970976,0.00110060659200592,0.00193892225483336,-0.00632520073003499,-0.0013272350533125,0.00639952445993749,0.00664748904294099,0.00632207521817336,0.00594944470645714,0.00498010130897694,0.00493465798877231,0.0048521660379308,0.00475659086767993,0.00463535881174505,0.0137081029657523,0.0145846146001584,0.0192867985226708,0.00360081389683552,0.00282211770641528,0.00245588245165602,0.00160769435222056,0.00511333372786493,0.00249506522429749,0.00200190329150658,0.00129684961611896,0.00912998367914051,-0.00130814156099074,-0.00245976960945241,-0.00493531772151785,-0.0115905286213757,-0.01036370458339,-0.0100184401989503,-0.00957715680971898,-0.0225376871464364,-0.0202572013248405,-0.0193100894139953,-0.0175009490983866,0.0160670547236723,0.0129466609685971,0.0117207894354288,0.00694464598420832,0.0038805088705928,0.00310237136450385,0.00292326864071466,0.00230054690298777
"b_Sem_2",-0.0305781319023421,-0.0152906053248092,0.030257514359053,0.000206582484890138,-0.00434842313064652,-0.00885004775923169,0.00530952813313808,0.153280996985995,0.16774576833139,0.102166937653122,0.110408654088287,-0.00667833650084059,-0.0113790816016356,0.021654721321885,0.0207225546226525,0.206264593055024,-0.060341410467532,0.0208114765063054,-0.000411605861906718,0.000593292798888714,0.00035873571423196,-0.00548324296273398,-0.00121428330006824,0.000232929982363089,-0.000592080539384684,-0.000466812634726852,-0.00303046550292918,0.00358387020821118,0.0026418700110532,0.00242630081088066,-0.000212012582286687,-0.00208244628732309,-0.000247855087559992,0.00142348970285028,-0.000746666485958253,-0.00051005838059177,-0.00160572069645663,-0.000365332567163455,0.00177511354872686,0.00132523437124296,-0.00083617609416362,-0.00017217208916844,-0.00132997787995552,-0.00160674755619964,-0.00229172890099954,-0.000748211073975376,-0.000208619806704579,-0.000170280138328412,8.73000640961503e-05,-0.00198715652525784,0.00120360326945113,0.00139013457476649,0.00292936356217656,-9.40102752948257e-05,-0.0003312537939208,-0.00044354034458804,-0.000654509426285044,-0.00244697263183985,-0.00328228349317737,-0.00367616808830235,-0.0043033187560373,-0.00304670889957376,-0.00795012509445846,-0.00878809934842098,-0.0107090567770872,0.0029544018710724,0.00250098585471822,0.00233574782155262,0.00203898163315477,-0.0051523960700442,-0.00437373189770869,-0.00393080378898632,-0.00291293512010598,-0.00325999296584436,-0.00271859495511311,-0.002570380329544,-0.00194589101112212,-0.000207092123138249,-0.000490237516583905,-0.00053829880054801,-0.000658005355282623
"b_ACC_0",-0.0799608047635316,-0.0556907903757654,2.2599028468316,-0.0316897206839214,-0.109120828674323,-0.199411421896585,-0.0753425493242666,0.0434151251534653,0.102166937653122,8.49883545767858,8.22429772947283,-0.117561543472307,-0.0973799701109073,-0.0108662462602244,0.117760441137418,0.0162586948334628,-1.23742996558976,0.91336073534387,-0.0090203883800253,-0.0115095114132672,0.0207396559093713,-0.0610959426772542,0.0546554560023774,-0.627932161925071,-0.0301859887158642,0.0247408837910408,-0.0254595354097804,0.445540740806162,0.474562480843481,0.445332645775764,0.0266447314905163,-0.0196330950286516,-0.0182189978549483,-0.079058495016547,0.000571940871751017,0.162775954394998,0.27790938554645,-0.00799555676632699,-0.00102334779249879,0.0232783349143576,-0.00498703676045034,-0.0978230468432643,-0.0975202842969777,-0.0910912163473982,-0.058911985399355,-0.0743828672835611,-0.0732668115820338,-0.0721051885546038,-0.059946873011577,-0.0937335574699621,-0.152962644995123,-0.158165129240916,-0.149206482743858,-0.0457343052332018,-0.0415516921139043,-0.0387497717330837,-0.0266616395051927,-0.0506363325392141,0.0198022142805678,0.023237500032152,0.0296651922709771,-0.104073777096805,0.140917054081209,0.15993932181321,0.208242291324831,0.34456942645651,0.335360467346899,0.332326787622448,0.326379387076937,0.576317343198009,0.565597243887986,0.562018662096009,0.560208447317776,0.500623546076171,0.508920381634103,0.509952354402014,0.523486204973239,-0.0548266492675737,-0.049515419021699,-0.0478387247679094,-0.0385306954160609
"b_ACC_1",-0.1059793430912,-0.0574140101549226,2.10882209021892,-0.0322998263815875,-0.101734114595452,-0.187088955782265,-0.0763689740386804,0.0555079341048231,0.110408654088287,8.22429772947283,8.24317553065769,-0.102945615878061,-0.0982736513236717,0.0253313647291617,0.101970361081209,-0.111076494538768,-1.14265670255814,0.872440266046829,-0.00804621777997739,-0.0103899044687464,0.0176320592268172,-0.0607947933848678,0.0561759694990499,-0.599757586414029,-0.0309877899840775,0.0253334389911003,-0.0239952078998605,0.446025007735029,0.469737700898811,0.442740161212414,0.0253451363616927,-0.0190034644108543,-0.0188925454182695,-0.0739618409228935,0.000463082949076778,0.155523995723555,0.266155872586705,-0.00785837930139764,0.000882568044184641,0.0187035573261274,-0.00472537591906921,-0.087920347838543,-0.088534728167994,-0.0824155201215565,-0.0512562649520946,-0.0663287155753021,-0.0672556582370175,-0.0664579072583608,-0.0551940673413578,-0.0832322980986185,-0.139129172933431,-0.14356494892489,-0.133255885277954,-0.0411432066642199,-0.0373815795916016,-0.0348607768112837,-0.0232736972924167,-0.042711174325125,0.0260147869637901,0.0292299214562611,0.0351550231806933,-0.09152286625267,0.147705838400683,0.165965852458978,0.212455532295029,0.341399706290627,0.332620971654869,0.329658692689153,0.323644877548403,0.562719326885743,0.553950500766057,0.551061901977209,0.550565344017668,0.517511953185728,0.523670260184438,0.523996591626386,0.533800724213203,-0.0494543906544853,-0.0447260247399917,-0.0431729396584517,-0.0339781259951215
"b_SI_CAMFD",-0.0200752608756054,0.000276726471618353,-0.310198110551462,-0.00207210693635945,0.00941021550999645,0.0276302882415536,0.0279538800896194,-0.0134588940903523,-0.00667833650084059,-0.117561543472307,-0.102945615878061,0.25085624702453,-0.0118322386535534,0.0387715601073638,0.020290816953695,-0.222991903711873,0.126723709934276,-0.0779351268398905,0.00176364006535871,0.000306819488084601,0.00346465751460102,0.00784985867445608,0.00228445423385796,0.0289503913404654,-0.00302643474591732,0.00836903660735936,-0.00416099237185927,0.0169083840122301,0.0172167922673461,0.0186595972271856,-0.0011304456458525,0.00112866935164302,0.00210152844121838,0.00438967590561507,0.000717929800146305,-0.00728264735795747,-0.0118728197578141,-0.000626881961840778,-0.000613228296225275,0.00381559214362136,0.00111537424801562,0.0106655838209928,0.00882170645726808,0.00820396235232998,0.00558965281470195,0.00741968581552526,0.00735030111090009,0.00723810268799069,0.00663515733165198,0.0117113681079873,0.0124265673070896,0.0125329544166224,0.0111460523361352,0.00422434084405541,0.00426902237977929,0.00415303573122382,0.00354306328962536,0.0117957202594406,0.00952788948866598,0.00939701834064845,0.0091706310804837,0.0189301719534518,0.0114652279602926,0.0109929188334596,0.00958185866035305,0.0170747647718488,0.0164571055615423,0.0161560213158585,0.0157545327021414,0.0293295533098222,0.0291002418405377,0.0289074302870104,0.0278227525397303,0.0094179438092571,0.011593900543164,0.0127395661258103,0.0160015046692063,0.00513178437747315,0.00511785715337644,0.00500519642238646,0.00446414867611874
"b_SI_PANEL",0.00955783462914451,0.00386355631267177,0.0318203383261512,0.00362622039418478,-0.00420590691805554,0.0225665983449013,0.00098073274544434,0.0132744394105719,-0.0113790816016356,-0.0973799701109073,-0.0982736513236717,-0.0118322386535534,0.116780055418796,-0.00720710568040918,-0.0321273681066417,0.0199383026952769,0.011280748144345,-0.00786107566618913,0.000692388492675944,0.000929451401923708,-0.000595387719900627,0.0060027959441056,0.000266276938468163,0.00924881213136594,0.00289110857539132,-0.00101209004944445,0.000458895010793969,-0.0192032486841649,-0.0178823577993169,-0.0168736220499301,-0.000344463900620299,0.00203075645580409,0.000738718771525177,0.00568936184919322,-6.75291037785203e-05,-0.00217394260264239,-0.00316482763447238,0.00127122107208658,-0.000232121673400157,-0.00425187558569196,0.000389706139527004,0.00626483869207675,0.00669426521894346,0.00658960277931778,0.00631868004803286,0.0052088231583996,0.00451706019069196,0.00435971658226271,0.00393032307008141,0.00634341445484641,0.0104806721474668,0.0109099908014792,0.0129480578559282,0.00299984732442489,0.00274161113961998,0.00254234802352935,0.00190938100168376,0.00655540200533911,0.00485744899482423,0.00480305813578322,0.0048787379381962,0.0100315809258986,0.00775368730153271,0.00787760592562428,0.00820937327297762,-0.0161667686446796,-0.0149732849377606,-0.0145347128769319,-0.0137994900208583,-0.019410060003373,-0.0187847187520952,-0.0186619452603833,-0.0184872144703432,-0.00156014165099067,-0.00356586328652901,-0.00419209117002389,-0.00711474044997969,0.00351071097730373,0.00322112671151786,0.00313111720736059,0.00272482971897492
"b_SI_ZER",-0.0630975963878474,-0.0227248481045888,-0.276100540051033,-0.0179452166034288,0.0385208042792275,-0.022696761575096,-0.00851089366579605,-0.0197759454955598,0.021654721321885,-0.0108662462602244,0.0253313647291617,0.0387715601073638,-0.00720710568040918,0.277196886341106,0.00629393427006228,-0.412181913698921,0.121032552521412,-0.0306397143730233,0.000885269967437213,-0.00313407302243579,0.00489397935576444,-0.00712626767749871,-0.00219896500542265,-0.00377781665271166,-0.0074601591452285,0.0139064290063898,-0.00346769046106234,0.0574283038898855,0.0607401410130781,0.057934106191778,0.000401350224498383,-0.00159227379803576,0.00259642298249479,0.00134994381902221,0.00273646407146622,0.00152705503401861,0.00143046762149297,-0.00421860120421532,0.00111869793468862,0.0215444504767309,0.00129353517867928,-0.00874413377804957,-0.0128274898852577,-0.0136528025757488,-0.0147768573733433,-0.00861034395384607,-0.00725848814599995,-0.00717469989534139,-0.00614013527110787,-0.0119499330620078,-0.0140834985898348,-0.0146320641681884,-0.0133618007460048,-0.00561188311535414,-0.00463130146200015,-0.00413057599447158,-0.00286935170063972,-0.00858047404639614,-0.00534373823284108,-0.00542972379687786,-0.0055684726480219,-0.0126635796801583,-0.0111725486932329,-0.0120759269302563,-0.0134322460136295,0.0594299169990236,0.0546427234579267,0.0531277350292552,0.0507618530577326,0.0747269063126866,0.0711896590661865,0.070241244503899,0.069270167351181,-0.0185605692944475,-0.0087608546728709,-0.00513631833498496,0.00952843459126987,-0.00543635141137873,-0.00545734267431694,-0.00544920812722322,-0.00523963208611255
"b_Si_MTRP",0.0304681608715073,0.0363365560285932,0.032579017479013,-0.00321039846076535,-0.00449093493291886,-0.00592044643374946,-0.00312660762596258,0.00984570509863259,0.0207225546226525,0.117760441137418,0.101970361081209,0.020290816953695,-0.0321273681066417,0.00629393427006228,0.37700052095126,0.0704712605522815,-0.0636915439095403,0.0417760444972173,-0.00186071337506324,0.000499704306309547,-0.00186103115287869,0.0019198943788261,0.000655677696795143,-0.0225387363388945,0.00108135620999799,-0.0181402868740917,0.0100431469855309,0.0454791988556826,0.0464938203517079,0.0459971726275662,0.000825247071415278,-0.00221648941134335,-0.00223550008810062,-0.0076552850400183,-0.00115236335226282,0.00526604328073622,0.006435888596393,-0.00138530017139918,-0.00127192208091254,-0.00096973722530394,-0.00114837428377787,-0.0111917836777693,-0.0104888020122652,-0.00988004532424141,-0.00664266018165629,-0.00836721410080959,-0.00810932344033529,-0.00785642629587429,-0.00655282407590586,-0.0120254519548922,-0.0160283798244825,-0.0163103749626082,-0.014071804665043,-0.00458292561411972,-0.0047964516004724,-0.00468346390405456,-0.00409162355706777,-0.00914996149620189,-0.00599555601117873,-0.00552328968263784,-0.00480282068897365,-0.0128640845430102,-0.0140970954867455,-0.0148436045941284,-0.0156392844779292,0.0368558886958825,0.0361407833075984,0.0358536664118166,0.0351725005591944,0.0621992564426364,0.0615587763582106,0.0616915835183704,0.0615942796659115,0.064543256642467,0.0649982718005049,0.0648777161018165,0.0644084210396,-0.00602230882815109,-0.00552396160253843,-0.00535928358923758,-0.00479556717223911
"lambda1",0.269347743512542,0.089625415555076,2.73893134044947,0.0864730578147407,-0.229448097653379,0.000435554257140349,-0.078606455587507,0.229842840994729,0.206264593055024,0.0162586948334628,-0.111076494538768,-0.222991903711873,0.0199383026952769,-0.412181913698921,0.0704712605522815,30.5454002140137,-2.52077981406873,0.537463793836345,0.0389809108175532,0.0002465785124484,0.0539561952937133,-0.101862574435967,-0.0610984633838671,3.38998562709802,-0.0237184097255199,0.116266675187098,-0.167061855094662,-0.422431864635826,-0.383798792632072,-0.362082964968237,-0.138594586585944,0.0511649332451857,0.112887632372252,0.410526939555202,0.0329061014312781,-0.897929211969505,-1.51875872297314,0.00183341071366902,0.132893629478569,0.174808276610485,0.0622927109790465,0.250363845663335,0.154578011619649,0.102910133600883,-0.0785162138761335,0.164069851409335,0.153136873423486,0.137845271584464,0.0862435967841185,0.142576038964599,0.393433633381837,0.40027918213033,0.389720837587625,0.100824157065675,0.0877996248886627,0.0787878234776086,0.0329838513661257,0.212703664547041,-0.130798144424826,-0.165485985118311,-0.241215051906186,0.460586949700845,-0.769253921958315,-0.885106674247263,-1.2406810811549,-0.227244856295323,-0.24997344837547,-0.257410383710583,-0.268159568089884,-0.954062671371042,-0.915428533150522,-0.890936594096902,-0.839237805297279,-1.21105165461327,-1.16260315183658,-1.13218731574507,-1.03907459325537,0.120027953460986,0.107625261290226,0.100792833273528,0.0650044221043123
"lambda2",-0.0422767625394066,-0.0159342711030155,-2.52909654079343,-0.00720560724426476,0.103054041143974,0.0901799775992842,0.0470712129152373,-0.0453008837089949,-0.060341410467532,-1.23742996558976,-1.14265670255814,0.126723709934276,0.011280748144345,0.121032552521412,-0.0636915439095403,-2.52077981406873,1.67239250339749,-0.761469708804524,0.0111741470864146,0.00482676972105874,-0.0179529828385232,0.0416251941221453,-0.00854765387124638,0.460083426581547,0.000839732917424109,-0.00291910848643735,0.0220634221027822,-0.0669860976210156,-0.0678239532495966,-0.0633457278259665,-0.0180784772443462,0.0177846843176424,0.0162123552931047,0.062665289374832,0.00527722691390894,-0.118659272648266,-0.199156515714813,0.000599154066279417,-0.00410029499868319,0.00326559506084455,0.0076444311588793,0.0560338533779925,0.0500276625993704,0.046485712057457,0.0318266423085507,0.0409552873018978,0.0383516189667261,0.039238212465452,0.0347182669059015,0.0511066580192851,0.0883069137339587,0.0929531651179357,0.098939228196761,0.0231904082929415,0.022107559275969,0.0211398356097808,0.0160025349285911,0.0472895762201493,0.00942546789770499,0.00738491158776791,0.00365664562705741,0.0887848269402139,-0.0543432458685395,-0.0655016025801476,-0.0901684210653144,-0.0418278235791083,-0.0412959620892351,-0.0409535510907758,-0.0406625103261688,-0.0517229291311452,-0.0531911551812598,-0.055011788438715,-0.0603292065385409,-0.0916120725234482,-0.0898228212533344,-0.0874067917676111,-0.0855567351817491,0.0298689364176331,0.0266693118148019,0.0259359581679369,0.02095812096921
"lambda3",0.00291355669026078,0.00129991183376235,1.28823454406258,-0.00422722171287146,-0.0410694115210347,-0.0606296871384158,-0.0399373993804882,0.0160043581713317,0.0208114765063054,0.91336073534387,0.872440266046829,-0.0779351268398905,-0.00786107566618913,-0.0306397143730233,0.0417760444972173,0.537463793836345,-0.761469708804524,0.556893517456146,-0.00421765655355707,-0.00172575344859416,0.00362948801360718,-0.0227516968698732,-0.00618932255009911,-0.294026736108843,0.00345494228926356,0.00759590927840424,-0.00156488621099902,0.222356513872704,0.216387827740988,0.207559521407532,0.0118250297536222,0.000260264391233582,-0.00746424157540032,-0.0161163193537034,-0.000858815895401608,0.0770905262253792,0.130259374323586,-0.000875728390851471,0.00175990397022286,0.000367448908630939,-0.00347224312853835,-0.0341914878967384,-0.0265943609419644,-0.0219646571436494,-0.00356645729307611,-0.0230325333198024,-0.0236872047645111,-0.0229123319880534,-0.018028913985548,-0.0325722883696233,-0.0397443503960761,-0.0390250448539993,-0.0249495589299661,-0.0142368993914371,-0.0131622992638177,-0.0124385257131848,-0.00820160771621429,-0.0339458668762202,-0.00508153397593704,-0.0045367784379024,-0.00285732748889304,-0.0629221281207092,0.0391951476955485,0.0457987157957131,0.0635096663115021,0.155980708866128,0.15363888330216,0.153083636302097,0.151539456398843,0.271428025596465,0.267773502355771,0.266746133315061,0.267159805259495,0.299757711592816,0.297418094282273,0.294714742927411,0.290610485028066,-0.016784699702214,-0.0163352978227889,-0.0158158510993249,-0.0127310969853062
"gamma_USOCINTURON",-0.00107869223235702,-0.000597119717001398,-0.0081021717813664,-7.9498456223424e-06,0.000392734534100326,0.00324080343469739,0.00156386350141876,0.000656860154454996,-0.000411605861906718,-0.0090203883800253,-0.00804621777997739,0.00176364006535871,0.000692388492675944,0.000885269967437213,-0.00186071337506324,0.0389809108175532,0.0111741470864146,-0.00421765655355707,0.00920867730957697,0.000512162238278237,0.000473764958530505,0.000321694298705422,0.000239302563826426,0.0125357326052693,0.000337425959317608,0.00171027501623795,-0.000694644984802698,0.00625128418076135,0.00239700056268451,0.00208091322513708,-7.04104251631238e-05,-0.00350900147245385,0.00329697071566701,0.00728406152685817,0.00161162637304429,-0.00205443955912223,-0.00258139252307929,-0.00177909348645285,-0.00146630691830004,0.00369314535229576,0.00152247861282817,0.0392325035873856,0.0316658013771648,0.0301372716492625,0.020970380974136,0.026795773749339,0.0273970459031996,0.0274366118557111,0.0257145343845022,0.0431374222064198,0.0463339944311734,0.0467584418040379,0.0418835951147443,0.0151429927350759,0.0154902566044115,0.0155264396836166,0.0151150113903927,0.0305254235243036,0.0304826524475264,0.0299898750689343,0.0298451409860658,0.046085146927299,0.0478079518334421,0.0472533987700267,0.0472711638320705,0.0172951779572929,0.0162554205364396,0.0158932921219489,0.0151693739561206,0.0249699603885805,0.0243150036122491,0.0238572647664333,0.0228583177991754,0.000968279611874461,0.00342160508155556,0.00468797754591783,0.00841569751559619,0.0190323583263666,0.018760842783621,0.0185265750348173,0.0178050436242527
"gamma_USODISPMOB",0.00357651503404758,0.00157538468465411,-0.0081485084311417,0.00123970000382565,-0.00111176857806553,0.00658957223099282,0.000231770068518889,0.00216200042204906,0.000593292798888714,-0.0115095114132672,-0.0103899044687464,0.000306819488084601,0.000929451401923708,-0.00313407302243579,0.000499704306309547,0.0002465785124484,0.00482676972105874,-0.00172575344859416,0.000512162238278237,0.00799539689741947,-0.0015519684288506,0.0022726147613652,0.00231651848690804,0.00287736326223985,-0.000141610003196041,-0.00176009760355869,0.000640674652374511,-0.00357572030530146,0.000496820687992935,0.000725651896853344,-0.000331297015961892,0.00190520859720605,-0.00134958996674543,0.0016769997741777,-0.00126575137517635,-0.00124686691502435,-0.00326091639984482,0.000672784652403336,-0.000409924075002576,-0.00232090826812228,-0.00130524111241145,0.0164066402775767,0.020350559851395,0.021240595953292,0.0241942623031729,0.0137235872411307,0.0136878160316803,0.0138694415576293,0.0141783571625449,0.0207922024439939,0.0255622910179029,0.0262374916201405,0.0291194624456358,0.00811139882658648,0.00793607508985218,0.00782980295395768,0.00754712391709346,0.0141783714107319,0.0135160702431509,0.0136993263802518,0.0139198800826508,0.0227950841155071,0.0162901549227351,0.015822207608485,0.0148920214069723,0.000456565209419445,0.000939367635278939,0.00111441949217402,0.00144554084443437,0.00746323832697915,0.00746205122133073,0.00732048149575509,0.0069746232470908,0.0173859284681701,0.0162087919469389,0.0157550737351575,0.013670114946608,0.00971828792676832,0.00956593158591386,0.0096132373930735,0.00948711530296939
"gamma_ADULTO40",-0.00551463048285794,-0.0026277493160651,-0.0312574721280697,-0.0015776061637664,0.000106201940782554,-0.00215707065180539,0.000653247094778465,-0.00303026259831985,0.00035873571423196,0.0207396559093713,0.0176320592268172,0.00346465751460102,-0.000595387719900627,0.00489397935576444,-0.00186103115287869,0.0539561952937133,-0.0179529828385232,0.00362948801360718,0.000473764958530505,-0.0015519684288506,0.0193957909752571,-0.00525710693965667,-0.000752323629374892,-0.00232567442416502,-0.000344300084407926,0.011602136826854,-0.00783883163669048,0.0185145191900331,0.0175084055366298,0.0179730085502948,-0.000186106337868272,-0.00104958509502016,-0.000323155557255417,2.73378794131484e-05,0.000236192428304372,0.000606077620840067,-0.000383105064955336,1.035222540545e-06,0.0063135862618752,0.00534185863378532,4.04255237950664e-05,-0.00149565267886452,-0.00212587225491956,-0.00220090363287652,-0.00356027217416087,-0.00146009008335665,-0.00134973080219653,-0.00151788356372891,-0.00199725042623444,-0.0026833091070511,-0.00172730812123124,-0.0018585175984233,-0.00250749440227846,-0.000874370833571904,-0.000725481302479672,-0.000596159014253764,-0.000486637547721768,0.0028056261790694,0.00279578883752389,0.00300982929539721,0.00281195973305528,0.00542434938597349,-9.25605334963392e-05,-0.000428762672348286,-0.00283640897342288,0.0175565005111226,0.0164890776387873,0.0161422467057335,0.0154544967322591,0.00545365527869943,0.00730046904003435,0.00853396092460039,0.0112796994487559,0.0107618012804536,0.0123492748810507,0.012858521630786,0.0147157948211378,-0.00101572600254036,-0.000816337403399052,-0.000822467173742801,-0.000939174514003889
"gamma_EXP_1",0.0154366136953217,0.0068245465780969,0.181821076668193,0.00478306977964457,-0.00365681066214633,0.00563689966268503,0.0100482389901362,-0.00293914953730113,-0.00548324296273398,-0.0610959426772542,-0.0607947933848678,0.00784985867445608,0.0060027959441056,-0.00712626767749871,0.0019198943788261,-0.101862574435967,0.0416251941221453,-0.0227516968698732,0.000321694298705422,0.0022726147613652,-0.00525710693965667,0.0531523578112858,-0.00293481867823017,0.0105647894080535,0.00290318145382014,-0.0107236277502977,0.00668514743209812,-0.0762177087373208,-0.079640855641427,-0.0820008662807977,-0.000198699435892883,0.00895337219458885,0.00444536510398452,0.0197391701385137,0.000192783206872126,-0.00213515850505346,-0.00361124373308517,0.000977648938342103,-0.00561205105755799,-0.00666896304266175,9.50820799895584e-06,0.00437773729187986,0.00906908709954374,0.00939678376369153,0.0128049283234591,0.0047250320318234,0.00522418384966703,0.0058005472988148,0.00699554832947394,0.0025741394632558,0.0181696674058316,0.0201601854331462,0.0315582354201455,0.00311403857570272,0.00270139113011821,0.00221837300943231,0.000762875522087674,0.0083284860477777,0.00517966110842241,0.00501541799142867,0.00616090872540025,0.0131511089715162,0.00636313953078861,0.0068232676448086,0.010205329242495,-0.0606919462262621,-0.0592236318748739,-0.0585972843486335,-0.0572848845870506,-0.0791947808130448,-0.0808820899311392,-0.0822019810982807,-0.0851801882593888,-0.0795618515108042,-0.0822038583622692,-0.083171600560809,-0.0867876082943763,0.00419069739869684,0.00248526939590725,0.00217737872014444,0.00053695253542418
"gamma_HPICO",-0.00235746266562136,-0.000450307802935435,0.110161753885896,-0.000500123973486513,-0.00173118738072732,0.0113069810210517,0.000418034745403048,0.000496518313639129,-0.00121428330006824,0.0546554560023774,0.0561759694990499,0.00228445423385796,0.000266276938468163,-0.00219896500542265,0.000655677696795143,-0.0610984633838671,-0.00854765387124638,-0.00618932255009911,0.000239302563826426,0.00231651848690804,-0.000752323629374892,-0.00293481867823017,0.0239498038929212,-0.0164332364875673,-0.000570834578237563,-0.000682733256872048,-0.000414911396322974,-0.0153506131604888,-0.0121805445856007,-0.010639136616685,0.000491761889954618,-0.00398669969298552,-0.00319321515927788,-0.00935100844799416,-0.000631221047621173,0.00362426866365156,0.00656164263882815,0.000270994008332906,0.000718207083603847,-0.00246492826236909,-0.000714383032633614,0.00751625116787318,0.0069567789271676,0.00691372759551628,0.00661905577986343,0.00577582916355469,0.00529047550009471,0.00500647019852229,0.00461511461377506,0.0109953901211955,0.00536064666478855,0.00467313835888319,0.0020278437248658,0.0029744969720512,0.00337234668981049,0.00358164098657624,0.00412958438383484,0.0182787150711644,0.020672881869467,0.0211474226987998,0.0221679246469106,0.0264924112385941,0.0356994800129732,0.0366854463259603,0.0403542906074388,-0.00831426049343559,-0.00776188174592877,-0.00762499398552247,-0.0074172887567677,-0.0170631091201994,-0.0158124563641446,-0.015282771522782,-0.0142663773536733,-0.00321950945443272,-0.00391591371622062,-0.00405610208476358,-0.0054958046186635,0.0034433958416473,0.0043762700698877,0.00455404302487648,0.0051968379922074
"gamma_LV1",0.0227843524568931,0.00661411886832842,-0.823028871870682,0.0102573623561399,0.0174183232173023,0.0417243730548821,0.0112090681078818,0.0108514297575591,0.000232929982363089,-0.627932161925071,-0.599757586414029,0.0289503913404654,0.00924881213136594,-0.00377781665271166,-0.0225387363388945,3.38998562709802,0.460083426581547,-0.294026736108843,0.0125357326052693,0.00287736326223985,-0.00232567442416502,0.0105647894080535,-0.0164332364875673,0.758376539741115,-0.00245269812045299,0.0110084307819349,-0.0094225490466323,-0.101810329871767,-0.0985861217619474,-0.0944884793695983,-0.0291432681580626,0.0198892923956366,0.0270647258108673,0.100279851161598,0.00790816685519911,-0.198382771495269,-0.334911872837749,0.00058324720205471,0.00825744175980112,0.0254891183367605,0.0132003440204448,0.0713982588263774,0.0555381297765465,0.0459556090213178,0.0110461405969568,0.0499016330123908,0.0473073849092124,0.0455878382959738,0.0353203733196764,0.0529730017588391,0.11449736467252,0.118405447424935,0.121838318424606,0.0296291963182818,0.0270080425246226,0.0250337438192354,0.0149475511464187,0.059354242539122,-0.0131467522738576,-0.0198371207622898,-0.0334242232546067,0.120150477912416,-0.143289312782418,-0.16713098151284,-0.234168248648204,-0.0603672471312387,-0.0627490953137573,-0.063347616537312,-0.0640601139506018,-0.136532035387274,-0.136157333693259,-0.136090127494066,-0.13631016105427,-0.228077627111374,-0.220318967357663,-0.214778567662893,-0.199326995382682,0.0368636426078819,0.0325505120398677,0.0310007531381377,0.0223420540240359
