"","asc_Op1","asc_Op3","b_tt","b_dt","b_CongAB","b_CongCD","b_Sem_1","b_Sem_2","b_ACC_0","b_ACC_1","b_SI_CAMFD","b_SI_PANEL","b_SI_ZER","b_SI_MTRP"
"asc_Op1",1,0.50798678060337,0.398579933738199,-0.0443239211771956,0.0294380190476349,0.0515774776459868,0.0619323365814911,0.102327920437544,-0.1424555613216,-0.138256542709285,-0.099694141355326,0.261984506223611,0.102120538657333,0.0398586821607284
"asc_Op3",0.50798678060337,1,-0.227118450652501,0.396937273619693,-0.512805740737561,-0.0496511976698113,0.0896395726785584,0.0701788471813861,-0.0224896403302016,-0.0402703931456152,0.234876940956256,0.33073642733809,0.27469119407628,-0.0906569217142444
"b_tt",0.398579933738199,-0.227118450652501,1,-0.520702792330016,0.31696179804578,0.124578792528074,0.117393542206214,0.106480935259258,-0.309314011477071,-0.283825081825642,-0.311985845430106,0.0188789807775599,-0.0986736351126774,-0.0429318156910003
"b_dt",-0.0443239211771955,0.396937273619693,-0.520702792330016,1,-0.141359256331752,-0.0281706112818234,-0.124424947127839,-0.0600835098374559,-0.152022350283906,-0.142707226332689,0.217168423926797,0.0738377850151071,0.0335320169823515,-0.163178705498699
"b_CongAB",0.0294380190476346,-0.512805740737561,0.31696179804578,-0.141359256331752,1,0.496378648751922,-0.0451368400242483,0.00324346830506908,-0.0554759037742955,-0.0884246155875555,-0.0428708774424327,-0.0323324223211455,-0.205449121192131,0.0711180222818542
"b_CongCD",0.0515774776459867,-0.0496511976698115,0.124578792528074,-0.0281706112818235,0.496378648751922,1,0.00466296663631522,0.0680788653085301,-0.0139247242939826,-0.0409659891943447,0.0718101486494604,-0.0209836592935896,-0.116925824471859,0.0338161698339424
"b_Sem_1",0.0619323365814911,0.0896395726785583,0.117393542206214,-0.124424947127839,-0.0451368400242482,0.00466296663631526,1,0.652842628150356,-0.185333037900109,-0.145649955610133,-0.0560677976664592,0.0768999263270388,0.0707925260030157,0.138376078088736
"b_Sem_2",0.102327920437544,0.0701788471813861,0.106480935259258,-0.0600835098374559,0.00324346830506914,0.0680788653085301,0.652842628150356,1,-0.191764772194893,-0.110660248040339,-0.0563749396672088,0.000476770098685734,0.0411928955957519,0.113886845280165
"b_ACC_0",-0.1424555613216,-0.0224896403302017,-0.309314011477071,-0.152022350283906,-0.0554759037742955,-0.0139247242939827,-0.185333037900109,-0.191764772194893,1,0.840308336021852,0.148719211417535,0.00901549936693583,0.0867604893011833,0.149260810979204
"b_ACC_1",-0.138256542709285,-0.0402703931456152,-0.283825081825642,-0.14270722633269,-0.0884246155875555,-0.0409659891943447,-0.145649955610133,-0.110660248040339,0.840308336021852,1,0.0253554590866654,-0.0683021816117192,-0.0466452905871963,0.194297095624607
"b_SI_CAMFD",-0.0996941413553259,0.234876940956256,-0.311985845430105,0.217168423926797,-0.0428708774424327,0.0718101486494604,-0.0560677976664592,-0.0563749396672088,0.148719211417535,0.0253554590866654,1,-0.0256687058993722,0.179061114850746,0.0348470845000175
"b_SI_PANEL",0.261984506223611,0.33073642733809,0.0188789807775598,0.0738377850151071,-0.0323324223211454,-0.0209836592935896,0.0768999263270388,0.000476770098685764,0.00901549936693585,-0.0683021816117192,-0.0256687058993722,1,-0.0723770026242634,-0.129832601145934
"b_SI_ZER",0.102120538657333,0.27469119407628,-0.0986736351126774,0.0335320169823514,-0.205449121192131,-0.116925824471859,0.0707925260030157,0.0411928955957519,0.0867604893011833,-0.0466452905871964,0.179061114850746,-0.0723770026242634,1,-0.152556102086777
"b_SI_MTRP",0.0398586821607283,-0.0906569217142444,-0.0429318156910003,-0.163178705498699,0.0711180222818542,0.0338161698339424,0.138376078088736,0.113886845280165,0.149260810979204,0.194297095624607,0.0348470845000175,-0.129832601145934,-0.152556102086777,1
