"","asc_ruta2","asc_ruta3","asc_rutaEC","b_time","b_dist","b_clima","b_cong","b_Hvalle","b_T_prof","b_Hor_trab","b_EduBasica","b_Info_traf","b_Joven30","b_Adulto40","b_Adulto60","b_USOCINTURON","b_USODISPMOB","lambda1","lambda2","lambda3","gamma_EDUBASICA","gamma_CSECO","gamma_CONG_EF","gamma_SININFO","gamma_HORAS_TRABAJO","gamma_HPICO","gamma_CONG_CD","gamma_USOCINTURON","gamma_USODISPMOB","zeta_FRbr","zeta_EnfCond","zeta_AFrSem","zeta_CulFr","zeta_OmLmVel","zeta_IgPare","zeta_UsoCel1","zeta_UsoCel2","zeta_PasoPeaton","zeta_UsoDirec","tau_FRbr_1","tau_FRbr_2","tau_FRbr_3","tau_FRbr_4","tau_EnfCond_1","tau_EnfCond_2","tau_EnfCond_3","tau_EnfCond_4","tau_AFrSem_1","tau_AFrSem_2","tau_AFrSem_3","tau_AFrSem_4","tau_CulFr_1","tau_CulFr_2","tau_CulFr_3","tau_CulFr_4","tau_OmLmVel_1","tau_OmLmVel_2","tau_OmLmVel_3","tau_OmLmVel_4","tau_IgPare_1","tau_IgPare_2","tau_IgPare_3","tau_IgPare_4","tau_UsoCel_1","tau_UsoCel_2","tau_UsoCel_3","tau_UsoCel_4","tau_PasoPeaton_1","tau_PasoPeaton_2","tau_PasoPeaton_3","tau_PasoPeaton_4","tau_UsoDirec_1","tau_UsoDirec_2","tau_UsoDirec_3","tau_UsoDirec_4"
"asc_ruta2",0.0464575137260844,0.0261782895006277,0.101720625995544,-0.00542242526279492,0.012266927386924,0.00446230571475474,0.00457855379878853,-0.0366366433921912,-0.00129626730484847,-0.00428193278018551,-0.0696617558958295,-0.0157785260148356,0.0180900584891525,-0.00990965863953907,0.0325007500153147,-0.00225907386573008,-0.0161139489886865,-0.00597716012164221,0.00369020002861332,-0.0799644634332475,0.000211766441557659,2.4079978024949e-05,3.73828237252856e-05,-6.89166212818981e-06,1.22291827482695e-06,2.39374823895411e-05,-9.61509652059068e-06,4.38056008840361e-05,2.26563455400424e-05,5.32026526036069e-05,6.47782387201768e-07,-0.000119704358791187,-3.87835319312598e-05,6.63429558351535e-05,0.0122724792875677,1.58495513109054e-05,3.68535637184425e-05,4.95217930959765e-05,-2.60090637297175e-06,0.000862893482495115,0.000887692844909717,0.000926835518863856,0.00122221542733939,0.000482778755449836,0.000481411606743848,0.000501084806859732,0.000561357661547447,0.00103721859061026,0.000899738536615326,0.000914458176971151,0.00103344243604897,0.000356622877437912,0.000324001901923592,0.000315812571281435,0.000315379972185208,0.000236382674847463,0.000313170812336123,0.000328718006308262,0.000347516672753068,0.00477223042181417,0.0183028223084569,0.0242568299389262,0.0275374549312028,4.67085988604976e-05,5.15851007257756e-05,5.40745437241658e-05,5.97485610220246e-05,8.61042348955789e-05,9.29978797708272e-05,9.89153322800556e-05,0.000116571047010692,9.11240717279153e-05,9.04614933707916e-05,8.92363561112787e-05,8.81290113019668e-05
"asc_ruta3",0.0261782895006277,0.0889133838644627,0.121447822510015,-0.00928998617685971,0.0248536725265063,-0.0184748623572196,0.00659146039903747,-0.0431583663504818,-0.00154630795133852,-0.00222671082069865,-0.0994464035489262,-0.0236469944297664,0.0330577000613479,-0.0145691481671673,0.0594302477477735,-0.0224184592300542,-0.016420662783132,-0.0143820960319015,0.00897024341498073,-0.108129600858982,0.000293843267810343,3.49555729280661e-06,3.48544625732707e-05,-1.82315875839579e-05,1.80570689489123e-06,2.25164032146103e-05,-2.12928285529686e-06,5.9174101865178e-05,2.92632073386878e-05,5.16646778787226e-05,3.04111215581164e-05,-0.000165541477239452,-3.97962925628947e-05,0.00011625055954169,0.0127716208186063,9.94920564406718e-06,5.25447533305672e-05,7.6755291208183e-05,-8.57657289803449e-06,0.00105646372194179,0.00106228904188494,0.00111201624829453,0.00148761290350291,0.000576111928816611,0.000598430852541048,0.000627999298748702,0.000722878064151458,0.00126920319210209,0.00107169260004473,0.00109731899224417,0.00124566502616758,0.000427366866627096,0.000390047972268527,0.000382467398485196,0.000389897604499589,0.000286033255548633,0.000421419144598624,0.000448507851492914,0.000482779517599376,0.00684630052867297,0.0203240564121462,0.0273330146243429,0.030310635517219,6.49218418690137e-05,6.83920255568706e-05,7.05808340794366e-05,7.58640069614722e-05,0.000121860826000915,0.000132779900601941,0.000141914070440904,0.000168590037976754,0.000130925350848699,0.000128944786815019,0.000126527793820185,0.000123565772859335
"asc_rutaEC",0.101720625995544,0.121447822510015,-392.026741573301,-0.0501141925477738,0.0698812727467709,145.638394007729,0.020244650532543,-22.989609626183,-0.387455884830169,17.1740177564962,144.333800718277,3.005298022698,-114.506618356673,22.0890159484314,-12.5539188345044,7.6869728462211,40.8126865034749,-6.37587661285638,5.58779781536151,144.367558107061,-0.519050234435922,0.0353982803060787,-0.056442645422107,0.0893041238156524,-0.00619961840312468,-0.0436282675327601,-0.0320389281293041,-0.0814437851264404,-0.0669496118048696,0.0205031820861559,-0.00896712102286517,0.174407097417508,0.133032016677034,-0.334225556782736,-34.6237662363842,-0.0262330499180837,-0.00779099026584448,0.00472319839513686,0.194400717985534,-1.40042342363273,-1.48389055761185,-1.53359193851692,-2.07656553802985,-0.774441704031598,-0.835889006341621,-0.875122973316143,-1.00948750206729,-1.60991618004962,-1.56237186916098,-1.61080148704213,-1.99208207578034,-0.629673598279282,-0.539964910220544,-0.518940027494413,-0.501805545393997,-0.761926859043995,-1.04772130039075,-1.11917052668912,-1.21378434803411,-14.8436579289336,-52.4301681395421,-64.8648183123579,-77.3070755982122,-0.140333006640203,-0.141067694621273,-0.141981556928946,-0.150468359379328,-0.204961870566577,-0.198436238094898,-0.197848700218319,-0.201715921040352,-0.250317913356467,-0.232328335241142,-0.219110734765295,-0.14813313422762
"b_time",-0.00542242526279492,-0.00928998617685971,-0.0501141925477738,0.00359559518500423,-0.00764623902530212,0.0187676504007228,-0.00596401687261204,0.010516960328459,0.00028195954520808,0.00133298387173106,0.0131588286438617,0.0042161933695609,-0.0241168878265101,0.0106638669115241,-0.0167002177677291,-0.00254217019217448,0.0113181557171678,0.00357233672343573,-0.000724311523304131,0.0452313275480396,-2.2188430028223e-05,1.8727244112826e-05,1.07888278126164e-05,5.59935333550637e-06,1.25045927541046e-06,6.6782133363404e-06,9.98215738066357e-06,-1.00342541897942e-05,-4.68644692943521e-06,5.80932913883662e-05,-2.23334729656464e-05,3.93155029693941e-05,4.95218316135684e-06,-4.38285363762312e-05,0.00565826473685767,9.83956806920103e-06,-7.16540371590401e-06,-3.76444587451719e-05,-1.61073706587673e-05,1.33065600772317e-05,7.60989525999222e-05,7.39183410904753e-05,9.95707180222839e-05,3.34065882766089e-05,1.3215235222027e-05,4.60082886823547e-06,-1.81665147069281e-05,2.99612164027354e-05,6.51117410609707e-05,5.49682310211437e-05,7.26820393171978e-05,6.84047193525151e-06,1.920368122387e-05,2.05013256179188e-05,1.62770999220602e-05,0.000106349195795151,5.40128141352723e-05,4.46142982556974e-05,2.68020242388254e-05,0.000590906595614738,0.00770308577485679,0.00821743081510085,0.0104806319187063,6.96735228662029e-06,8.25587646410828e-06,8.77097537180596e-06,1.11970490301395e-05,-9.80042771285875e-06,-1.67290960502571e-05,-2.113875304334e-05,-3.2454394820967e-05,-9.31118935721002e-06,-1.14231417433891e-05,-1.26604791232017e-05,-1.83991106226852e-05
"b_dist",0.012266927386924,0.0248536725265063,0.0698812727467709,-0.00764623902530212,0.0337848159280531,0.00103942917215579,-0.0018297078629366,-0.0506259331436778,-0.0017194360738616,0.00101005024528358,-0.129699968731688,-0.0301399711478918,0.0101319033784139,-0.00725336548388456,0.0689265377598576,-0.0491286715612319,0.00207350095618944,-0.0190103646074568,0.0148521822278267,-0.0905204962897952,0.000403827126661948,1.00280159736828e-05,6.79999558708934e-05,-3.83382713629224e-05,4.06765948439653e-06,4.18999597133693e-05,6.63250378243793e-06,7.37919787997688e-05,3.48965970550026e-05,0.000140771286594392,-6.27139484919205e-06,-0.000206829368252314,-6.35374678150519e-05,0.000115146120862651,0.0266391571704511,2.6384534212951e-05,6.22214802644524e-05,5.70326437845632e-05,-4.55685415569045e-05,0.00140690945970338,0.00152246426189513,0.00159285320886726,0.00218557884502787,0.000811173656571346,0.000813318349459058,0.000842105610017619,0.000944419545734646,0.00172730928900341,0.0015071692925756,0.00153339733929181,0.00177539389221649,0.00058587230220832,0.000544712504606588,0.000534943702536239,0.000537685448045086,0.000547119573797597,0.000672370421833867,0.00069864958808102,0.000725063264182154,0.0100775721892956,0.0399206827457406,0.0510754982476683,0.0585639081916344,0.000102699140695592,0.000108543013969771,0.000111953466926367,0.000122361988028782,0.000165919870960157,0.000171223390392389,0.000177549567916278,0.000199581640352459,0.000181992805521742,0.00017434501158438,0.000168062053877682,0.000151979177605218
"b_clima",0.00446230571475474,-0.0184748623572196,145.638394007729,0.0187676504007228,0.00103942917215579,48.8725597167325,-0.199682059712545,-47.5526571039616,-1.84892699623492,-13.6760153727263,-117.26577772204,-18.246561121425,28.395671454476,10.0537370595075,22.316352693023,15.2460288883367,-13.3850836157887,1.56260623034497,0.152421645387995,-98.5809869239174,0.444838239195353,0.0752710360285054,0.0713444567155299,0.0170270545971015,0.00523555979484867,0.0495156514261379,0.0154121795221386,0.0705623012347885,0.0455388360781932,0.228801410985079,-0.0641772557884242,-0.11438207960125,-0.0864331968164864,0.0976648256680151,32.8399812706243,0.050759463461824,0.0640954861348869,0.0201156608701583,-0.070226109335984,2.02246223869328,2.19281891036523,2.27062252075981,2.95500295825588,1.19010875177288,1.12359526047413,1.14545979335407,1.22307801016977,2.41370943072335,2.24049457817833,2.25981479044317,2.61125270798349,0.843890826814314,0.786595547642707,0.765669871468868,0.74908282309468,0.692898285049643,0.79443281780377,0.814568062035402,0.829324818954624,11.7957902798085,48.6355755715436,60.8170781197974,71.4014019571071,0.112622819396751,0.126078423508931,0.132723497578526,0.149317594250374,0.1710444232349,0.169368441515714,0.171203563761081,0.182227392180262,0.19037862366608,0.182993083623654,0.176959187471367,0.149851437747256
"b_cong",0.00457855379878853,0.00659146039903747,0.020244650532543,-0.00596401687261204,-0.0018297078629366,-0.199682059712545,0.0658680604901511,0.0827014972875584,0.00405309651680737,0.00461070674650492,0.401200366759393,0.0567662369159888,0.162675041215548,-0.0793534156912007,-0.0683803808620332,0.157805748842891,-0.0767716948633987,0.0179797842852021,-0.0255628035273376,-0.0850435392114218,-0.00159538858877645,-0.000401525597111415,-0.000460641682048905,5.38231087612683e-06,-3.67953951908759e-05,-0.000294491042922501,-0.000167414767088894,-0.000213975503349114,-0.000129474170435586,-0.00145866488664089,0.000200758780630235,0.00026149427650257,0.000197837430392746,-7.3654143216467e-05,-0.203998306109804,-0.000272801854095709,-0.000185649778014661,0.000208855362265005,0.000396824599458592,-0.00767614244926343,-0.00887680972753802,-0.00918171579725162,-0.012260537869307,-0.00467571230857887,-0.00443866328631822,-0.00448244692280088,-0.00471075418062456,-0.00940181938646465,-0.00883082225434126,-0.00882455446227532,-0.0103220912950762,-0.00316570392826552,-0.00309702430347842,-0.00305801574874592,-0.00302149018070418,-0.00408974833221531,-0.00405695911560564,-0.00408552847445015,-0.00402674333002257,-0.0591139741258225,-0.296920377486737,-0.356675003661622,-0.424645763604745,-0.000586382262279577,-0.000634673850053509,-0.000658819003707559,-0.000741113208820454,-0.000649015101396967,-0.000587246026388278,-0.000562020670420238,-0.000524231351488578,-0.000724229874752672,-0.000669482473333294,-0.000629134996454088,-0.000487131897151306
"b_Hvalle",-0.0366366433921912,-0.0431583663504818,-22.989609626183,0.010516960328459,-0.0506259331436778,-47.5526571039616,0.0827014972875584,57.4901372814713,1.25191837642838,3.95909244032104,43.0807379816153,8.8706037618834,-16.5854881346223,-6.17859417844017,-15.7689828388554,-11.5656582130828,-2.18347655675071,-2.63191927016336,-1.13963049452608,73.429039760745,-0.125547550273474,-0.0608855734277826,-0.0315699195135099,-0.016653439305076,-0.00177077004907193,-0.0276062878411207,-0.00552153403070239,-0.0364348518593824,-0.0258766207271892,-0.146829519684438,0.0321787202683621,0.00366129072498014,0.0246623418332841,-0.0178848896880713,-12.8581017925721,-0.0299284134632167,-0.0306461670476666,-0.0284180501681638,-0.0186819755470609,-0.758167817986304,-0.841672284093319,-0.880873460057658,-1.17064668014903,-0.462204124886219,-0.412083905405857,-0.417046826576449,-0.434497664341467,-0.919844957715848,-0.858393781141922,-0.864953774435577,-1.012788755759,-0.321730677972904,-0.298518944281858,-0.288806116709961,-0.282127459730983,-0.329019936433779,-0.338964618844673,-0.345573426818531,-0.348245684184387,-5.89949492685634,-19.7939376535156,-25.3319197429718,-29.5295671765347,-0.0480784552776347,-0.0549316266553982,-0.0582759664653921,-0.0666252665273543,-0.0565247237350867,-0.0603390613910092,-0.0637647077010374,-0.0746719912654072,-0.0551523767678106,-0.0583023819409699,-0.059895279254542,-0.0655995757849089
"b_T_prof",-0.00129626730484847,-0.00154630795133852,-0.387455884830169,0.00028195954520808,-0.0017194360738616,-1.84892699623492,0.00405309651680737,1.25191837642838,0.0662530010999462,0.135758002544502,1.99789709160429,0.265386694649873,0.110579031491704,-0.478629689868247,-0.575738335108162,-0.391421785487936,-0.00704769029283324,-0.035006355736999,-0.034644681062142,1.50366438407648,-0.00808976579994942,-0.00268132101621969,-0.000989366932541611,-0.00067079784510786,-3.52324194532365e-05,-0.000713197610547093,8.02889868454973e-05,-0.00123178608049098,-0.000633481128721302,-0.00552443735603909,0.00142751014096972,0.00120398360554683,0.0013085655909945,-0.000515262209012395,-0.350561872064254,-0.00116588175657723,-0.00149826218339083,-0.000360373000294378,0.000606135613360689,-0.0439965615432663,-0.0473060380555206,-0.0488033523416599,-0.0616953322227769,-0.0258867475196132,-0.024001072722119,-0.0243019199954323,-0.0253365672967545,-0.0522101847242257,-0.0485935035122819,-0.0488921937379141,-0.0550337681473621,-0.0178044577560415,-0.0169991053295485,-0.0166246982626205,-0.016268451652214,-0.0089062599689843,-0.00918214841995985,-0.0091424251527841,-0.00891414133268554,-0.154589208521901,-0.519124724065413,-0.699913958115629,-0.789278513210543,-0.00144936526734159,-0.00178853082925878,-0.00193891714195217,-0.00226134195868697,-0.003060126482333,-0.00302646795316253,-0.00304621426357533,-0.00324060251783837,-0.0032491180631467,-0.00316021437561823,-0.00308357352856691,-0.00283124186912224
"b_Hor_trab",-0.00428193278018551,-0.00222671082069865,17.1740177564962,0.00133298387173106,0.00101005024528358,-13.6760153727263,0.00461070674650492,3.95909244032104,0.135758002544502,-0.00233504979593109,-3.674047139426,0.580419238842295,5.72016319413046,-2.61034894265719,-0.228092032235599,-3.16227462338239,-1.46506010067149,0.394782639870099,0.0206888773796276,-4.63344183634042,0.00752281599084927,-0.00273468339244072,-0.00286679458284957,-0.000784723369858677,-0.000117604690285255,-0.00141540102895461,0.000401598395287676,0.00102165738816063,0.00133544740190718,-0.0124664674791224,0.00722115164864661,-0.00188610868153799,-0.00130860648777742,0.0166952182310771,-1.3183333552491,-0.00243778469158657,-0.00418352211201965,-0.00187121117941942,-0.00982931844579461,0.012766923801984,0.00948892473804418,0.00726877619180259,-0.00219765137051287,0.00226037235991243,0.0118176570056724,0.0129774124012869,0.0170427903578333,0.00708242240263757,0.0147616259793253,0.0161774433012698,0.0142919617180501,0.00501061324639718,0.00380913128223648,0.00404744173932513,0.00447224424498752,-0.00778251816848479,0.00374964944369152,0.00723218156835596,0.0130261579263176,0.202523665049996,-1.53700665816264,-1.72776830748507,-2.2360517938809,0.000476581079301873,-0.00053104046684134,-0.00103797953410315,-0.00189685065860319,0.00295316609279277,0.00253404931541646,0.00235659940638636,0.00183581193252812,0.00515012261374647,0.00420755002846923,0.00356158010990445,4.25487883697485e-05
"b_EduBasica",-0.0696617558958295,-0.0994464035489262,144.333800718277,0.0131588286438617,-0.129699968731688,-117.26577772204,0.401200366759393,43.0807379816153,1.99789709160429,-3.674047139426,317.524158581016,10.4965790434402,50.6713043129407,-39.1957444486593,-32.2647313438723,40.8509027319584,-15.4286114793938,-1.82882146408916,-1.04465238714238,-45.8855820673371,-1.48165711085668,-0.266915503225894,-0.0211526313360072,0.0816802649206149,0.000485140437072707,-0.0170299092864233,-0.00287484879792255,-0.0738803477193773,-0.0133309153406302,-0.451408086450249,0.162135190928215,0.350210496861686,0.212861674382768,-0.123729718035935,3.26815004088641,-0.0172135760792041,-0.233908027744241,0.0106030827453546,0.258420425384608,-6.63176752136622,-6.94197510473866,-7.04678615693999,-8.6362085294665,-3.80080280597976,-3.65026215564804,-3.69152967679779,-3.86968569887998,-7.74129468356689,-7.11804365924579,-7.1678221797241,-7.90295007627255,-2.57179912492801,-2.53818316901886,-2.49752530310459,-2.429600348098,-0.335623386407643,-0.381180185829379,-0.373572990336245,-0.355113437475304,-9.59548343177977,-0.591188444022316,-7.78154912799484,-0.596107865729903,-0.126273938073075,-0.146916881316787,-0.152356526873987,-0.161347940403653,-0.489497145189863,-0.4707838547162,-0.464417966007315,-0.466051439853378,-0.54879251738952,-0.509978658524934,-0.482780863842271,-0.383749190238346
"b_Info_traf",-0.0157785260148356,-0.0236469944297664,3.005298022698,0.0042161933695609,-0.0301399711478918,-18.246561121425,0.0567662369159888,8.8706037618834,0.265386694649873,0.580419238842295,10.4965790434402,21.3060502861838,1.94864301794145,-4.58017215471467,-7.12456444672373,-0.427624767526292,-4.73080828282083,-0.810222747789218,-0.833674127194286,15.2153315916613,-0.0201988171932811,-0.0236385248578808,-0.000463840220997549,-0.0884290318598101,0.00068764556640682,-0.000990959341131716,0.00655611292539702,-0.00723874509869097,-0.00279362142457149,-0.0801615966891415,0.00173477026659342,-0.00566319403787977,-0.0146585968258766,0.00617703288378765,1.36998878609813,-0.00250513412751363,-0.0065051450878239,-0.00167349713419164,0.00368919347115263,-0.554638717617322,-0.597163244161994,-0.604370384250768,-0.659497209416504,-0.323496832246778,-0.30580120117618,-0.303355801365252,-0.300917457993589,-0.65145678025148,-0.607620305170801,-0.599688639462056,-0.567006471985834,-0.204286091199731,-0.210749711133872,-0.211856863800391,-0.215145594898267,0.0209823784231169,0.0287789708429306,0.0290909625628314,0.0287285227014296,0.228496115288687,2.17161097428215,1.56806670171128,2.4257807517863,0.00188809388674884,0.000602571079818338,0.000295275551218067,-0.000113071142436375,-0.00831150803217216,-0.00759875106984763,-0.00759328512387065,-0.00850454128832593,-0.0108768075004381,-0.00947678090548912,-0.00819633685042722,-0.00621021199163933
"b_Joven30",0.0180900584891525,0.0330577000613479,-114.506618356673,-0.0241168878265101,0.0101319033784139,28.395671454476,0.162675041215548,-16.5854881346223,0.110579031491704,5.72016319413046,50.6713043129407,1.94864301794145,16.0354690525085,8.57090202012205,5.3494289916898,9.68831312655294,12.9008218949071,2.187617272237,-0.909821349519588,-3.8588275900656,-0.228987537862746,-0.0545487791168979,-0.0170823952083882,-0.0271451147117822,-0.00166079186023265,-0.0110091117861844,-0.00702534386218431,-0.0132760756511502,-0.00635163508333698,-0.0503544019270273,0.00511674263068805,0.0507533866441196,0.0364776832902939,-0.0670614085412848,-8.1023556770034,-0.000418467003561113,-0.0161739534807889,0.0219657741166017,0.0837526194611397,-1.20725093798722,-1.27954572119398,-1.29814967879371,-1.52867187701951,-0.681542445541759,-0.690925080931545,-0.700424829947883,-0.739115676422254,-1.38034496849084,-1.34391465447514,-1.35425773529385,-1.46182171927041,-0.479858591068509,-0.463113341850922,-0.458126883261445,-0.451585410947405,-0.170611710338322,-0.246830246895741,-0.254261223194076,-0.262375694555681,-3.09923166623071,-12.3493730843965,-15.0969602716902,-17.3307904696598,-0.0373696917053657,-0.0388041131470978,-0.0392759663771071,-0.0412793966179739,-0.0798409112372326,-0.0734462162268204,-0.0705695072412356,-0.0652160029025541,-0.0980591643662376,-0.0879187279981737,-0.0807872545753349,-0.0501178624217712
"b_Adulto40",-0.00990965863953907,-0.0145691481671673,22.0890159484314,0.0106638669115241,-0.00725336548388456,10.0537370595075,-0.0793534156912007,-6.17859417844017,-0.478629689868247,-2.61034894265719,-39.1957444486593,-4.58017215471467,8.57090202012205,26.1816671670355,19.099917324423,-7.73027219368802,-0.87485635065135,3.5104541299877,-4.18816735639706,-1.70856475565268,0.15575352972606,0.0374420795377136,0.00883099370199426,-0.0106824654786284,0.000547396698247781,0.00642512645533356,0.00224750894366392,0.0130635734037248,0.00515764574688621,0.0645494651209043,-0.00616736010490711,0.00390883611253137,-0.00801163059913435,0.00376721576408083,3.18200787626486,0.0122568660630502,0.0235136443404853,0.00353851032433422,-0.0213428851296138,0.738095818252092,0.757842129250877,0.771048590085336,0.952209206560943,0.418721404373646,0.398894225609758,0.405437076488797,0.428009356949314,0.846287803092488,0.796531824523311,0.804975730279137,0.926141347839423,0.276684242762077,0.276255328554975,0.273903687488996,0.273892876386246,0.106280999981966,0.108858364130576,0.106804941466477,0.0999440492953296,2.02983768518078,5.2184066600342,6.980100536282,7.50339663354309,0.0206424982568032,0.0245294182497371,0.026344585132245,0.0301322406869727,0.0512141041544368,0.0503492251253786,0.0505488285307969,0.0527245311878941,0.0566231835786913,0.0542321454967121,0.0523778856622082,0.0442129856896601
"b_Adulto60",0.0325007500153147,0.0594302477477735,-12.5539188345044,-0.0167002177677291,0.0689265377598576,22.316352693023,-0.0683803808620332,-15.7689828388554,-0.575738335108162,-0.228092032235599,-32.2647313438723,-7.12456444672373,5.3494289916898,19.099917324423,28.9024081105422,-13.1971758230766,6.78569073433374,4.10967317604752,-2.36662938623596,-7.33373842573965,0.109697731345975,0.0179448408627614,-0.0113628910633147,-0.00380005483353419,-0.000737687220667337,-0.00577505943023921,0.000246511084759708,0.0087707413777426,0.000991318606062876,0.0667694227750519,0.00416044535955889,0.0272631990971655,-0.000750350168970996,-0.00238848930503246,-5.14413157476488,0.00479606256298476,0.0215466148405502,0.0129130218331683,0.00417415793249769,0.505199984614349,0.517917506975082,0.525043160942557,0.645886694534656,0.286986009506722,0.271633492785119,0.276152765681215,0.291329186722838,0.580233713609168,0.541854918266741,0.548886688250623,0.631745905928025,0.184340867202287,0.189101751302676,0.187017605296447,0.184706544213519,-0.0315093204322233,-0.0432377771828442,-0.0450513237948135,-0.0477880246824013,0.435137471875681,-6.45298410010646,-6.75145282399097,-9.21120239089628,0.00173216744826111,0.00389128655140587,0.00460372366946351,0.00525731224556253,0.033791403622983,0.0350784370390359,0.0364492735799589,0.0407998947497552,0.0341805821872784,0.034003713798611,0.0339323444088201,0.0349696959802986
"b_USOCINTURON",-0.00225907386573008,-0.0224184592300542,7.6869728462211,-0.00254217019217448,-0.0491286715612319,15.2460288883367,0.157805748842891,-11.5656582130828,-0.391421785487936,-3.16227462338239,40.8509027319584,-0.427624767526292,9.68831312655294,-7.73027219368802,-13.1971758230766,55.5028546986133,-2.63197935753743,-2.11292523229959,2.26405124593274,-49.5228677599299,-0.185329935566896,0.000532177590198464,0.0215159509338563,0.0364615439195837,0.00281688335246104,0.0171331048108075,0.00508081269052907,-0.0371840012393789,0.00416199152968582,-0.0430244391984181,-0.0101216086389828,0.0649311141113375,0.0176773520099398,-0.0472918262778852,18.4642627993892,0.00728847634497315,-0.0255652845999369,-0.0151808384435483,0.0283241054483957,-0.599618577968231,-0.629710472565885,-0.632063718594581,-0.788065254083554,-0.336358483257827,-0.342887480887212,-0.347846647937714,-0.376857312076863,-0.716002539504904,-0.610320057328121,-0.612690171597049,-0.657199147307525,-0.226255691965054,-0.231032826457346,-0.228201283833063,-0.219621678226777,0.0988275939952045,0.0982686245285835,0.0953873900077462,0.0905958442994756,-1.86715817195613,22.7330120565456,23.313069783064,33.1278671158243,-0.00207835224725261,-0.00121571312238442,-4.92856472506229e-05,0.0033059970521737,-0.0667974325898723,-0.0685582673241158,-0.0701230555061965,-0.073916166836177,-0.0748685660103022,-0.0707087745077101,-0.0679450565224558,-0.0569495036050102
"b_USODISPMOB",-0.0161139489886865,-0.016420662783132,40.8126865034749,0.0113181557171678,0.00207350095618944,-13.3850836157887,-0.0767716948633987,-2.18347655675071,-0.00704769029283324,-1.46506010067149,-15.4286114793938,-4.73080828282083,12.9008218949071,-0.87485635065135,6.78569073433374,-2.63197935753743,23.2685099990754,2.09734760383677,-0.340007383127287,-29.7052436097659,0.0350347909262059,0.000240957531817559,-0.0103957550980689,-0.0118571072104363,-0.00090667928680863,-0.0088917396151768,-0.0158959051116608,-0.00448640508639785,-0.0426265876471949,-0.00495743524691601,0.0189938574597664,0.00321148014680906,-0.00436578412548867,-0.026656457641398,-1.33763148682771,0.00118902434836682,0.0242710299016068,0.0425800701203046,0.0260238638503993,0.0696485114537144,0.0672136501815699,0.0684765615122915,0.0949544997724146,0.0288037845202181,0.0515530722061761,0.0582625356997368,0.0746789078919444,0.0718830947393101,0.0792864442371485,0.0822619563366649,0.120420960978897,0.0287745648737915,0.0262394772552851,0.0255419697226343,0.0264546647452373,-0.142300051111343,-0.172223959374736,-0.19287821213294,-0.222636144499888,-3.99692902366808,-4.65012407812053,-6.59021974489715,-8.11890934830672,-0.0205466892631835,-0.0159790475278003,-0.0153241143762728,-0.0163317749641272,-0.00479212441379427,0.0034146893804873,0.00836027408089995,0.0197158374029232,-0.0068460217375698,-0.00350293150879012,-0.00116081391345589,0.00721452709084768
"lambda1",-0.00597716012164221,-0.0143820960319015,-6.37587661285638,0.00357233672343573,-0.0190103646074568,1.56260623034497,0.0179797842852021,-2.63191927016336,-0.035006355736999,0.394782639870099,-1.82882146408916,-0.810222747789218,2.187617272237,3.5104541299877,4.10967317604752,-2.11292523229959,2.09734760383677,4.05950909584563,-3.19098113020349,-0.584591170825846,0.00599489094058704,0.00185302580172536,-6.19342818377587e-05,0.000573071306450213,0.000223681944223307,0.000150280302106198,0.00276016049807281,0.000985722170052163,0.00060858195903366,0.0224899395133721,0.0048654768871036,0.0206442351013234,0.00423731225354955,-0.00615821329024077,0.318342186005211,0.00154321661184232,0.00548957755251531,0.00452291176034409,0.00716610770759746,0.0437696976059934,0.0476532532925322,0.0475644883932154,0.0717148137424284,0.0269373569389781,0.0231826485460201,0.0230792762238148,0.0252146542703758,0.0504451749979713,0.0491484806686355,0.0487360791446384,0.0761259405537327,0.0150114957886094,0.0171755883414784,0.0170704071904758,0.0166738203010902,0.0262772835823817,0.0166088912680052,0.0152559526117925,0.0124336501679346,0.468660955558788,0.758610291162025,0.870653982919931,0.927307172499936,0.0040129342605765,0.00419980992510357,0.00430397512708697,0.00467297740086531,0.0026899408323665,0.00358267164911563,0.00412806304362619,0.00530811095647274,0.00141094626439,0.0023575704013332,0.00298721596703187,0.00531499287484437
"lambda2",0.00369020002861332,0.00897024341498073,5.58779781536151,-0.000724311523304131,0.0148521822278267,0.152421645387995,-0.0255628035273376,-1.13963049452608,-0.034644681062142,0.0206888773796276,-1.04465238714238,-0.833674127194286,-0.909821349519588,-4.18816735639706,-2.36662938623596,2.26405124593274,-0.340007383127287,-3.19098113020349,6.53145897630405,-11.7074265747007,-0.0169644428525739,-0.00315876481561434,-0.00209766648081327,0.0122345253264675,-0.00011547617527128,-0.000957789356791388,-0.000262861126053899,0.00257876728318945,0.00188977821775947,-0.00837168122158068,-0.000103624251602263,-0.0102974086978847,0.00280856146357321,0.00738162437133505,-0.46494086432531,-0.00466794748445858,-0.014709512702328,-0.0119739953448506,-0.0132678589531696,-0.0515897472102404,-0.0445953990974272,-0.0435669742714923,-0.0727940500770654,-0.0285941281751619,-0.0236370103280568,-0.0241930165133013,-0.0277737007589409,-0.0566973868460255,-0.0477677946026779,-0.0491894656973446,-0.084372313800842,-0.0192178764522998,-0.0189063614781207,-0.0177317015849741,-0.0149316960341261,-0.0100940210546229,-0.000359576830065026,0.00252224813790222,0.00696125108810162,0.0407220887066781,-0.645144151624836,-0.558021076710628,-0.697957093033981,-0.00151995695663334,-0.0035057293254935,-0.00411015292330036,-0.00507862728234086,-0.00301848385179546,-0.00537155749433481,-0.00672731120912846,-0.00997952273017679,-0.000839561548788982,-0.00253176383809915,-0.00357839609365092,-0.00797364183967063
"lambda3",-0.0799644634332475,-0.108129600858982,144.367558107061,0.0452313275480396,-0.0905204962897952,-98.5809869239174,-0.0850435392114218,73.429039760745,1.50366438407648,-4.63344183634042,-45.8855820673371,15.2153315916613,-3.8588275900656,-1.70856475565268,-7.33373842573965,-49.5228677599299,-29.7052436097659,-0.584591170825846,-11.7074265747007,124.83723129885,0.318143712765409,0.0138595034702,0.00111754152118343,-0.0826083262313368,-3.72084318906831e-05,-0.00303260911374569,-0.00171787855130349,-0.0256312409241483,-0.022610288513897,-0.114916455358238,0.0389495563921653,-0.057989761588982,-0.0436739882286574,0.072199137755155,-3.11969112687085,-0.0186827091502767,0.00926697867566418,-0.031893652971664,-0.138496694195211,1.0146064325493,0.965561752932979,0.947780487438461,1.09178197180804,0.514049641926974,0.585092403577589,0.607589426706859,0.680275462879563,1.07654512528195,1.06788981932293,1.09067281226683,1.27556189500622,0.370036729898435,0.365901537905656,0.365381156794919,0.363305895447494,-0.0893260793616564,-0.0322364374970546,-0.0301504219517157,-0.0255927380358221,-1.76910293653743,-4.27977311719843,-6.74026257150218,-8.59315116127512,0.00781832196363396,0.0055953285060873,0.0032246332322115,-0.00152181569791794,0.0870138477822122,0.0777856415129536,0.0727765970882937,0.0630892720690348,0.115713282524509,0.0985652692783168,0.0872918718974173,0.0374407150437333
"gamma_EDUBASICA",0.000211766441557659,0.000293843267810343,-0.519050234435922,-2.2188430028223e-05,0.000403827126661948,0.444838239195353,-0.00159538858877645,-0.125547550273474,-0.00808976579994942,0.00752281599084927,-1.48165711085668,-0.0201988171932811,-0.228987537862746,0.15575352972606,0.109697731345975,-0.185329935566896,0.0350347909262059,0.00599489094058704,-0.0169644428525739,0.318143712765409,0.00730939440545384,0.00130676350694914,0.000175149680797821,-0.000467451635918725,2.20601411601654e-06,0.000122196265695286,1.59282296547928e-05,0.000332239914391152,5.94217216426685e-05,0.00214377755166466,-0.000745825599220131,-0.00168201807109937,-0.00108624108412019,0.00073270972874559,0.0128803698601541,8.92400346091024e-05,0.00113108796003226,-6.33177851104544e-05,-0.00132088543894631,0.0324235474620438,0.0339377910924779,0.0344450926315435,0.0423056041745618,0.0185584784948222,0.0178880053018632,0.0181079619270297,0.0190277674015365,0.0377929524982982,0.0348556397011048,0.0351150563420197,0.0389183502968176,0.0126183967097687,0.0124133872374022,0.0122081013711031,0.0118642207109582,0.00190279866015529,0.00225351270513054,0.00224448313150789,0.00219412393956308,0.048004076359889,0.0414627326925325,0.0803451240456995,0.0567031066352486,0.000656058609936635,0.000757004459062777,0.000783220031013412,0.000829189870885975,0.00240914500870261,0.00231650820931054,0.00228401798295403,0.00228863853007822,0.00270973429212145,0.00251733648723746,0.00238174010106484,0.00187687860415621
"gamma_CSECO",2.4079978024949e-05,3.49555729280661e-06,0.0353982803060787,1.8727244112826e-05,1.00280159736828e-05,0.0752710360285054,-0.000401525597111415,-0.0608855734277826,-0.00268132101621969,-0.00273468339244072,-0.266915503225894,-0.0236385248578808,-0.0545487791168979,0.0374420795377136,0.0179448408627614,0.000532177590198464,0.000240957531817559,0.00185302580172536,-0.00315876481561434,0.0138595034702,0.00130676350694914,0.00716056498013686,6.87084532036044e-05,0.00176951451565905,1.06669139388543e-05,8.55463912785477e-06,4.94777605184622e-05,0.000119253157997075,1.65902565548991e-06,0.00682967806322585,0.00109382334249428,0.00706283004817507,0.00117338538407561,-0.000159920468186329,0.0330771050176246,0.000168706386223778,-0.00036159978959685,-0.000568058876240494,-0.000768503973523038,0.0399151697582158,0.0441792793373979,0.0442946258120514,0.0480493123314609,0.0232606551333433,0.0226905014433723,0.0225195970581826,0.0219407751536228,0.044162755955436,0.0481993414685764,0.0482040173448551,0.0521642880390404,0.0150474581208926,0.0154517417037059,0.0154758464272801,0.015411937614759,0.00110033526876194,0.00082045199365134,0.000866077053150636,0.000897400120327978,0.0209343081881498,0.050914721677499,0.0848736885084533,0.073716783075641,0.000168619497922986,0.000175604828615073,0.000174179730056256,0.00017361904607298,0.000560377904569984,0.000419386679488044,0.000362086732624416,0.00023123249033633,0.000769695874696068,0.000653621062541871,0.000561652581696943,0.000271316075488237
"gamma_CONG_EF",3.73828237252856e-05,3.48544625732707e-05,-0.056442645422107,1.07888278126164e-05,6.79999558708934e-05,0.0713444567155299,-0.000460641682048905,-0.0315699195135099,-0.000989366932541611,-0.00286679458284957,-0.0211526313360072,-0.000463840220997549,-0.0170823952083882,0.00883099370199426,-0.0113628910633147,0.0215159509338563,-0.0103957550980689,-6.19342818377587e-05,-0.00209766648081327,0.00111754152118343,0.000175149680797821,6.87084532036044e-05,0.000203545639906634,9.27840355452219e-06,1.39001237607794e-05,0.000118761150338128,3.34431134532629e-05,5.53007462861995e-05,3.91962252128263e-05,0.000259754106985428,-0.000111762026649332,-0.000219499878870147,-4.877901978492e-05,-7.31769907410693e-05,0.0826213971019336,8.65487029181298e-05,8.53418588805373e-05,-8.72881952226963e-06,-9.34662518943553e-06,0.00105249299141559,0.00128763381553762,0.00136195111529939,0.00197902027500238,0.000692334851637434,0.000591577550225478,0.00058916333846738,0.000609130033778529,0.00141671730413073,0.00116975517158943,0.00113543801503633,0.00133658677052654,0.000461614189492483,0.000443474198340089,0.000432906581294204,0.000424013942482498,0.00141946536628254,0.00140561535987477,0.00139548710028754,0.00134448904980696,0.0175163192476872,0.117640148942116,0.138958093156299,0.167767368167799,0.000185561121427182,0.000204316911306465,0.000215804494657381,0.000247868211402408,0.000106800298238546,0.000103475218578992,0.000101928262653681,0.000101886651933511,0.000107578731896083,0.000107250620947879,0.000105659637898343,0.000101391739450221
"gamma_SININFO",-6.89166212818981e-06,-1.82315875839579e-05,0.0893041238156524,5.59935333550637e-06,-3.83382713629224e-05,0.0170270545971015,5.38231087612683e-06,-0.016653439305076,-0.00067079784510786,-0.000784723369858677,0.0816802649206149,-0.0884290318598101,-0.0271451147117822,-0.0106824654786284,-0.00380005483353419,0.0364615439195837,-0.0118571072104363,0.000573071306450213,0.0122345253264675,-0.0826083262313368,-0.000467451635918725,0.00176951451565905,9.27840355452219e-06,0.00807383363440616,4.91598689567622e-06,-7.98471393660756e-06,8.16030521086427e-05,5.76114224240996e-05,-1.13863491078742e-05,0.00572452096699662,0.00117375110768146,0.000897862174461037,0.00182707304815673,-0.0013500193266968,-0.0252426262399896,-3.36877441120888e-05,8.07431871364666e-05,-0.000109906095999367,-0.000285595924242683,0.0388645199040972,0.0422193318296314,0.042684669407434,0.0440139716255906,0.0223463376911613,0.0222561725013521,0.0221502011547344,0.0220813923277792,0.0453726516144357,0.0431876304444165,0.0424064707676553,0.0378883693263559,0.0140294768852777,0.0147575141470317,0.0149902063800817,0.0155579158481085,0.000456045084376421,-0.000561414216499314,-0.00067912382843086,-0.000937402900422265,0.0151973577738818,-0.0167408628649941,-0.000816102919443192,-0.0337122398252638,-1.75822042102063e-05,2.69016450746442e-05,3.62890457301631e-05,5.01264001472606e-05,-5.89609540502924e-05,-0.000104150945188899,-0.000113194800796846,-0.000135241874124131,8.16812605037959e-05,4.00656697288682e-05,-1.09649981223628e-05,-0.000156489646224369
"gamma_HORAS_TRABAJO",1.22291827482695e-06,1.80570689489123e-06,-0.00619961840312468,1.25045927541046e-06,4.06765948439653e-06,0.00523555979484867,-3.67953951908759e-05,-0.00177077004907193,-3.52324194532365e-05,-0.000117604690285255,0.000485140437072707,0.00068764556640682,-0.00166079186023265,0.000547396698247781,-0.000737687220667337,0.00281688335246104,-0.00090667928680863,0.000223681944223307,-0.00011547617527128,-3.72084318906831e-05,2.20601411601654e-06,1.06669139388543e-05,1.39001237607794e-05,4.91598689567622e-06,3.64910905704527e-06,-8.11024834744956e-06,1.66961521242403e-05,6.54479898440683e-07,-8.42751378179683e-07,7.12802917907596e-05,3.64103463748686e-08,-1.83452929163609e-05,1.21302353847569e-06,-1.42309504529539e-05,-0.010733870492915,9.40164239419424e-06,8.333603375232e-06,-2.47429944108416e-06,2.35535615909064e-06,4.468893058726e-05,9.5971293758266e-05,0.000109426177839527,0.000189326914632868,4.32103575972753e-05,3.45575972795695e-05,3.31821751388405e-05,3.38603850578666e-05,9.97937742057918e-05,5.50746975379839e-05,4.83833119936157e-05,5.52957444618286e-05,2.84035929785204e-05,2.73802125824963e-05,2.60487001856234e-05,2.4140529039065e-05,0.000190780855038856,0.000188636302208075,0.000186710062484641,0.000179437014301882,0.00757188317359656,-0.00520119675896275,-0.0058678461560588,-0.0133212584664021,2.41631294719034e-05,2.59081708752999e-05,2.7162512912193e-05,3.06696532277647e-05,4.47494782260909e-06,3.93083468780154e-06,3.73006665737835e-06,3.0194364803548e-06,3.71580006153824e-06,3.9213330935812e-06,4.02674560984215e-06,4.71821340712911e-06
"gamma_HPICO",2.39374823895411e-05,2.25164032146103e-05,-0.0436282675327601,6.6782133363404e-06,4.18999597133693e-05,0.0495156514261379,-0.000294491042922501,-0.0276062878411207,-0.000713197610547093,-0.00141540102895461,-0.0170299092864233,-0.000990959341131716,-0.0110091117861844,0.00642512645533356,-0.00577505943023921,0.0171331048108075,-0.0088917396151768,0.000150280302106198,-0.000957789356791388,-0.00303260911374569,0.000122196265695286,8.55463912785477e-06,0.000118761150338128,-7.98471393660756e-06,-8.11024834744956e-06,0.000272364111127933,2.1717806931587e-05,1.73674144248861e-05,4.51477955616673e-05,-0.000127986782078666,4.83282730326951e-06,2.06273428847959e-05,4.03202782359437e-06,-0.000109144621775585,-0.00915352017192952,3.80443022877667e-05,3.85936939274543e-05,-1.40569425826613e-05,-3.01820466739066e-05,0.000646972083842734,0.000485650083112573,0.000459205903337482,0.000659026384841131,0.000311500110478272,0.000336097249421785,0.000364217861135886,0.000420335836016496,0.000622724525050645,0.000618136627529147,0.000615873160726694,0.000993682096798717,0.000205539993127265,0.000211587405814483,0.00021558157360965,0.000249703538106134,0.000571639115922243,0.00053992888879206,0.000542004758224859,0.000509593012067469,0.0137803005006979,0.00753430954449281,0.00722795065005269,0.00637210771661555,7.15309205512712e-05,8.27971808322126e-05,8.90521836329141e-05,0.000106892990263367,7.04737958351682e-05,6.67365640473871e-05,6.39128879918958e-05,6.1783794342007e-05,7.50252756177449e-05,7.23212794964236e-05,6.9404853413714e-05,5.84503505710696e-05
