"","asc_ruta2","asc_ruta3","asc_rutaEC","b_time","b_dist","b_clima","b_cong","b_Hvalle","b_T_prof","b_Hor_trab","b_EduBasica","b_Info_traf","b_Joven30","b_Adulto40","b_Adulto60","b_USOCINTURON","b_USODISPMOB","lambda","gamma_EDUBASICA","gamma_CSECO","gamma_CONG_EF","gamma_SININFO","zeta_FRbr","zeta_EnfCond","zeta_AFrSem","zeta_CulFr","tau_FRbr_1","tau_FRbr_2","tau_FRbr_3","tau_FRbr_4","tau_EnfCond_1","tau_EnfCond_2","tau_EnfCond_3","tau_EnfCond_4","tau_AFrSem_1","tau_AFrSem_2","tau_AFrSem_3","tau_AFrSem_4","tau_CulFr_1","tau_CulFr_2","tau_CulFr_3","tau_CulFr_4"
"asc_ruta2",1,0.232577447190976,0.0398694694443269,-0.144635816263565,0.0324052439493209,0.0278144743456466,0.0773676273958483,0.0106808720287698,-0.00458897855142519,0.0159125518438341,0.00405887609970806,0.00425508574615599,-0.00565935315195481,-0.00311976873692061,-0.00266734284053897,0.021824792941957,-0.0254957303458648,-0.00115948630999844,1.64288585274079e-05,-1.00731502623794e-05,-1.08121957186271e-05,2.68501207224364e-05,NA,2.89864717012525e-05,2.98459671536234e-05,5.07214429795199e-05,3.19688886424626e-05,NA,NA,NA,2.17140341690885e-05,1.84458777686601e-05,1.84409678680233e-05,1.95964699152372e-05,2.60833273900058e-05,1.99625019847537e-05,2.28425326885803e-05,2.68023210591398e-05,4.69240488889504e-06,2.92672277358533e-05,3.37011512811924e-05,3.31044782789728e-05
"asc_ruta3",0.232577447190976,1,0.0237156740670101,-0.215757527960634,0.0936762190239924,0.0293673785296351,0.0766655678578627,0.00283555906596629,-0.00382416817205837,0.0278936450743742,0.00217116843276765,0.00380907394875955,-0.00346949702144286,-0.00537235971273067,-0.00459795972893084,0.0243845056737511,-0.0267857028656311,0.000307547878858175,4.61508449644024e-05,-4.34834481137447e-05,-2.86828630309649e-05,3.65902052920299e-05,NA,4.54655418631704e-05,1.93545734780632e-05,7.74634399916066e-05,3.21869104847871e-05,NA,NA,NA,2.57901534803381e-05,2.23892410018491e-05,2.21589636815415e-05,2.76704288170455e-05,2.99887448946777e-05,3.16377706376882e-06,6.20944714458907e-06,2.08654354796501e-05,3.91918387455841e-06,4.07901250390926e-05,4.41634106862509e-05,4.53897968875892e-05
"asc_rutaEC",0.0398694694443269,0.0237156740670101,1,0.0901240384296853,-0.0471806071712995,-0.396926902207724,-0.0820935736612448,0.00685548356915642,-0.208234082123667,-0.712099624207581,-0.0330110641087707,-0.161080872084907,-0.304851155408367,-0.28344367590674,-0.269814844847316,-0.30370301496649,-0.0831711714995417,-0.120930616339091,0.00166881208130314,0.00343130798014089,0.00264142907197996,0.00405527999212434,NA,0.000523169514303277,0.00135200891586529,-0.000186576404711429,0.00608421201904056,NA,NA,NA,0.00499004652598153,0.00407874742410646,0.0038067307424652,0.00273512528094906,0.0054763681763636,0.00433936490978449,0.00423353722295482,0.00292241641887439,0.00383542326423648,0.00412468921284466,0.00389468951394139,0.00237846411357283
"b_time",-0.144635816263565,-0.215757527960634,0.0901240384296853,1,-0.484933790586995,-0.0996917698630385,-0.380714176657537,-0.0372552819572965,-0.00644971877428087,-0.131655990086002,-0.00852253251581379,-0.0177634212488804,-0.0286841614608206,-0.00101012308556532,-0.0199707706086556,-0.098334291755765,0.133462089801588,-0.00106541749803159,-0.000265465285659763,0.000199986339642467,3.75809889508013e-05,-0.00018967073909251,NA,-0.000203295456656451,-0.000119380372886929,-0.000374062592178013,-0.000222622633225063,NA,NA,NA,-0.000166642527224687,-0.000125083913003238,-0.000121784464290413,-0.000151607142056,-0.000193030969716941,-5.53857009353738e-05,-6.83438114341076e-05,-0.000151272771260392,-4.00142703240351e-05,-0.000229606110563594,-0.000245112837240286,-0.000243742807454531
"b_dist",0.0324052439493209,0.0936762190239924,-0.0471806071712995,-0.484933790586995,1,0.0875929016597674,0.0163795675050132,0.000880763437385009,0.0157400263244242,0.0734020156301283,0.00888182285789382,-0.00879643424937428,0.0161129880042127,0.0300830910684416,0.0277007743016808,0.0222488376722736,0.0134713232968417,-0.0212419890689033,0.000182632396693367,0.000181660112841539,-9.10981603099238e-05,0.000137381986086019,NA,0.00020880437995172,0.000158048924245373,0.000235993103130289,0.000468881205846192,NA,NA,NA,0.000258171781330069,0.000243245814669117,0.000245272228983814,0.000223779382189099,0.000327075811447726,0.000206661182480609,0.000221472955525583,0.000187092937095692,5.28610164340571e-06,0.000236138881302035,0.000254954511633082,0.000219846642361263
"b_clima",0.0278144743456466,0.0293673785296351,-0.396926902207724,-0.0996917698630385,0.0875929016597674,1,0.0706482884966748,-0.0637994590358131,-0.0106221938484426,-0.00863295664378507,-0.141502812489091,-0.0324358919621231,0.00955193364292628,-0.0611864212116744,-0.0368663412177562,0.17633913116036,-0.00999412112056474,0.0972969485899232,0.00015537617776068,-0.00238125839949509,-0.00033547338366904,-0.000255558289208566,NA,0.000198610115085301,-0.000601680173106273,0.000448570981116078,-0.0015728868649657,NA,NA,NA,-0.00105147621126658,-0.000779751936695606,-0.000750109044699085,-0.000475366984140071,-0.00126880277346933,-0.00128838086896442,-0.00128524658574944,-0.000862856112075673,-0.000433482985885972,-0.000628175352870791,-0.000657394131747705,-0.000311732825059675
"b_cong",0.0773676273958483,0.0766655678578627,-0.0820935736612448,-0.380714176657537,0.0163795675050132,0.0706482884966748,1,-0.0704284503097896,-0.0322933120436846,0.0101095945932142,0.117377069640246,0.0634051563400295,0.124981523164074,0.102111968521228,0.082448120168036,0.109230116647473,-0.162984734741312,-0.106952916630701,0.000496284062016921,0.00110962415183919,0.000872011623406327,0.00104093398690518,NA,9.05239188583333e-05,0.00109955870004136,0.000422123795999958,0.00222903151810787,NA,NA,NA,0.00127741331345801,0.000965135910680392,0.00095515058618054,0.000712522811114038,0.00157536321751901,0.00162895643324964,0.00167207501132658,0.0013064255193225,0.000349481034923175,0.00100927215548482,0.00113610446696006,0.000873893915581769
"b_Hvalle",0.0106808720287698,0.00283555906596629,0.00685548356915642,-0.0372552819572965,0.000880763437385009,-0.0637994590358131,-0.0704284503097896,1,-0.00366430510335627,-0.108723509429347,0.0445833056199957,0.0148397220119785,-0.0200079271139735,0.0361957778038586,0.0356897489338879,-0.0534863148802499,0.0287049594231156,0.00485607937390532,-1.05005653551823e-05,9.10308337699854e-05,0.00010957336298282,8.30619092452912e-05,NA,9.44085462549102e-05,-4.91671930128902e-05,0.000318556950728081,0.000158123289946655,NA,NA,NA,0.000110335714493825,0.000107468365508284,8.8092602347265e-05,7.83702192869851e-05,0.000124747746424812,-1.39110466793994e-06,-2.97820315912502e-05,2.17438175196555e-06,3.48036839293193e-05,0.000214357681865026,0.000234606541378188,0.000209363183562166
"b_T_prof",-0.00458897855142519,-0.00382416817205837,-0.208234082123667,-0.00644971877428087,0.0157400263244242,-0.0106221938484426,-0.0322933120436846,-0.00366430510335627,1,-0.0656578409797346,-0.124796782234572,0.000236212212123102,0.334975062802001,0.305684215359103,0.164171772700041,0.00845736315069492,0.0108388511092432,-0.0281178905950504,0.000164723423386769,0.000319875257622982,-4.16876216129888e-05,-1.41253435444899e-06,NA,-5.13881660277947e-05,0.00023022491575931,9.94729373707378e-05,0.000502937837827797,NA,NA,NA,0.00018797782411263,7.21133119298715e-05,7.26140121980486e-05,1.82511302006612e-05,0.000282309046219468,0.000244275571983581,0.0002477837919158,0.000210725128217617,-4.78594433947754e-05,0.000135563032458469,0.000145687985878402,0.000102189089836746
"b_Hor_trab",0.0159125518438341,0.0278936450743742,-0.712099624207581,-0.131655990086002,0.0734020156301283,-0.00863295664378507,0.0101095945932142,-0.108723509429347,-0.0656578409797346,1,-0.0975455637888376,0.110456782091097,0.0114668013459872,-0.0508775410950503,-0.0837499781679693,-0.0420299930096985,0.0238901071573938,0.059103701682085,1.47897922257043e-05,-0.000540000574179834,-6.36511495817655e-05,-0.000131598866109094,NA,0.000126948168659452,-0.000229350817452513,0.000557336330485138,-0.000569094104629877,NA,NA,NA,-0.000213638983142235,-0.000182821088023025,-0.000229868502594987,-0.000160126018885247,-0.000323739429237625,-0.000443984451025744,-0.000477958201627734,-0.000284732781295774,-3.9987805861699e-05,6.06708298073857e-05,7.02829994609976e-05,0.000143763132011128
"b_EduBasica",0.00405887609970806,0.00217116843276765,-0.0330110641087707,-0.00852253251581379,0.00888182285789382,-0.141502812489091,0.117377069640246,0.0445833056199957,-0.124796782234572,-0.0975455637888376,1,0.0122809076203588,-0.021862108716934,-0.0499093574784097,-0.0122794159065676,0.148136042852277,-0.0107351209649888,-0.0866793701828325,0.00205842891655582,0.000384611419077485,0.000653226567487928,0.00101883560258876,NA,0.000177581822059677,0.000594630834007679,-0.000517399904284144,0.00231883511037751,NA,NA,NA,0.00143526558151993,0.0010709445104529,0.00107920502366601,0.000911143313946309,0.0017474876869248,0.00128730690603768,0.00131944427966957,0.00112337893714202,0.000892467257381688,0.000870452329006771,0.000787782386656324,0.000438068086976318
"b_Info_traf",0.00425508574615599,0.00380907394875955,-0.161080872084907,-0.0177634212488804,-0.00879643424937428,-0.0324358919621231,0.0634051563400295,0.0148397220119785,0.000236212212123102,0.110456782091097,0.0122809076203588,1,0.0296532993629819,0.0759427950045742,0.0323517691870598,0.0528501143604391,-0.106166174578211,-0.0596418725728001,-1.57423141741823e-05,0.00088093730313421,-0.000449285372627559,-0.00109884901792049,NA,-0.000163947495885232,0.000351453639502515,-0.000756991738935432,-0.000122788940894823,NA,NA,NA,-0.000384195509203547,-0.000381855175667191,-0.000284026783643884,-0.000163826367394275,-0.000303343985260237,3.25897211020198e-05,0.000105109658933062,0.000188059532423896,-0.000443009421453081,-0.000685589747265527,-0.000689795384200694,-0.000577524532739767
"b_Joven30",-0.00565935315195481,-0.00346949702144286,-0.304851155408367,-0.0286841614608206,0.0161129880042127,0.00955193364292628,0.124981523164074,-0.0200079271139735,0.334975062802001,0.0114668013459872,-0.021862108716934,0.0296532993629819,1,0.554344205390019,0.545480119419992,0.0235880825227865,-0.138255107977957,-0.0128215680619255,-0.000139736717258411,0.000208406354602811,-0.00010343254651382,-2.35674741582034e-05,NA,-0.000221194883636871,0.000171203952250313,0.000178927485643099,0.000131745862527813,NA,NA,NA,1.34042403935727e-05,-0.000131207792716867,-0.000166205325845133,-0.000193190287777352,5.70013123313139e-05,0.000129974537535266,0.000130605213186171,0.000100530886505008,-0.000186755391438107,3.20316944674807e-05,7.33343172020868e-05,7.85167432449271e-05
"b_Adulto40",-0.00311976873692061,-0.00537235971273067,-0.28344367590674,-0.00101012308556532,0.0300830910684416,-0.0611864212116744,0.102111968521228,0.0361957778038586,0.305684215359103,-0.0508775410950503,-0.0499093574784097,0.0759427950045742,0.554344205390019,1,0.746901515446562,-0.0524698979568429,-0.181358423178277,-0.0232421072065241,0.00028157375055227,0.000230585407773442,-4.47653884487383e-05,0.000175788473838813,NA,-0.000231681165274241,0.000107442002640032,-2.95601713345157e-05,0.000560732298525037,NA,NA,NA,0.00021833249940869,-4.52059871646263e-06,-1.92094740353419e-05,-2.08353529984844e-05,0.000308942639042165,0.000195525835639148,0.000203769295702298,0.000248493711555847,5.83495583612314e-05,0.000117580893918816,0.000132002452377967,0.000102613490437058
"b_Adulto60",-0.00266734284053897,-0.00459795972893084,-0.269814844847316,-0.0199707706086556,0.0277007743016808,-0.0368663412177562,0.082448120168036,0.0356897489338879,0.164171772700041,-0.0837499781679693,-0.0122794159065676,0.0323517691870598,0.545480119419992,0.746901515446562,1,-0.0812694837115016,-0.0599651809658518,-0.00256875791039153,9.81839126486161e-05,-1.85620814621677e-05,-1.87686614621477e-05,0.000118725865797879,NA,-0.000217511008768704,-3.16661224840799e-05,8.80432720203379e-05,0.000109975305565259,NA,NA,NA,2.14520703893234e-05,-0.000122324578235268,-0.000136557185117489,-0.000111385200604417,2.89638382361445e-05,3.02994295334229e-06,9.04513959353862e-06,4.98248373933018e-05,1.45316301095278e-05,3.17534286668493e-05,6.27440903040173e-05,9.05659225230059e-05
"b_USOCINTURON",0.021824792941957,0.0243845056737511,-0.30370301496649,-0.098334291755765,0.0222488376722736,0.17633913116036,0.109230116647473,-0.0534863148802499,0.00845736315069492,-0.0420299930096985,0.148136042852277,0.0528501143604391,0.0235880825227865,-0.0524698979568429,-0.0812694837115016,1,0.0374295245810046,0.105527939963009,-0.000287327939345265,-0.00111011298379303,-0.000120688572161727,-0.000445916919046751,NA,3.56624461670181e-05,-0.000764359732913893,0.000331845628095284,-0.00147842895046949,NA,NA,NA,-0.000721749362312108,-0.000540734778364775,-0.000587184679772295,-0.000466167399191621,-0.000964602641855619,-0.00107017109461987,-0.00111741037865081,-0.000966290375819565,-0.000166969158650138,-0.000334720179540245,-0.0003859828164921,-0.000217293904740775
"b_USODISPMOB",-0.0254957303458648,-0.0267857028656311,-0.0831711714995417,0.133462089801588,0.0134713232968417,-0.00999412112056474,-0.162984734741312,0.0287049594231156,0.0108388511092432,0.0238901071573938,-0.0107351209649888,-0.106166174578211,-0.138255107977957,-0.181358423178277,-0.0599651809658518,0.0374295245810046,1,-0.0107648754633358,-0.000248031761676051,0.000196468503220406,5.99051487178633e-05,-9.53473019214427e-05,NA,-7.5015066117728e-05,3.90219483165273e-06,-0.000168446586117569,-0.000141812652900869,NA,NA,NA,-0.000118170915268566,-5.40253267652595e-05,-1.95967356941092e-05,-2.79559917434547e-05,-0.000144229046319068,3.60615509935953e-05,5.89122961461811e-05,-4.58601303959754e-05,-7.69580952001301e-05,-0.000158853870875872,-0.00013800152774793,-9.53228538936945e-05
"lambda",-0.00115948630999844,0.000307547878858175,-0.120930616339091,-0.00106541749803159,-0.0212419890689033,0.0972969485899232,-0.106952916630701,0.00485607937390532,-0.0281178905950504,0.059103701682085,-0.0866793701828325,-0.0596418725728001,-0.0128215680619255,-0.0232421072065241,-0.00256875791039153,0.105527939963009,-0.0107648754633358,1,-0.00464496567942904,-0.0102555531692251,-0.00165757910983365,-0.00687710513182287,NA,-0.00379634475094578,-0.00993414879699666,0.000962586303185228,-0.0186452413964134,NA,NA,NA,-0.0104954622558324,-0.00847229212476659,-0.00866930800985585,-0.00689099523379676,-0.0128710807196191,-0.012546547185207,-0.0128762211390939,-0.0103550572132558,-0.00481708428871406,-0.00606380895749215,-0.00619320941714926,-0.00347892584225256
"gamma_EDUBASICA",1.64288585274079e-05,4.61508449644024e-05,0.00166881208130314,-0.000265465285659763,0.000182632396693367,0.00015537617776068,0.000496284062016921,-1.05005653551823e-05,0.000164723423386769,1.47897922257043e-05,0.00205842891655582,-1.57423141741823e-05,-0.000139736717258411,0.00028157375055227,9.81839126486161e-05,-0.000287327939345265,-0.000248031761676051,-0.00464496567942904,1,-0.390362715992213,0.284039425184567,0.255836508535581,NA,0.0895516995041528,0.060870073358988,0.0670778808733032,0.409014005987441,NA,NA,NA,0.354326468312115,0.262478852066874,0.24979634398566,0.221187800609911,0.395409450144149,0.202066523444948,0.199894390727225,0.220640434084066,0.296972957216601,0.305798040212552,0.280446717718676,0.204917750942455
"gamma_CSECO",-1.00731502623794e-05,-4.34834481137447e-05,0.00343130798014089,0.000199986339642467,0.000181660112841539,-0.00238125839949509,0.00110962415183919,9.10308337699854e-05,0.000319875257622982,-0.000540000574179834,0.000384611419077485,0.00088093730313421,0.000208406354602811,0.000230585407773442,-1.85620814621677e-05,-0.00111011298379303,0.000196468503220406,-0.0102555531692251,-0.390362715992213,1,0.0674871809335499,-0.0645797357679719,NA,-0.030645636139615,0.0371098694201373,-0.0287108445960393,0.124865183672302,NA,NA,NA,0.275404211999178,0.227350777935513,0.19489516751446,0.108186318656751,0.286297770904398,0.264881397063969,0.246184683350981,0.128855968135905,0.239559419350617,0.256400033287586,0.238366693646218,0.13193689787568
"gamma_CONG_EF",-1.08121957186271e-05,-2.86828630309649e-05,0.00264142907197996,3.75809889508013e-05,-9.10981603099238e-05,-0.00033547338366904,0.000872011623406327,0.00010957336298282,-4.16876216129888e-05,-6.36511495817655e-05,0.000653226567487928,-0.000449285372627559,-0.00010343254651382,-4.47653884487383e-05,-1.87686614621477e-05,-0.000120688572161727,5.99051487178633e-05,-0.00165757910983365,0.284039425184567,0.0674871809335499,1,0.351111827437698,NA,-0.0320840912182169,0.00187514143558467,-0.015725477156503,0.492439593784045,NA,NA,NA,0.417296631411318,0.33016670929946,0.295043496112392,0.205472196619871,0.441188618288948,0.31955021313958,0.302344664182281,0.205245740323559,0.363482049982901,0.385842692242404,0.360575717535361,0.229676110460456
"gamma_SININFO",2.68501207224364e-05,3.65902052920299e-05,0.00405527999212434,-0.00018967073909251,0.000137381986086019,-0.000255558289208566,0.00104093398690518,8.30619092452912e-05,-1.41253435444899e-06,-0.000131598866109094,0.00101883560258876,-0.00109884901792049,-2.35674741582034e-05,0.000175788473838813,0.000118725865797879,-0.000445916919046751,-9.53473019214427e-05,-0.00687710513182287,0.255836508535581,-0.0645797357679719,0.351111827437698,1,NA,0.0665759234548122,0.0641525534525144,0.066402845944175,0.806148619309856,NA,NA,NA,0.639809896668983,0.515217686806498,0.468384626882566,0.345759783533947,0.682558445446397,0.460948053442735,0.439936526669561,0.313061118080588,0.542709083631016,0.58642666150365,0.54955804789139,0.362110948481655
"zeta_FRbr",NA,NA,NA,NA,NA,NA,NA,NA,NA,NA,NA,NA,NA,NA,NA,NA,NA,NA,NA,NA,NA,NA,NA,NA,NA,NA,NA,NA,NA,NA,NA,NA,NA,NA,NA,NA,NA,NA,NA,NA,NA,NA
"zeta_EnfCond",2.89864717012525e-05,4.54655418631704e-05,0.000523169514303277,-0.000203295456656451,0.00020880437995172,0.000198610115085301,9.05239188583333e-05,9.44085462549102e-05,-5.13881660277947e-05,0.000126948168659452,0.000177581822059677,-0.000163947495885232,-0.000221194883636871,-0.000231681165274241,-0.000217511008768704,3.56624461670181e-05,-7.5015066117728e-05,-0.00379634475094578,0.0895516995041528,-0.030645636139615,-0.0320840912182169,0.0665759234548122,NA,1,0.131194625418228,0.12392174165671,0.161394487541753,NA,NA,NA,0.189780551963507,0.612788172551658,0.644464207303906,0.623447850723347,0.128859067829339,0.0850568362753527,0.0836279889697666,0.0883939947122322,0.0892790766508073,0.104210244253637,0.0981279618260453,0.0709007893437338
"zeta_AFrSem",2.98459671536234e-05,1.93545734780632e-05,0.00135200891586529,-0.000119380372886929,0.000158048924245373,-0.000601680173106273,0.00109955870004136,-4.91671930128902e-05,0.00023022491575931,-0.000229350817452513,0.000594630834007679,0.000351453639502515,0.000171203952250313,0.000107442002640032,-3.16661224840799e-05,-0.000764359732913893,3.90219483165273e-06,-0.00993414879699666,0.060870073358988,0.0371098694201373,0.00187514143558467,0.0641525534525144,NA,0.131194625418228,1,0.116902135018667,0.174403810681139,NA,NA,NA,0.12851346012611,0.111779569360374,0.102285100214652,0.0735698823425279,0.166393808367318,0.749013916377256,0.760869231358663,0.760969408154156,0.0945383604851827,0.117549544967255,0.111099738397551,0.0710512231467105
"zeta_CulFr",5.07214429795199e-05,7.74634399916066e-05,-0.000186576404711429,-0.000374062592178013,0.000235993103130289,0.000448570981116078,0.000422123795999958,0.000318556950728081,9.94729373707378e-05,0.000557336330485138,-0.000517399904284144,-0.000756991738935432,0.000178927485643099,-2.95601713345157e-05,8.80432720203379e-05,0.000331845628095284,-0.000168446586117569,0.000962586303185228,0.0670778808733032,-0.0287108445960393,-0.015725477156503,0.066402845944175,NA,0.12392174165671,0.116902135018667,1,0.130365286049737,NA,NA,NA,0.106876355624543,0.0853780999284549,0.0803416723875206,0.0699764179737608,0.110462205815679,0.0756370452212761,0.0737783933807844,0.0824103183623611,-0.0881589194543374,0.373123349316971,0.474290121500132,0.562789483555493
"tau_FRbr_1",3.19688886424626e-05,3.21869104847871e-05,0.00608421201904056,-0.000222622633225063,0.000468881205846192,-0.0015728868649657,0.00222903151810787,0.000158123289946655,0.000502937837827797,-0.000569094104629877,0.00231883511037751,-0.000122788940894823,0.000131745862527813,0.000560732298525037,0.000109975305565259,-0.00147842895046949,-0.000141812652900869,-0.0186452413964134,0.409014005987441,0.124865183672302,0.492439593784045,0.806148619309856,NA,0.161394487541753,0.174403810681139,0.130365286049737,1,NA,NA,NA,0.834433614120946,0.659862381757369,0.599279419402013,0.442257293714667,0.911705567347715,0.605211488421886,0.578408728090738,0.43008093632755,0.687039378528901,0.747416484303583,0.69366105256148,0.449164888565301
"tau_FRbr_2",NA,NA,NA,NA,NA,NA,NA,NA,NA,NA,NA,NA,NA,NA,NA,NA,NA,NA,NA,NA,NA,NA,NA,NA,NA,NA,NA,NA,NA,NA,NA,NA,NA,NA,NA,NA,NA,NA,NA,NA,NA,NA
"tau_FRbr_3",NA,NA,NA,NA,NA,NA,NA,NA,NA,NA,NA,NA,NA,NA,NA,NA,NA,NA,NA,NA,NA,NA,NA,NA,NA,NA,NA,NA,NA,NA,NA,NA,NA,NA,NA,NA,NA,NA,NA,NA,NA,NA
"tau_FRbr_4",NA,NA,NA,NA,NA,NA,NA,NA,NA,NA,NA,NA,NA,NA,NA,NA,NA,NA,NA,NA,NA,NA,NA,NA,NA,NA,NA,NA,NA,NA,NA,NA,NA,NA,NA,NA,NA,NA,NA,NA,NA,NA
"tau_EnfCond_1",2.17140341690885e-05,2.57901534803381e-05,0.00499004652598153,-0.000166642527224687,0.000258171781330069,-0.00105147621126658,0.00127741331345801,0.000110335714493825,0.00018797782411263,-0.000213638983142235,0.00143526558151993,-0.000384195509203547,1.34042403935727e-05,0.00021833249940869,2.14520703893234e-05,-0.000721749362312108,-0.000118170915268566,-0.0104954622558324,0.354326468312115,0.275404211999178,0.417296631411318,0.639809896668983,NA,0.189780551963507,0.12851346012611,0.106876355624543,0.834433614120946,NA,NA,NA,1,0.663669692229121,0.601375806850351,0.439935881635795,0.791549409543569,0.546004715994672,0.520287489653439,0.368431050027305,0.622100745243622,0.67460088101756,0.62935646705321,0.407876413417836
"tau_EnfCond_2",1.84458777686601e-05,2.23892410018491e-05,0.00407874742410646,-0.000125083913003238,0.000243245814669117,-0.000779751936695606,0.000965135910680392,0.000107468365508284,7.21133119298715e-05,-0.000182821088023025,0.0010709445104529,-0.000381855175667191,-0.000131207792716867,-4.52059871646263e-06,-0.000122324578235268,-0.000540734778364775,-5.40253267652595e-05,-0.00847229212476659,0.262478852066874,0.227350777935513,0.33016670929946,0.515217686806498,NA,0.612788172551658,0.111779569360374,0.0853780999284549,0.659862381757369,NA,NA,NA,0.663669692229121,1,0.904023239447969,0.678988950947395,0.633625863981568,0.449286456616058,0.428393572839087,0.29554789352373,0.500535750502567,0.543513452717332,0.507964289111222,0.327112772067445
"tau_EnfCond_3",1.84409678680233e-05,2.21589636815415e-05,0.0038067307424652,-0.000121784464290413,0.000245272228983814,-0.000750109044699085,0.00095515058618054,8.8092602347265e-05,7.26140121980486e-05,-0.000229868502594987,0.00107920502366601,-0.000284026783643884,-0.000166205325845133,-1.92094740353419e-05,-0.000136557185117489,-0.000587184679772295,-1.95967356941092e-05,-0.00866930800985585,0.24979634398566,0.19489516751446,0.295043496112392,0.468384626882566,NA,0.644464207303906,0.102285100214652,0.0803416723875206,0.599279419402013,NA,NA,NA,0.601375806850351,0.904023239447969,1,0.711326132404181,0.573929882363194,0.404124084975149,0.386708696728338,0.270651242008968,0.454388413104307,0.49120520878299,0.459192857337047,0.298417682537866
"tau_EnfCond_4",1.95964699152372e-05,2.76704288170455e-05,0.00273512528094906,-0.000151607142056,0.000223779382189099,-0.000475366984140071,0.000712522811114038,7.83702192869851e-05,1.82511302006612e-05,-0.000160126018885247,0.000911143313946309,-0.000163826367394275,-0.000193190287777352,-2.08353529984844e-05,-0.000111385200604417,-0.000466167399191621,-2.79559917434547e-05,-0.00689099523379676,0.221187800609911,0.108186318656751,0.205472196619871,0.345759783533947,NA,0.623447850723347,0.0735698823425279,0.0699764179737608,0.442257293714667,NA,NA,NA,0.439935881635795,0.678988950947395,0.711326132404181,1,0.416620259994848,0.276739329465208,0.266413120915519,0.20705935685799,0.329814803706341,0.352987641219655,0.329851523375694,0.22179850507284
"tau_AFrSem_1",2.60833273900058e-05,2.99887448946777e-05,0.0054763681763636,-0.000193030969716941,0.000327075811447726,-0.00126880277346933,0.00157536321751901,0.000124747746424812,0.000282309046219468,-0.000323739429237625,0.0017474876869248,-0.000303343985260237,5.70013123313139e-05,0.000308942639042165,2.89638382361445e-05,-0.000964602641855619,-0.000144229046319068,-0.0128710807196191,0.395409450144149,0.286297770904398,0.441188618288948,0.682558445446397,NA,0.128859067829339,0.166393808367318,0.110462205815679,0.911705567347715,NA,NA,NA,0.791549409543569,0.633625863981568,0.573929882363194,0.416620259994848,1,0.601460273148921,0.574448110166033,0.416317266378569,0.658994090906058,0.716937958903397,0.66769858510633,0.431669774101994
"tau_AFrSem_2",1.99625019847537e-05,3.16377706376882e-06,0.00433936490978449,-5.53857009353738e-05,0.000206661182480609,-0.00128838086896442,0.00162895643324964,-1.39110466793994e-06,0.000244275571983581,-0.000443984451025744,0.00128730690603768,3.25897211020198e-05,0.000129974537535266,0.000195525835639148,3.02994295334229e-06,-0.00107017109461987,3.60615509935953e-05,-0.012546547185207,0.202066523444948,0.264881397063969,0.31955021313958,0.460948053442735,NA,0.0850568362753527,0.749013916377256,0.0756370452212761,0.605211488421886,NA,NA,NA,0.546004715994672,0.449286456616058,0.404124084975149,0.276739329465208,0.601460273148921,1,0.961149362164855,0.765055656537684,0.458474654586178,0.502017707695515,0.469909876624347,0.295884413329583
"tau_AFrSem_3",2.28425326885803e-05,6.20944714458907e-06,0.00423353722295482,-6.83438114341076e-05,0.000221472955525583,-0.00128524658574944,0.00167207501132658,-2.97820315912502e-05,0.0002477837919158,-0.000477958201627734,0.00131944427966957,0.000105109658933062,0.000130605213186171,0.000203769295702298,9.04513959353862e-06,-0.00111741037865081,5.89122961461811e-05,-0.0128762211390939,0.199894390727225,0.246184683350981,0.302344664182281,0.439936526669561,NA,0.0836279889697666,0.760869231358663,0.0737783933807844,0.578408728090738,NA,NA,NA,0.520287489653439,0.428393572839087,0.386708696728338,0.266413120915519,0.574448110166033,0.961149362164855,1,0.768776871182443,0.437392782946859,0.477924779582607,0.447549936900111,0.283567154981561
"tau_AFrSem_4",2.68023210591398e-05,2.08654354796501e-05,0.00292241641887439,-0.000151272771260392,0.000187092937095692,-0.000862856112075673,0.0013064255193225,2.17438175196555e-06,0.000210725128217617,-0.000284732781295774,0.00112337893714202,0.000188059532423896,0.000100530886505008,0.000248493711555847,4.98248373933018e-05,-0.000966290375819565,-4.58601303959754e-05,-0.0103550572132558,0.220640434084066,0.128855968135905,0.205245740323559,0.313061118080588,NA,0.0883939947122322,0.760969408154156,0.0824103183623611,0.43008093632755,NA,NA,NA,0.368431050027305,0.29554789352373,0.270651242008968,0.20705935685799,0.416317266378569,0.765055656537684,0.768776871182443,1,0.30801219322344,0.33507412679733,0.313293009697015,0.210462479590294
"tau_CulFr_1",4.69240488889504e-06,3.91918387455841e-06,0.00383542326423648,-4.00142703240351e-05,5.28610164340571e-06,-0.000433482985885972,0.000349481034923175,3.48036839293193e-05,-4.78594433947754e-05,-3.9987805861699e-05,0.000892467257381688,-0.000443009421453081,-0.000186755391438107,5.83495583612314e-05,1.45316301095278e-05,-0.000166969158650138,-7.69580952001301e-05,-0.00481708428871406,0.296972957216601,0.239559419350617,0.363482049982901,0.542709083631016,NA,0.0892790766508073,0.0945383604851827,-0.0881589194543374,0.687039378528901,NA,NA,NA,0.622100745243622,0.500535750502567,0.454388413104307,0.329814803706341,0.658994090906058,0.458474654586178,0.437392782946859,0.30801219322344,1,0.600473060160747,0.50638993251619,0.261720238745976
"tau_CulFr_2",2.92672277358533e-05,4.07901250390926e-05,0.00412468921284466,-0.000229606110563594,0.000236138881302035,-0.000628175352870791,0.00100927215548482,0.000214357681865026,0.000135563032458469,6.06708298073857e-05,0.000870452329006771,-0.000685589747265527,3.20316944674807e-05,0.000117580893918816,3.17534286668493e-05,-0.000334720179540245,-0.000158853870875872,-0.00606380895749215,0.305798040212552,0.256400033287586,0.385842692242404,0.58642666150365,NA,0.104210244253637,0.117549544967255,0.373123349316971,0.747416484303583,NA,NA,NA,0.67460088101756,0.543513452717332,0.49120520878299,0.352987641219655,0.716937958903397,0.502017707695515,0.477924779582607,0.33507412679733,0.600473060160747,1,0.873449241716453,0.569114796371148
"tau_CulFr_3",3.37011512811924e-05,4.41634106862509e-05,0.00389468951394139,-0.000245112837240286,0.000254954511633082,-0.000657394131747705,0.00113610446696006,0.000234606541378188,0.000145687985878402,7.02829994609976e-05,0.000787782386656324,-0.000689795384200694,7.33343172020868e-05,0.000132002452377967,6.27440903040173e-05,-0.0003859828164921,-0.00013800152774793,-0.00619320941714926,0.280446717718676,0.238366693646218,0.360575717535361,0.54955804789139,NA,0.0981279618260453,0.111099738397551,0.474290121500132,0.69366105256148,NA,NA,NA,0.62935646705321,0.507964289111222,0.459192857337047,0.329851523375694,0.66769858510633,0.469909876624347,0.447549936900111,0.313293009697015,0.50638993251619,0.873449241716453,1,0.63312731205236
"tau_CulFr_4",3.31044782789728e-05,4.53897968875892e-05,0.00237846411357283,-0.000243742807454531,0.000219846642361263,-0.000311732825059675,0.000873893915581769,0.000209363183562166,0.000102189089836746,0.000143763132011128,0.000438068086976318,-0.000577524532739767,7.85167432449271e-05,0.000102613490437058,9.05659225230059e-05,-0.000217293904740775,-9.53228538936945e-05,-0.00347892584225256,0.204917750942455,0.13193689787568,0.229676110460456,0.362110948481655,NA,0.0709007893437338,0.0710512231467105,0.562789483555493,0.449164888565301,NA,NA,NA,0.407876413417836,0.327112772067445,0.298417682537866,0.22179850507284,0.431669774101994,0.295884413329583,0.283567154981561,0.210462479590294,0.261720238745976,0.569114796371148,0.63312731205236,1
