Model run using Apollo for R, version 0.0.8 
www.ApolloChoiceModelling.com

Model name                       : MNL_Modelo_1
Model description                : MNL model
Model run at                     : 2020-02-29 19:43:22
Estimation method                : bfgs
Model diagnosis                  : successful convergence 
Number of individuals            : 282
Number of observations           : 282

Number of cores used             :  1 
Model without mixing

LL(start)                        : -390.935
LL(0)                            : -390.935
LL(final)                        : -306.8641
Rho-square (0)                   :  0.2151 
Adj.Rho-square (0)               :  0.1869 
AIC                              :  635.73 
BIC                              :  675.79 
Estimated parameters             :  11
Time taken (hh:mm:ss)            :  00:00:9.75 
Iterations                       :  19 

Estimates:
              Estimate Std.err. t.ratio(0) Rob.std.err. Rob.t.ratio(0)
asc_ruta1      -0.6001   0.4704      -1.28       0.5031          -1.19
asc_ruta2      -1.5925   0.4845      -3.29       0.5125          -3.11
asc_ruta3      -2.2909   0.5052      -4.53       0.5177          -4.43
asc_rutaEC      0.0000       NA         NA           NA             NA
b_time          0.0814   0.0259       3.14       0.0348           2.34
b_dist         -0.1759   0.0967      -1.82       0.0910          -1.93
b_cong          0.0303   0.0795       0.38       0.0821           0.37
b_CSECO         0.1421   0.3363       0.42       0.3504           0.41
b_CLLUVIA       0.0000       NA         NA           NA             NA
b_Hpico         0.0000       NA         NA           NA             NA
b_Hvalle       -0.0744   0.2600      -0.29       0.2549          -0.29
b_Joven30      -0.9977   0.5930      -1.68       0.5805          -1.72
b_Adulto40     -0.3499   0.4190      -0.84       0.4269          -0.82
b_Adulto60     -0.5053   0.3829      -1.32       0.3923          -1.29
b_AdultoMayor   0.0000       NA         NA           NA             NA

Overview of choices for MNL model component:
                                  ruta1 ruta2  ruta3 rutaEC
Times available                  282.00 282.0 282.00 282.00
Times chosen                      83.00  33.0  18.00 148.00
Percentage chosen overall         29.43  11.7   6.38  52.48
Percentage chosen when available  29.43  11.7   6.38  52.48


Classical covariance matrix:
           asc_ruta1 asc_ruta2 asc_ruta3    b_time    b_dist    b_cong   b_CSECO  b_Hvalle b_Joven30
asc_ruta1   0.221232  0.206303  0.202586  0.002538 -0.008413 -0.000855  0.095799  0.025024  0.113977
asc_ruta2   0.206303  0.234771  0.201452  0.001846 -0.008009  0.000402  0.094462  0.025816  0.112973
asc_ruta3   0.202586  0.201452  0.255235  0.001063 -0.006396  0.000862  0.093530  0.026018  0.112056
b_time      0.002538  0.001846  0.001063  0.000670 -0.001260 -0.000805  0.000821 -0.000518  0.000299
b_dist     -0.008413 -0.008009 -0.006396 -0.001260  0.009353  0.000423 -0.003438  0.000531 -0.000733
b_cong     -0.000855  0.000402  0.000862 -0.000805  0.000423  0.006314 -0.002790 -0.001041  0.006031
b_CSECO     0.095799  0.094462  0.093530  0.000821 -0.003438 -0.002790  0.113121  0.000102 -0.010998
b_Hvalle    0.025024  0.025816  0.026018 -0.000518  0.000531 -0.001041  0.000102  0.067604  0.001758
b_Joven30   0.113977  0.112973  0.112056  0.000299 -0.000733  0.006031 -0.010998  0.001758  0.351635
b_Adulto40  0.129283  0.128456  0.127360  0.000543  0.000349  0.002235  0.008673  0.005314  0.119677
b_Adulto60  0.114008  0.114075  0.113771 -0.000244  0.000981  0.003055 -0.005423  0.002481  0.119885
           b_Adulto40 b_Adulto60
asc_ruta1    0.129283   0.114008
asc_ruta2    0.128456   0.114075
asc_ruta3    0.127360   0.113771
b_time       0.000543  -0.000244
b_dist       0.000349   0.000981
b_cong       0.002235   0.003055
b_CSECO      0.008673  -0.005423
b_Hvalle     0.005314   0.002481
b_Joven30    0.119677   0.119885
b_Adulto40   0.175526   0.117607
b_Adulto60   0.117607   0.146591

Robust covariance matrix:
           asc_ruta1 asc_ruta2 asc_ruta3    b_time    b_dist    b_cong   b_CSECO  b_Hvalle b_Joven30
asc_ruta1   0.253131  0.236440  0.219017  0.004520 -0.014161 -0.001621  0.106765  0.029169  0.128030
asc_ruta2   0.236440  0.262622  0.218503  0.003369 -0.012262  0.000029  0.111537  0.027220  0.125344
asc_ruta3   0.219017  0.218503  0.268040 -0.000337 -0.003196  0.001310  0.106430  0.025418  0.122719
b_time      0.004520  0.003369 -0.000337  0.001208 -0.002419 -0.001307  0.000553  0.000458  0.000622
b_dist     -0.014161 -0.012262 -0.003196 -0.002419  0.008277  0.001034 -0.003257 -0.000532 -0.005156
b_cong     -0.001621  0.000029  0.001310 -0.001307  0.001034  0.006746 -0.003382 -0.001825  0.006292
b_CSECO     0.106765  0.111537  0.106430  0.000553 -0.003257 -0.003382  0.122747  0.002456 -0.001799
b_Hvalle    0.029169  0.027220  0.025418  0.000458 -0.000532 -0.001825  0.002456  0.064998 -0.006477
b_Joven30   0.128030  0.125344  0.122719  0.000622 -0.005156  0.006292 -0.001799 -0.006477  0.337019
b_Adulto40  0.142014  0.135706  0.135714  0.000616 -0.001066  0.002982  0.012568  0.005039  0.125640
b_Adulto60  0.126363  0.120024  0.118457  0.000050 -0.000621  0.003797 -0.002808  0.000831  0.126191
           b_Adulto40 b_Adulto60
asc_ruta1    0.142014   0.126363
asc_ruta2    0.135706   0.120024
asc_ruta3    0.135714   0.118457
b_time       0.000616   0.000050
b_dist      -0.001066  -0.000621
b_cong       0.002982   0.003797
b_CSECO      0.012568  -0.002808
b_Hvalle     0.005039   0.000831
b_Joven30    0.125640   0.126191
b_Adulto40   0.182218   0.124799
b_Adulto60   0.124799   0.153884

Classical correlation matrix:
           asc_ruta1 asc_ruta2 asc_ruta3    b_time    b_dist    b_cong   b_CSECO  b_Hvalle b_Joven30
asc_ruta1   1.000000  0.905233  0.852540  0.208495 -0.184945 -0.022873  0.605574  0.204618  0.408645
asc_ruta2   0.905233  1.000000  0.822962  0.147238 -0.170911  0.010435  0.579647  0.204914  0.393193
asc_ruta3   0.852540  0.822962  1.000000  0.081292 -0.130908  0.021460  0.550439  0.198066  0.374042
b_time      0.208495  0.147238  0.081292  1.000000 -0.503381 -0.391678  0.094338 -0.076914  0.019457
b_dist     -0.184945 -0.170911 -0.130908 -0.503381  1.000000  0.055029 -0.105697  0.021120 -0.012780
b_cong     -0.022873  0.010435  0.021460 -0.391678  0.055029  1.000000 -0.104407 -0.050383  0.127988
b_CSECO     0.605574  0.579647  0.550439  0.094338 -0.105697 -0.104407  1.000000  0.001168 -0.055143
b_Hvalle    0.204618  0.204914  0.198066 -0.076914  0.021120 -0.050383  0.001168  1.000000  0.011403
b_Joven30   0.408645  0.393193  0.374042  0.019457 -0.012780  0.127988 -0.055143  0.011403  1.000000
b_Adulto40  0.656065  0.632792  0.601717  0.050120  0.008601  0.067133  0.061552  0.048785  0.481720
b_Adulto60  0.633076  0.614913  0.588175 -0.024602  0.026497  0.100415 -0.042109  0.024921  0.528038
           b_Adulto40 b_Adulto60
asc_ruta1    0.656065   0.633076
asc_ruta2    0.632792   0.614913
asc_ruta3    0.601717   0.588175
b_time       0.050120  -0.024602
b_dist       0.008601   0.026497
b_cong       0.067133   0.100415
b_CSECO      0.061552  -0.042109
b_Hvalle     0.048785   0.024921
b_Joven30    0.481720   0.528038
b_Adulto40   1.000000   0.733176
b_Adulto60   0.733176   1.000000

Robust correlation matrix:
           asc_ruta1 asc_ruta2 asc_ruta3    b_time    b_dist    b_cong   b_CSECO  b_Hvalle b_Joven30
asc_ruta1   1.000000  0.917027  0.840826  0.258472 -0.309368 -0.039226  0.605692  0.227403  0.438341
asc_ruta2   0.917027  1.000000  0.823553  0.189108 -0.262999  0.000699  0.621225  0.208338  0.421318
asc_ruta3   0.840826  0.823553  1.000000 -0.018732 -0.067846  0.030802  0.586760  0.192572  0.408304
b_time      0.258472  0.189108 -0.018732  1.000000 -0.764873 -0.457941  0.045445  0.051681  0.030839
b_dist     -0.309368 -0.262999 -0.067846 -0.764873  1.000000  0.138429 -0.102168 -0.022951 -0.097620
b_cong     -0.039226  0.000699  0.030802 -0.457941  0.138429  1.000000 -0.117519 -0.087155  0.131953
b_CSECO     0.605692  0.621225  0.586760  0.045445 -0.102168 -0.117519  1.000000  0.027493 -0.008847
b_Hvalle    0.227403  0.208338  0.192572  0.051681 -0.022951 -0.087155  0.027493  1.000000 -0.043765
b_Joven30   0.438341  0.421318  0.408304  0.030839 -0.097620  0.131953 -0.008847 -0.043765  1.000000
b_Adulto40  0.661247  0.620352  0.614087  0.041527 -0.027437  0.085064  0.084039  0.046299  0.506997
b_Adulto60  0.640250  0.597041  0.583261  0.003692 -0.017399  0.117842 -0.020432  0.008311  0.554122
           b_Adulto40 b_Adulto60
asc_ruta1    0.661247   0.640250
asc_ruta2    0.620352   0.597041
asc_ruta3    0.614087   0.583261
b_time       0.041527   0.003692
b_dist      -0.027437  -0.017399
b_cong       0.085064   0.117842
b_CSECO      0.084039  -0.020432
b_Hvalle     0.046299   0.008311
b_Joven30    0.506997   0.554122
b_Adulto40   1.000000   0.745280
b_Adulto60   0.745280   1.000000

 20 worst outliers in terms of lowest average per choice prediction:
                                     ID Avg prob per choice
 {0C1D8C2A-12E2-E811-8FB7-74867AD5B714}         0.007268956
 {01023F7A-67C3-E811-914C-74867AD5B714}         0.016606735
 {16644C52-46C0-E811-914C-74867AD5B714}         0.030543195
 {04B1F452-BDC5-E811-914C-74867AD5B714}         0.044038325
 {5EC39CAF-B5CC-E811-914C-74867AD5B714}         0.049765919
 {116C5EFA-C6C5-E811-914C-74867AD5B714}         0.055399432
 {18C72602-3CDC-E811-8FB7-74867AD5B714}         0.059151602
 {8048E4FB-D9C8-E811-914C-74867AD5B714}         0.064691588
 {D9161238-0FDD-E811-8FB7-74867AD5B714}         0.065197700
 {9CE74908-B4CC-E811-914C-74867AD5B714}         0.066088695
 {80300F0C-90E2-E811-8FB7-74867AD5B714}         0.066435129
 {E0281A50-3DC0-E811-914C-74867AD5B714}         0.068466852
 {42F5F39B-A9CC-E811-914C-74867AD5B714}         0.070144284
 {375E5517-97C6-E811-914C-74867AD5B714}         0.073403328
 {348884D4-02E9-E811-8FB7-74867AD5B714}         0.076450667
 {93122F95-D9DE-E811-8FB7-74867AD5B714}         0.077158471
 {FF2FE1DC-5CD1-E811-8FB7-74867AD5B714}         0.078071646
 {34B59188-DEC5-E811-914C-74867AD5B714}         0.079038876
 {ED554B03-43CB-E811-914C-74867AD5B714}         0.094644100
 {38A2EF84-09CC-E811-914C-74867AD5B714}         0.095282752

Changes in parameter estimates from starting values:
              Initial Estimate Difference
asc_ruta1           0  -0.6001    -0.6001
asc_ruta2           0  -1.5925    -1.5925
asc_ruta3           0  -2.2909    -2.2909
asc_rutaEC          0   0.0000     0.0000
b_time              0   0.0814     0.0814
b_dist              0  -0.1759    -0.1759
b_cong              0   0.0303     0.0303
b_CSECO             0   0.1421     0.1421
b_CLLUVIA           0   0.0000     0.0000
b_Hpico             0   0.0000     0.0000
b_Hvalle            0  -0.0744    -0.0744
b_Joven30           0  -0.9977    -0.9977
b_Adulto40          0  -0.3499    -0.3499
b_Adulto60          0  -0.5053    -0.5053
b_AdultoMayor       0   0.0000     0.0000
