Model run using Apollo for R, version 0.1.0 
www.ApolloChoiceModelling.com

Model name                       : Prospective Simple 3Rutas
Model description                : Modelos Prospectivo en Eleccion de Ruta
Model run at                     : 2021-02-26 22:27:28
Estimation method                : bfgs
Model diagnosis                  : successful convergence 
Number of individuals            : 226
Number of observations           : 226

Number of cores used             :  1 
Model without mixing

LL(start)                        : -244.4702
LL(0)                            : -248.2864
LL(final)                        : -206.7558
Rho-square (0)                   :  0.1673 
Adj.Rho-square (0)               :  0.1109 
AIC                              :  441.51 
BIC                              :  489.4 
Estimated parameters             :  14
Time taken (hh:mm:ss)            :  00:00:17.32 
Iterations                       :  22 
Min abs eigenvalue of hessian    :  0.631535 

Estimates:
           Estimate Std.err. t.ratio(0) p-val(0) Rob.std.err. Rob.t.ratio(0) Rob.p-val(0)
asc_ruta1    1.1961   0.2217       5.39    0.000       0.2352           5.09        0.000
asc_ruta2    0.0000       NA         NA       NA           NA             NA           NA
asc_ruta4    0.4508   0.5736       0.79    0.432       0.5696           0.79        0.429
b_gain      -1.8513   0.7210      -2.57    0.010       0.7750          -2.39        0.017
b_loss      -0.3056   0.1359      -2.25    0.025       0.1334          -2.29        0.022
b_dt         0.1250   0.2632       0.47    0.635       0.2561           0.49        0.626
b_Sem        0.3612   0.1984       1.82    0.069       0.1674           2.16        0.031
b_ACC_0      0.0000       NA         NA       NA           NA             NA           NA
b_ACC_1     -0.5458   0.3618      -1.51    0.131       0.3437          -1.59        0.112
b_ACC_2     -2.2621   1.2572      -1.80    0.072       0.8164          -2.77        0.006
b_NO_CAMFD   0.0000       NA         NA       NA           NA             NA           NA
b_SI_CAMFD  -0.4383   0.3443      -1.27    0.203       0.3544          -1.24        0.216
b_NO_PANEL   0.0000       NA         NA       NA           NA             NA           NA
b_SI_PANEL  -0.5158   0.2511      -2.05    0.040       0.2241          -2.30        0.021
b_NO_ZER     0.0000       NA         NA       NA           NA             NA           NA
b_SI_ZER     0.0813   0.2898       0.28    0.779       0.2691           0.30        0.763
b_No_MTRP    0.0000       NA         NA       NA           NA             NA           NA
b_Si_MTRP    0.3517   0.3835       0.92    0.359       0.4041           0.87        0.384
b_No_Info   -0.3969   0.3614      -1.10    0.272       0.3767          -1.05        0.292
b_Si_Info    0.0000       NA         NA       NA           NA             NA           NA
b_UsoCel_P   0.0000       NA         NA       NA           NA             NA           NA
b_UsoCel_F   0.1168   0.3819       0.31    0.760       0.3737           0.31        0.755

Overview of choices for model component "MNL"
                                  ruta1  ruta2 rutaEC
Times available                  226.00 226.00 226.00
Times chosen                      92.00  36.00  98.00
Percentage chosen overall         40.71  15.93  43.36
Percentage chosen when available  40.71  15.93  43.36


Classical covariance matrix:
            asc_ruta1  asc_ruta4     b_gain     b_loss       b_dt      b_Sem    b_ACC_1    b_ACC_2
asc_ruta1      0.0492     0.0269    -0.0253    -0.0057     0.0149     0.0039    -0.0039    -0.0050
asc_ruta4      0.0269     0.3290    -0.0246     0.0062     0.0118    -0.0027     0.0122    -0.0157
b_gain        -0.0253    -0.0246     0.5198    -0.0318    -0.0165     0.0283    -0.0037     0.0197
b_loss        -0.0057     0.0062    -0.0318     0.0185     0.0017     0.0000    -0.0003     0.0007
b_dt           0.0149     0.0118    -0.0165     0.0017     0.0693     0.0131    -0.0082    -0.0015
b_Sem          0.0039    -0.0027     0.0283     0.0000     0.0131     0.0394    -0.0054     0.0136
b_ACC_1       -0.0039     0.0122    -0.0037    -0.0003    -0.0082    -0.0054     0.1309     0.0450
b_ACC_2       -0.0050    -0.0157     0.0197     0.0007    -0.0015     0.0136     0.0450     1.5805
b_SI_CAMFD    -0.0038     0.1049    -0.0085    -0.0005    -0.0089    -0.0031     0.0109    -0.0100
b_SI_PANEL    -0.0009    -0.0039    -0.0089     0.0007     0.0036    -0.0005    -0.0039     0.0219
b_SI_ZER      -0.0028    -0.0098    -0.0022     0.0026    -0.0085    -0.0018    -0.0030     0.0155
b_Si_MTRP     -0.0076    -0.0182     0.0175    -0.0022    -0.0151    -0.0076     0.0086    -0.0135
b_No_Info     -0.0014    -0.1136     0.0190     0.0011    -0.0026    -0.0004    -0.0081     0.0068
b_UsoCel_F     0.0020    -0.1285    -0.0003    -0.0015     0.0042    -0.0013    -0.0006     0.0085
           b_SI_CAMFD b_SI_PANEL   b_SI_ZER  b_Si_MTRP  b_No_Info b_UsoCel_F
asc_ruta1     -0.0038    -0.0009    -0.0028    -0.0076    -0.0014     0.0020
asc_ruta4      0.1049    -0.0039    -0.0098    -0.0182    -0.1136    -0.1285
b_gain        -0.0085    -0.0089    -0.0022     0.0175     0.0190    -0.0003
b_loss        -0.0005     0.0007     0.0026    -0.0022     0.0011    -0.0015
b_dt          -0.0089     0.0036    -0.0085    -0.0151    -0.0026     0.0042
b_Sem         -0.0031    -0.0005    -0.0018    -0.0076    -0.0004    -0.0013
b_ACC_1        0.0109    -0.0039    -0.0030     0.0086    -0.0081    -0.0006
b_ACC_2       -0.0100     0.0219     0.0155    -0.0135     0.0068     0.0085
b_SI_CAMFD     0.1185    -0.0048    -0.0037    -0.0057    -0.0073    -0.0054
b_SI_PANEL    -0.0048     0.0631     0.0012    -0.0049     0.0079     0.0023
b_SI_ZER      -0.0037     0.0012     0.0840    -0.0040    -0.0004     0.0089
b_Si_MTRP     -0.0057    -0.0049    -0.0040     0.1471    -0.0001    -0.0022
b_No_Info     -0.0073     0.0079    -0.0004    -0.0001     0.1306     0.0076
b_UsoCel_F    -0.0054     0.0023     0.0089    -0.0022     0.0076     0.1459

Robust covariance matrix:
            asc_ruta1  asc_ruta4     b_gain     b_loss       b_dt      b_Sem    b_ACC_1    b_ACC_2
asc_ruta1      0.0553     0.0242    -0.0456    -0.0060     0.0228     0.0031    -0.0126     0.0074
asc_ruta4      0.0242     0.3244     0.0332     0.0093     0.0295    -0.0056     0.0019    -0.0361
b_gain        -0.0456     0.0332     0.6007    -0.0291    -0.0228     0.0220    -0.0015     0.0351
b_loss        -0.0060     0.0093    -0.0291     0.0178     0.0011     0.0018     0.0012    -0.0078
b_dt           0.0228     0.0295    -0.0228     0.0011     0.0656     0.0087    -0.0153     0.0153
b_Sem          0.0031    -0.0056     0.0220     0.0018     0.0087     0.0280    -0.0065     0.0022
b_ACC_1       -0.0126     0.0019    -0.0015     0.0012    -0.0153    -0.0065     0.1181     0.0113
b_ACC_2        0.0074    -0.0361     0.0351    -0.0078     0.0153     0.0022     0.0113     0.6664
b_SI_CAMFD    -0.0115     0.1012     0.0406     0.0036    -0.0057    -0.0002     0.0022    -0.0290
b_SI_PANEL     0.0023     0.0113     0.0145    -0.0011     0.0066     0.0010    -0.0030     0.0102
b_SI_ZER       0.0036    -0.0163    -0.0370     0.0038    -0.0042     0.0014    -0.0147     0.0248
b_Si_MTRP     -0.0184    -0.0465     0.0186    -0.0030    -0.0308    -0.0007     0.0251    -0.0176
b_No_Info     -0.0055    -0.1233     0.0202    -0.0069    -0.0106     0.0011    -0.0158     0.0165
b_UsoCel_F     0.0080    -0.0919    -0.0006     0.0041     0.0077     0.0054    -0.0040     0.0283
           b_SI_CAMFD b_SI_PANEL   b_SI_ZER  b_Si_MTRP  b_No_Info b_UsoCel_F
asc_ruta1     -0.0115     0.0023     0.0036    -0.0184    -0.0055     0.0080
asc_ruta4      0.1012     0.0113    -0.0163    -0.0465    -0.1233    -0.0919
b_gain         0.0406     0.0145    -0.0370     0.0186     0.0202    -0.0006
b_loss         0.0036    -0.0011     0.0038    -0.0030    -0.0069     0.0041
b_dt          -0.0057     0.0066    -0.0042    -0.0308    -0.0106     0.0077
b_Sem         -0.0002     0.0010     0.0014    -0.0007     0.0011     0.0054
b_ACC_1        0.0022    -0.0030    -0.0147     0.0251    -0.0158    -0.0040
b_ACC_2       -0.0290     0.0102     0.0248    -0.0176     0.0165     0.0283
b_SI_CAMFD     0.1256     0.0045    -0.0092    -0.0136    -0.0028     0.0113
b_SI_PANEL     0.0045     0.0502    -0.0087    -0.0040     0.0046     0.0015
b_SI_ZER      -0.0092    -0.0087     0.0724    -0.0048    -0.0003     0.0165
b_Si_MTRP     -0.0136    -0.0040    -0.0048     0.1633     0.0029    -0.0013
b_No_Info     -0.0028     0.0046    -0.0003     0.0029     0.1419    -0.0032
b_UsoCel_F     0.0113     0.0015     0.0165    -0.0013    -0.0032     0.1397

Classical correlation matrix:
            asc_ruta1  asc_ruta4     b_gain     b_loss       b_dt      b_Sem    b_ACC_1    b_ACC_2
asc_ruta1      1.0000     0.2113    -0.1580    -0.1878     0.2555     0.0892    -0.0482    -0.0181
asc_ruta4      0.2113     1.0000    -0.0594     0.0790     0.0781    -0.0240     0.0590    -0.0217
b_gain        -0.1580    -0.0594     1.0000    -0.3242    -0.0870     0.1981    -0.0143     0.0217
b_loss        -0.1878     0.0790    -0.3242     1.0000     0.0486     0.0001    -0.0052     0.0041
b_dt           0.2555     0.0781    -0.0870     0.0486     1.0000     0.2506    -0.0857    -0.0045
b_Sem          0.0892    -0.0240     0.1981     0.0001     0.2506     1.0000    -0.0751     0.0547
b_ACC_1       -0.0482     0.0590    -0.0143    -0.0052    -0.0857    -0.0751     1.0000     0.0990
b_ACC_2       -0.0181    -0.0217     0.0217     0.0041    -0.0045     0.0547     0.0990     1.0000
b_SI_CAMFD    -0.0492     0.5314    -0.0341    -0.0099    -0.0979    -0.0454     0.0874    -0.0232
b_SI_PANEL    -0.0168    -0.0269    -0.0494     0.0206     0.0538    -0.0107    -0.0433     0.0692
b_SI_ZER      -0.0443    -0.0590    -0.0107     0.0653    -0.1108    -0.0306    -0.0282     0.0424
b_Si_MTRP     -0.0895    -0.0829     0.0631    -0.0430    -0.1498    -0.0998     0.0622    -0.0280
b_No_Info     -0.0172    -0.5481     0.0731     0.0223    -0.0269    -0.0061    -0.0616     0.0149
b_UsoCel_F     0.0241    -0.5866    -0.0012    -0.0296     0.0420    -0.0175    -0.0045     0.0177
           b_SI_CAMFD b_SI_PANEL   b_SI_ZER  b_Si_MTRP  b_No_Info b_UsoCel_F
asc_ruta1     -0.0492    -0.0168    -0.0443    -0.0895    -0.0172     0.0241
asc_ruta4      0.5314    -0.0269    -0.0590    -0.0829    -0.5481    -0.5866
b_gain        -0.0341    -0.0494    -0.0107     0.0631     0.0731    -0.0012
b_loss        -0.0099     0.0206     0.0653    -0.0430     0.0223    -0.0296
b_dt          -0.0979     0.0538    -0.1108    -0.1498    -0.0269     0.0420
b_Sem         -0.0454    -0.0107    -0.0306    -0.0998    -0.0061    -0.0175
b_ACC_1        0.0874    -0.0433    -0.0282     0.0622    -0.0616    -0.0045
b_ACC_2       -0.0232     0.0692     0.0424    -0.0280     0.0149     0.0177
b_SI_CAMFD     1.0000    -0.0552    -0.0370    -0.0435    -0.0585    -0.0414
b_SI_PANEL    -0.0552     1.0000     0.0171    -0.0512     0.0865     0.0240
b_SI_ZER      -0.0370     0.0171     1.0000    -0.0363    -0.0038     0.0803
b_Si_MTRP     -0.0435    -0.0512    -0.0363     1.0000    -0.0004    -0.0149
b_No_Info     -0.0585     0.0865    -0.0038    -0.0004     1.0000     0.0553
b_UsoCel_F    -0.0414     0.0240     0.0803    -0.0149     0.0553     1.0000

Robust correlation matrix:
            asc_ruta1  asc_ruta4     b_gain     b_loss       b_dt      b_Sem    b_ACC_1    b_ACC_2
asc_ruta1      1.0000     0.1809    -0.2504    -0.1912     0.3794     0.0778    -0.1561     0.0387
asc_ruta4      0.1809     1.0000     0.0753     0.1225     0.2020    -0.0591     0.0095    -0.0776
b_gain        -0.2504     0.0753     1.0000    -0.2810    -0.1150     0.1695    -0.0057     0.0556
b_loss        -0.1912     0.1225    -0.2810     1.0000     0.0324     0.0792     0.0266    -0.0712
b_dt           0.3794     0.2020    -0.1150     0.0324     1.0000     0.2032    -0.1742     0.0732
b_Sem          0.0778    -0.0591     0.1695     0.0792     0.2032     1.0000    -0.1122     0.0163
b_ACC_1       -0.1561     0.0095    -0.0057     0.0266    -0.1742    -0.1122     1.0000     0.0403
b_ACC_2        0.0387    -0.0776     0.0556    -0.0712     0.0732     0.0163     0.0403     1.0000
b_SI_CAMFD    -0.1374     0.5014     0.1479     0.0766    -0.0630    -0.0028     0.0181    -0.1003
b_SI_PANEL     0.0435     0.0888     0.0834    -0.0363     0.1146     0.0274    -0.0389     0.0557
b_SI_ZER       0.0566    -0.1063    -0.1776     0.1054    -0.0616     0.0309    -0.1590     0.1128
b_Si_MTRP     -0.1937    -0.2020     0.0593    -0.0565    -0.2980    -0.0105     0.1808    -0.0534
b_No_Info     -0.0615    -0.5747     0.0692    -0.1374    -0.1094     0.0173    -0.1218     0.0538
b_UsoCel_F     0.0915    -0.4318    -0.0020     0.0822     0.0801     0.0865    -0.0310     0.0927
           b_SI_CAMFD b_SI_PANEL   b_SI_ZER  b_Si_MTRP  b_No_Info b_UsoCel_F
asc_ruta1     -0.1374     0.0435     0.0566    -0.1937    -0.0615     0.0915
asc_ruta4      0.5014     0.0888    -0.1063    -0.2020    -0.5747    -0.4318
b_gain         0.1479     0.0834    -0.1776     0.0593     0.0692    -0.0020
b_loss         0.0766    -0.0363     0.1054    -0.0565    -0.1374     0.0822
b_dt          -0.0630     0.1146    -0.0616    -0.2980    -0.1094     0.0801
b_Sem         -0.0028     0.0274     0.0309    -0.0105     0.0173     0.0865
b_ACC_1        0.0181    -0.0389    -0.1590     0.1808    -0.1218    -0.0310
b_ACC_2       -0.1003     0.0557     0.1128    -0.0534     0.0538     0.0927
b_SI_CAMFD     1.0000     0.0572    -0.0961    -0.0947    -0.0206     0.0852
b_SI_PANEL     0.0572     1.0000    -0.1436    -0.0441     0.0548     0.0173
b_SI_ZER      -0.0961    -0.1436     1.0000    -0.0439    -0.0034     0.1637
b_Si_MTRP     -0.0947    -0.0441    -0.0439     1.0000     0.0190    -0.0083
b_No_Info     -0.0206     0.0548    -0.0034     0.0190     1.0000    -0.0227
b_UsoCel_F     0.0852     0.0173     0.1637    -0.0083    -0.0227     1.0000

 20 worst outliers in terms of lowest average per choice prediction:
 row Avg prob per choice
 127          0.05603253
 149          0.05665346
 167          0.07617298
  84          0.08523592
  28          0.09621083
  14          0.10863394
   6          0.10935012
 175          0.11435066
 210          0.11656436
 204          0.12100323
  11          0.12563074
  73          0.12932701
  47          0.13280873
 134          0.13292839
  57          0.14191656
  33          0.15487912
  41          0.16311321
 105          0.16466858
  38          0.17349322
  49          0.17743398

Changes in parameter estimates from starting values:
           Initial Estimate Difference
asc_ruta1        0   1.1961     1.1961
asc_ruta2        0   0.0000     0.0000
asc_ruta4        0   0.4508     0.4508
b_gain           0  -1.8513    -1.8513
b_loss           0  -0.3056    -0.3056
b_dt             0   0.1250     0.1250
b_Sem            0   0.3612     0.3612
b_ACC_0          0   0.0000     0.0000
b_ACC_1         -1  -0.5458     0.4542
b_ACC_2          0  -2.2621    -2.2621
b_NO_CAMFD       0   0.0000     0.0000
b_SI_CAMFD       0  -0.4383    -0.4383
b_NO_PANEL       0   0.0000     0.0000
b_SI_PANEL      -1  -0.5158     0.4842
b_NO_ZER         0   0.0000     0.0000
b_SI_ZER         0   0.0813     0.0813
b_No_MTRP        0   0.0000     0.0000
b_Si_MTRP        0   0.3517     0.3517
b_No_Info        0  -0.3969    -0.3969
b_Si_Info        0   0.0000     0.0000
b_UsoCel_P       0   0.0000     0.0000
b_UsoCel_F       0   0.1168     0.1168
