Model run using Apollo for R, version 0.0.8 
www.ApolloChoiceModelling.com

Model name                       : Apollo_example_21
Model description                : Latent class with continuous random parameters on Swiss route choice data
Model run at                     : 2020-02-20 21:38:13
Estimation method                : bfgs
Model diagnosis                  : successful convergence 
Number of individuals            : 388
Number of observations           : 3492

Number of cores used             :  3 
Number of inter-person draws     : 100 (halton)

LL(start)                        : -1698.575
LL(0)                            : -242047
LL(final, whole model)           : -1502.223
  LL(component_1)                : -2675.018
  LL(component_2)                : -1637.6
Rho-square (0)                   :  0.9938 
Adj.Rho-square (0)               :  0.9937 
AIC                              :  3034.45 
BIC                              :  3126.82 
Estimated parameters             :  15
Time taken (hh:mm:ss)            :  00:10:53.43 
Iterations                       :  60 

Estimates:
                Estimate Std.err. t.ratio(0) Rob.std.err. Rob.t.ratio(0)
asc1             -0.0224   0.0534      -0.42       0.0580          -0.39
asc2              0.0000       NA         NA           NA             NA
log_tt_a_mu      -1.5991   0.2019      -7.92       0.3085          -5.18
log_tt_b_mu      -2.4763   0.1128     -21.96       0.1317         -18.80
log_tt_a_sig      0.5599   0.0853       6.57       0.0718           7.79
log_tt_b_sig      0.6817   0.0744       9.16       0.0724           9.41
tc_a             -1.2407   0.2257      -5.50       0.4253          -2.92
tc_b             -0.1709   0.0228      -7.49       0.0296          -5.77
hw_a             -0.0461   0.0071      -6.47       0.0125          -3.68
hw_b             -0.0508   0.0037     -13.56       0.0056          -9.03
ch_a             -0.5219   0.1572      -3.32       0.2709          -1.93
ch_b             -1.8301   0.1068     -17.13       0.1938          -9.44
delta_a_mu       -2.4870      NaN        NaN       0.9763          -2.55
delta_a_sig       3.0299      NaN        NaN       1.5259           1.99
gamma_commute_a   0.7132      NaN        NaN       0.6639           1.07
gamma_car_av_a   -0.5319   0.5859      -0.91       0.8426          -0.63
delta_b           0.0000       NA         NA           NA             NA
gamma_commute_b   0.0000       NA         NA           NA             NA
gamma_car_av_b    0.0000       NA         NA           NA             NA

Overview of choices for MNL model component: 
                                    alt1    alt2
Times available                  3492.00 3492.00
Times chosen                     1734.00 1758.00
Percentage chosen overall          49.66   50.34
Percentage chosen when available   49.66   50.34

Class allocation summary for LC after estimation: 
        Mean prob.
class_1       0.24
class_2       0.76


Classical covariance matrix:
                     asc1 log_tt_a_mu log_tt_b_mu log_tt_a_sig log_tt_b_sig      tc_a      tc_b
asc1             0.002850   -0.000122    0.000114    -0.000088     0.000047  0.000138 -0.000026
log_tt_a_mu     -0.000122    0.040754   -0.005157    -0.005036     0.000310 -0.039365  0.000709
log_tt_b_mu      0.000114   -0.005157    0.012714     0.000186    -0.004335  0.005005 -0.001715
log_tt_a_sig    -0.000088   -0.005036    0.000186     0.007271    -0.000864  0.002807 -0.000087
log_tt_b_sig     0.000047    0.000310   -0.004335    -0.000864     0.005540 -0.000151  0.000466
tc_a             0.000138   -0.039365    0.005005     0.002807    -0.000151  0.050921 -0.000663
tc_b            -0.000026    0.000709   -0.001715    -0.000087     0.000466 -0.000663  0.000521
hw_a             0.000005   -0.000470    0.000093    -0.000065    -0.000003  0.000640 -0.000015
hw_b            -0.000001    0.000047   -0.000093     0.000006    -0.000012 -0.000088  0.000017
ch_a             0.000064   -0.010436    0.002479     0.000962    -0.000407  0.012184 -0.000811
ch_b            -0.000035    0.007687   -0.004417    -0.000647    -0.000087 -0.011605  0.000650
delta_a_mu       0.003124   -0.006001   -0.001681     0.002343     0.002097  0.031907  0.002617
delta_a_sig     -0.005518   -0.009273    0.004815    -0.001330    -0.004211 -0.005536 -0.002244
gamma_commute_a -0.001241    0.020695   -0.004411    -0.004520     0.001396 -0.036261  0.000333
gamma_car_av_a   0.001231   -0.006122    0.000926     0.002735    -0.000295  0.010297 -0.000415
                     hw_a      hw_b      ch_a      ch_b delta_a_mu delta_a_sig gamma_commute_a
asc1             0.000005 -0.000001  0.000064 -0.000035   0.003124   -0.005518       -0.001241
log_tt_a_mu     -0.000470  0.000047 -0.010436  0.007687  -0.006001   -0.009273        0.020695
log_tt_b_mu      0.000093 -0.000093  0.002479 -0.004417  -0.001681    0.004815       -0.004411
log_tt_a_sig    -0.000065  0.000006  0.000962 -0.000647   0.002343   -0.001330       -0.004520
log_tt_b_sig    -0.000003 -0.000012 -0.000407 -0.000087   0.002097   -0.004211        0.001396
tc_a             0.000640 -0.000088  0.012184 -0.011605   0.031907   -0.005536       -0.036261
tc_b            -0.000015  0.000017 -0.000811  0.000650   0.002617   -0.002244        0.000333
hw_a             0.000051 -0.000011  0.000366 -0.000130  -0.000960    0.001798       -0.000781
hw_b            -0.000011  0.000014 -0.000053  0.000149   0.000281   -0.000775        0.000228
ch_a             0.000366 -0.000053  0.024700 -0.003330  -0.044062    0.039051       -0.022684
ch_b            -0.000130  0.000149 -0.003330  0.011416  -0.017275    0.002039        0.012833
delta_a_mu      -0.000960  0.000281 -0.044062 -0.017275  -2.997700    5.175270        1.359325
delta_a_sig      0.001798 -0.000775  0.039051  0.002039   5.175270   -8.164725       -2.416436
gamma_commute_a -0.000781  0.000228 -0.022684  0.012833   1.359325   -2.416436       -0.065120
gamma_car_av_a  -0.000422  0.000333  0.009227 -0.004588  -0.788905    0.962867        0.299795
                gamma_car_av_a
asc1                  0.001231
log_tt_a_mu          -0.006122
log_tt_b_mu           0.000926
log_tt_a_sig          0.002735
log_tt_b_sig         -0.000295
tc_a                  0.010297
tc_b                 -0.000415
hw_a                 -0.000422
hw_b                  0.000333
ch_a                  0.009227
ch_b                 -0.004588
delta_a_mu           -0.788905
delta_a_sig           0.962867
gamma_commute_a       0.299795
gamma_car_av_a        0.343267

Robust covariance matrix:
                     asc1 log_tt_a_mu log_tt_b_mu log_tt_a_sig log_tt_b_sig      tc_a      tc_b
asc1             0.003363    0.000339    0.000402    -0.000025     0.000250  0.000151 -0.000096
log_tt_a_mu      0.000339    0.095176   -0.018736    -0.005415     0.000904 -0.125563  0.003613
log_tt_b_mu      0.000402   -0.018736    0.017356     0.000941    -0.004122  0.025655 -0.002931
log_tt_a_sig    -0.000025   -0.005415    0.000941     0.005160    -0.000639  0.003837 -0.000276
log_tt_b_sig     0.000250    0.000904   -0.004122    -0.000639     0.005247 -0.000961  0.000497
tc_a             0.000151   -0.125563    0.025655     0.003837    -0.000961  0.180839 -0.004874
tc_b            -0.000096    0.003613   -0.002931    -0.000276     0.000497 -0.004874  0.000877
hw_a            -0.000074   -0.001621    0.000382    -0.000215    -0.000003  0.002341 -0.000059
hw_b            -0.000013    0.000263   -0.000203     0.000050    -0.000024 -0.000423  0.000034
ch_a            -0.000357   -0.060970    0.013550     0.003401    -0.001216  0.084434 -0.003338
ch_b            -0.001218    0.040372   -0.015913    -0.002002     0.000163 -0.059723  0.003006
delta_a_mu       0.008549    0.009962   -0.004859    -0.003540     0.006138  0.008072  0.002961
delta_a_sig     -0.012064   -0.071129    0.030618     0.002471    -0.010971  0.097386 -0.004781
gamma_commute_a -0.001522    0.129116   -0.033742    -0.009348     0.004400 -0.194038  0.005372
gamma_car_av_a   0.002935   -0.084898    0.012515     0.014310    -0.001466  0.110505 -0.004393
                     hw_a      hw_b      ch_a      ch_b delta_a_mu delta_a_sig gamma_commute_a
asc1            -0.000074 -0.000013 -0.000357 -0.001218   0.008549   -0.012064       -0.001522
log_tt_a_mu     -0.001621  0.000263 -0.060970  0.040372   0.009962   -0.071129        0.129116
log_tt_b_mu      0.000382 -0.000203  0.013550 -0.015913  -0.004859    0.030618       -0.033742
log_tt_a_sig    -0.000215  0.000050  0.003401 -0.002002  -0.003540    0.002471       -0.009348
log_tt_b_sig    -0.000003 -0.000024 -0.001216  0.000163   0.006138   -0.010971        0.004400
tc_a             0.002341 -0.000423  0.084434 -0.059723   0.008072    0.097386       -0.194038
tc_b            -0.000059  0.000034 -0.003338  0.003006   0.002961   -0.004781        0.005372
hw_a             0.000157 -0.000043  0.001207 -0.000650  -0.003916    0.009076       -0.003753
hw_b            -0.000043  0.000032 -0.000190  0.000356   0.001284   -0.003602        0.001203
ch_a             0.001207 -0.000190  0.073381 -0.027227  -0.061910    0.059092       -0.099043
ch_b            -0.000650  0.000356 -0.027227  0.037559  -0.023971   -0.030464        0.072714
delta_a_mu      -0.003916  0.001284 -0.061910 -0.023971   0.953097   -1.181494        0.175866
delta_a_sig      0.009076 -0.003602  0.059092 -0.030464  -1.181494    2.328226       -0.650900
gamma_commute_a -0.003753  0.001203 -0.099043  0.072714   0.175866   -0.650900        0.440803
gamma_car_av_a  -0.002266  0.001453  0.092610 -0.039638   0.104706   -0.575838       -0.001755
                gamma_car_av_a
asc1                  0.002935
log_tt_a_mu          -0.084898
log_tt_b_mu           0.012515
log_tt_a_sig          0.014310
log_tt_b_sig         -0.001466
tc_a                  0.110505
tc_b                 -0.004393
hw_a                 -0.002266
hw_b                  0.001453
ch_a                  0.092610
ch_b                 -0.039638
delta_a_mu            0.104706
delta_a_sig          -0.575838
gamma_commute_a      -0.001755
gamma_car_av_a        0.710014

Classical correlation matrix:
                     asc1 log_tt_a_mu log_tt_b_mu log_tt_a_sig log_tt_b_sig      tc_a      tc_b
asc1             1.000000   -0.011339    0.018906    -0.019354     0.011803  0.011463 -0.021400
log_tt_a_mu     -0.011339    1.000000   -0.226541    -0.292563     0.020611 -0.864120  0.153871
log_tt_b_mu      0.018906   -0.226541    1.000000     0.019345    -0.516474  0.196693 -0.666651
log_tt_a_sig    -0.019354   -0.292563    0.019345     1.000000    -0.136063  0.145897 -0.044910
log_tt_b_sig     0.011803    0.020611   -0.516474    -0.136063     1.000000 -0.009004  0.274243
tc_a             0.011463   -0.864120    0.196693     0.145897    -0.009004  1.000000 -0.128823
tc_b            -0.021400    0.153871   -0.666651    -0.044910     0.274243 -0.128823  1.000000
hw_a             0.014145   -0.326391    0.115799    -0.107451    -0.004785  0.398039 -0.092227
hw_b            -0.006832    0.062572   -0.220842     0.017817    -0.041705 -0.103829  0.200363
ch_a             0.007582   -0.328936    0.139909     0.071782    -0.034805  0.343563 -0.226057
ch_b            -0.006170    0.356397   -0.366634    -0.071020    -0.010889 -0.481324  0.266433
delta_a_mu            NaN         NaN         NaN          NaN          NaN       NaN       NaN
delta_a_sig           NaN         NaN         NaN          NaN          NaN       NaN       NaN
gamma_commute_a       NaN         NaN         NaN          NaN          NaN       NaN       NaN
gamma_car_av_a   0.039354   -0.051763    0.014010     0.054740    -0.006775  0.077885 -0.031049
                     hw_a      hw_b      ch_a      ch_b delta_a_mu delta_a_sig gamma_commute_a
asc1             0.014145 -0.006832  0.007582 -0.006170        NaN         NaN             NaN
log_tt_a_mu     -0.326391  0.062572 -0.328936  0.356397        NaN         NaN             NaN
log_tt_b_mu      0.115799 -0.220842  0.139909 -0.366634        NaN         NaN             NaN
log_tt_a_sig    -0.107451  0.017817  0.071782 -0.071020        NaN         NaN             NaN
log_tt_b_sig    -0.004785 -0.041705 -0.034805 -0.010889        NaN         NaN             NaN
tc_a             0.398039 -0.103829  0.343563 -0.481324        NaN         NaN             NaN
tc_b            -0.092227  0.200363 -0.226057  0.266433        NaN         NaN             NaN
hw_a             1.000000 -0.406452  0.326941 -0.170449        NaN         NaN             NaN
hw_b            -0.406452  1.000000 -0.090490  0.371308        NaN         NaN             NaN
ch_a             0.326941 -0.090490  1.000000 -0.198285        NaN         NaN             NaN
ch_b            -0.170449  0.371308 -0.198285  1.000000        NaN         NaN             NaN
delta_a_mu            NaN       NaN       NaN       NaN        NaN         NaN             NaN
delta_a_sig           NaN       NaN       NaN       NaN        NaN         NaN             NaN
gamma_commute_a       NaN       NaN       NaN       NaN        NaN         NaN             NaN
gamma_car_av_a  -0.101071  0.151733  0.100204 -0.073291        NaN         NaN             NaN
                gamma_car_av_a
asc1                  0.039354
log_tt_a_mu          -0.051763
log_tt_b_mu           0.014010
log_tt_a_sig          0.054740
log_tt_b_sig         -0.006775
tc_a                  0.077885
tc_b                 -0.031049
hw_a                 -0.101071
hw_b                  0.151733
ch_a                  0.100204
ch_b                 -0.073291
delta_a_mu                 NaN
delta_a_sig                NaN
gamma_commute_a            NaN
gamma_car_av_a        1.000000

Robust correlation matrix:
                     asc1 log_tt_a_mu log_tt_b_mu log_tt_a_sig log_tt_b_sig      tc_a      tc_b
asc1             1.000000    0.018971    0.052559    -0.005979     0.059461  0.006110 -0.055758
log_tt_a_mu      0.018971    1.000000   -0.460979    -0.244372     0.040441 -0.957084  0.395331
log_tt_b_mu      0.052559   -0.460979    1.000000     0.099462    -0.431922  0.457927 -0.751139
log_tt_a_sig    -0.005979   -0.244372    0.099462     1.000000    -0.122756  0.125621 -0.129675
log_tt_b_sig     0.059461    0.040441   -0.431922    -0.122756     1.000000 -0.031187  0.231463
tc_a             0.006110   -0.957084    0.457927     0.125621    -0.031187  1.000000 -0.386890
tc_b            -0.055758    0.395331   -0.751139    -0.129675     0.231463 -0.386890  1.000000
hw_a            -0.101847   -0.419084    0.231022    -0.238257    -0.003226  0.439156 -0.158878
hw_b            -0.040580    0.151735   -0.274097     0.123667    -0.059796 -0.176914  0.201596
ch_a            -0.022700   -0.729559    0.379674     0.174774    -0.061949  0.732956 -0.415949
ch_b            -0.108364    0.675248   -0.623275    -0.143797     0.011601 -0.724668  0.523641
delta_a_mu       0.150983    0.033075   -0.037779    -0.050487     0.086787  0.019444  0.102392
delta_a_sig     -0.136331   -0.151101    0.152313     0.022549    -0.099260  0.150086 -0.105766
gamma_commute_a -0.039516    0.630364   -0.385758    -0.196017     0.091489 -0.687256  0.273167
gamma_car_av_a   0.060057   -0.326588    0.112739     0.236430    -0.024015  0.308392 -0.176008
                     hw_a      hw_b      ch_a      ch_b delta_a_mu delta_a_sig gamma_commute_a
asc1            -0.101847 -0.040580 -0.022700 -0.108364   0.150983   -0.136331       -0.039516
log_tt_a_mu     -0.419084  0.151735 -0.729559  0.675248   0.033075   -0.151101        0.630364
log_tt_b_mu      0.231022 -0.274097  0.379674 -0.623275  -0.037779    0.152313       -0.385758
log_tt_a_sig    -0.238257  0.123667  0.174774 -0.143797  -0.050487    0.022549       -0.196017
log_tt_b_sig    -0.003226 -0.059796 -0.061949  0.011601   0.086787   -0.099260        0.091489
tc_a             0.439156 -0.176914  0.732956 -0.724668   0.019444    0.150086       -0.687256
tc_b            -0.158878  0.201596 -0.415949  0.523641   0.102392   -0.105766        0.273167
hw_a             1.000000 -0.603658  0.355266 -0.267709  -0.319905    0.474400       -0.450844
hw_b            -0.603658  1.000000 -0.124913  0.326438   0.233949   -0.419776        0.322086
ch_a             0.355266 -0.124913  1.000000 -0.518627  -0.234098    0.142964       -0.550692
ch_b            -0.267709  0.326438 -0.518627  1.000000  -0.126696   -0.103020        0.565119
delta_a_mu      -0.319905  0.233949 -0.234098 -0.126696   1.000000   -0.793141        0.271326
delta_a_sig      0.474400 -0.419776  0.142964 -0.103020  -0.793141    1.000000       -0.642509
gamma_commute_a -0.450844  0.322086 -0.550692  0.565119   0.271326   -0.642509        1.000000
gamma_car_av_a  -0.214508  0.306528  0.405723 -0.242730   0.127283   -0.447872       -0.003138
                gamma_car_av_a
asc1                  0.060057
log_tt_a_mu          -0.326588
log_tt_b_mu           0.112739
log_tt_a_sig          0.236430
log_tt_b_sig         -0.024015
tc_a                  0.308392
tc_b                 -0.176008
hw_a                 -0.214508
hw_b                  0.306528
ch_a                  0.405723
ch_b                 -0.242730
delta_a_mu            0.127283
delta_a_sig          -0.447872
gamma_commute_a      -0.003138
gamma_car_av_a        1.000000

 20 worst outliers in terms of lowest average per choice prediction:
    ID Avg prob per choice
 15174           0.2327932
 23205           0.2536712
 16178           0.2562664
 22580           0.2584644
 16489           0.2965090
 76862           0.3016573
 21623           0.3210469
 24627           0.3251076
 22961           0.3462991
 16020           0.3469792
 12534           0.3505998
 20100           0.3633100
 21922           0.3638347
 16184           0.3657896
 15056           0.3761806
 22820           0.3822890
 20352           0.3899810
 13214           0.4007551
 17645           0.4035275
 16617           0.4074109

Changes in parameter estimates from starting values:
                Initial Estimate Difference
asc1             0.0000  -0.0224    -0.0224
asc2             0.0000   0.0000     0.0000
log_tt_a_mu     -3.0000  -1.5991     1.4009
log_tt_b_mu     -3.0000  -2.4763     0.5237
log_tt_a_sig     0.2000   0.5599     0.3599
log_tt_b_sig     0.1000   0.6817     0.5817
tc_a             0.0000  -1.2407    -1.2407
tc_b             0.0000  -0.1709    -0.1709
hw_a            -0.0396  -0.0461    -0.0065
hw_b            -0.0479  -0.0508    -0.0029
ch_a            -0.7624  -0.5219     0.2405
ch_b            -2.1725  -1.8301     0.3424
delta_a_mu       0.0329  -2.4870    -2.5199
delta_a_sig      0.0329   3.0299     2.9970
gamma_commute_a  0.0000   0.7132     0.7132
gamma_car_av_a   0.0000  -0.5319    -0.5319
delta_b          0.0000   0.0000     0.0000
gamma_commute_b  0.0000   0.0000     0.0000
gamma_car_av_b   0.0000   0.0000     0.0000
