Model run using Apollo for R, version 0.0.8 
www.ApolloChoiceModelling.com

Model name                       : Modelo BÁSICO MNL
Model description                : MNL model
Model run at                     : 2020-02-26 15:11:50
Estimation method                : bfgs
Model diagnosis                  : successful convergence 
Number of individuals            : 348
Number of observations           : 348

Number of cores used             :  1 
Model without mixing

LL(start)                        : -482.4304
LL(0)                            : -482.4304
LL(final)                        : -370.3852
Rho-square (0)                   :  0.2323 
Adj.Rho-square (0)               :  0.1887 
AIC                              :  782.77 
BIC                              :  863.67 
Estimated parameters             :  21
Time taken (hh:mm:ss)            :  00:00:45.15 
Iterations                       :  68 

Estimates:
              Estimate Std.err. t.ratio(0) Rob.std.err. Rob.t.ratio(0)
asc_ruta1       0.0000       NA         NA           NA             NA
asc_ruta2      -0.9344   0.1901      -4.92       0.1944          -4.81
asc_ruta3      -1.6531   0.2536      -6.52       0.2807          -5.89
asc_rutaEC      0.8161   0.8177       1.00       0.8657           0.94
b_time          0.0706   0.0234       3.02       0.0292           2.41
b_dist         -0.4025   0.1120      -3.59       0.1119          -3.60
b_semaf         0.0004   0.0038       0.11       0.0015           0.28
b_CamFD         0.0033   0.0087       0.38       0.0020           1.67
b_ZER          -0.0373   0.0657      -0.57       0.0599          -0.62
b_MtrP          0.1487   0.1372       1.08       0.1203           1.24
b_Acc          -0.4053   0.2483      -1.63       0.2555          -1.59
b_Panel        -0.1660   0.1556      -1.07       0.1340          -1.24
b_clima        -0.1298   0.2963      -0.44       0.3100          -0.42
b_cong          0.0510   0.0753       0.68       0.0780           0.65
b_Hpico         0.0000       NA         NA           NA             NA
b_Hvalle        0.1131   0.2390       0.47       0.2399           0.47
b_T_prof       -0.0103   0.0129      -0.80       0.0135          -0.77
b_Hor_trab     -0.0066   0.0545      -0.12       0.0558          -0.12
b_EduBasica     0.0140   0.2370       0.06       0.2423           0.06
b_EduSuperior   0.0000       NA         NA           NA             NA
b_Info_traf     0.2870   0.2925       0.98       0.3140           0.91
b_Joven30      -1.4159   0.5782      -2.45       0.5787          -2.45
b_Adulto40     -0.4898   0.4129      -1.19       0.4211          -1.16
b_Adulto60     -0.5688   0.3588      -1.59       0.3699          -1.54
b_AdultoMayor   0.0000       NA         NA           NA             NA

Overview of choices for MNL model component:
                                  ruta1  ruta2  ruta3 rutaEC
Times available                  348.00 348.00 348.00 348.00
Times chosen                     113.00  42.00  21.00 172.00
Percentage chosen overall         32.47  12.07   6.03  49.43
Percentage chosen when available  32.47  12.07   6.03  49.43


Classical covariance matrix:
            asc_ruta2 asc_ruta3 asc_rutaEC    b_time    b_dist  b_semaf   b_CamFD     b_ZER    b_MtrP
asc_ruta2    0.036135  0.013127   0.008340 -0.000788 -0.002503  2.0e-06  0.000002  0.000947  0.000231
asc_ruta3    0.013127  0.064333   0.009102 -0.001477 -0.002093  1.0e-06 -0.000007  0.001008 -0.003042
asc_rutaEC   0.008340  0.009102   0.668597  0.001206 -0.006061  2.4e-05 -0.000059  0.001954 -0.003319
b_time      -0.000788 -0.001477   0.001206  0.000547 -0.000755  3.0e-06 -0.000003 -0.000205 -0.000125
b_dist      -0.002503 -0.002093  -0.006061 -0.000755  0.012547 -4.4e-05  0.000040  0.000050 -0.000211
b_semaf      0.000002  0.000001   0.000024  0.000003 -0.000044  1.4e-05 -0.000014 -0.000006 -0.000035
b_CamFD      0.000002 -0.000007  -0.000059 -0.000003  0.000040 -1.4e-05  0.000077  0.000002  0.000025
b_ZER        0.000947  0.001008   0.001954 -0.000205  0.000050 -6.0e-06  0.000002  0.004314  0.000269
b_MtrP       0.000231 -0.003042  -0.003319 -0.000125 -0.000211 -3.5e-05  0.000025  0.000269  0.018833
b_Acc        0.003364  0.001693  -0.004338 -0.000179 -0.000526 -1.1e-04  0.000100  0.000242  0.000577
b_Panel     -0.000320 -0.000360   0.003074  0.000097 -0.001094  3.0e-06 -0.000006  0.000289 -0.001372
b_clima      0.001524  0.001190  -0.087133 -0.000550  0.002207  5.2e-05 -0.000035 -0.000451  0.002685
b_cong       0.000754  0.000726  -0.005107 -0.000608  0.000541 -6.0e-06 -0.000001 -0.000008  0.000061
b_Hvalle     0.002358  0.001701  -0.001758 -0.000471 -0.001509 -1.6e-05  0.000032 -0.000500  0.002662
b_T_prof    -0.000052 -0.000086  -0.002360  0.000005  0.000082 -2.0e-06  0.000005 -0.000029  0.000101
b_Hor_trab   0.000188  0.000464  -0.033747 -0.000174  0.000393 -2.0e-06  0.000001  0.000023 -0.000227
b_EduBasica -0.000741 -0.000843  -0.000589  0.000017  0.001064 -2.9e-05 -0.000019  0.000869 -0.000506
b_Info_traf  0.001230  0.001362  -0.039106 -0.000187 -0.000821 -2.1e-05  0.000018  0.000702  0.003005
b_Joven30   -0.003718 -0.005164  -0.154417  0.000251  0.005471 -5.1e-05  0.000114 -0.000514 -0.003726
b_Adulto40  -0.003008 -0.005398  -0.114298  0.000458  0.005120 -7.1e-05  0.000095 -0.001131  0.003373
b_Adulto60  -0.001403 -0.002179  -0.093196 -0.000019  0.002812 -2.3e-05  0.000019 -0.000161  0.000199
                b_Acc   b_Panel   b_clima    b_cong  b_Hvalle  b_T_prof b_Hor_trab b_EduBasica b_Info_traf
asc_ruta2    0.003364 -0.000320  0.001524  0.000754  0.002358 -0.000052   0.000188   -0.000741    0.001230
asc_ruta3    0.001693 -0.000360  0.001190  0.000726  0.001701 -0.000086   0.000464   -0.000843    0.001362
asc_rutaEC  -0.004338  0.003074 -0.087133 -0.005107 -0.001758 -0.002360  -0.033747   -0.000589   -0.039106
b_time      -0.000179  0.000097 -0.000550 -0.000608 -0.000471  0.000005  -0.000174    0.000017   -0.000187
b_dist      -0.000526 -0.001094  0.002207  0.000541 -0.001509  0.000082   0.000393    0.001064   -0.000821
b_semaf     -0.000110  0.000003  0.000052 -0.000006 -0.000016 -0.000002  -0.000002   -0.000029   -0.000021
b_CamFD      0.000100 -0.000006 -0.000035 -0.000001  0.000032  0.000005   0.000001   -0.000019    0.000018
b_ZER        0.000242  0.000289 -0.000451 -0.000008 -0.000500 -0.000029   0.000023    0.000869    0.000702
b_MtrP       0.000577 -0.001372  0.002685  0.000061  0.002662  0.000101  -0.000227   -0.000506    0.003005
b_Acc        0.061670  0.000113  0.002238  0.001289  0.001027  0.000139  -0.000341   -0.002664    0.002197
b_Panel      0.000113  0.024217  0.000376 -0.000236 -0.000989  0.000088   0.000100   -0.000587   -0.004397
b_clima      0.002238  0.000376  0.087795  0.001282 -0.003240 -0.000010  -0.000198   -0.011627   -0.003586
b_cong       0.001289 -0.000236  0.001282  0.005670 -0.001126 -0.000035   0.000115    0.001682    0.000860
b_Hvalle     0.001027 -0.000989 -0.003240 -0.001126  0.057099 -0.000002  -0.001436    0.002328    0.002719
b_T_prof     0.000139  0.000088 -0.000010 -0.000035 -0.000002  0.000166  -0.000049   -0.000390    0.000000
b_Hor_trab  -0.000341  0.000100 -0.000198  0.000115 -0.001436 -0.000049   0.002975   -0.001061    0.001775
b_EduBasica -0.002664 -0.000587 -0.011627  0.001682  0.002328 -0.000390  -0.001061    0.056166    0.000334
b_Info_traf  0.002197 -0.004397 -0.003586  0.000860  0.002719  0.000000   0.001775    0.000334    0.085575
b_Joven30    0.007693 -0.001538 -0.000555  0.004962 -0.004862  0.002557   0.000437   -0.002797    0.000222
b_Adulto40   0.009772 -0.002311 -0.006795  0.003028  0.002867  0.001738  -0.001232   -0.004114    0.007181
b_Adulto60   0.005472 -0.001887 -0.002852  0.002785  0.001932  0.000778  -0.001707    0.000340    0.003247
            b_Joven30 b_Adulto40 b_Adulto60
asc_ruta2   -0.003718  -0.003008  -0.001403
asc_ruta3   -0.005164  -0.005398  -0.002179
asc_rutaEC  -0.154417  -0.114298  -0.093196
b_time       0.000251   0.000458  -0.000019
b_dist       0.005471   0.005120   0.002812
b_semaf     -0.000051  -0.000071  -0.000023
b_CamFD      0.000114   0.000095   0.000019
b_ZER       -0.000514  -0.001131  -0.000161
b_MtrP      -0.003726   0.003373   0.000199
b_Acc        0.007693   0.009772   0.005472
b_Panel     -0.001538  -0.002311  -0.001887
b_clima     -0.000555  -0.006795  -0.002852
b_cong       0.004962   0.003028   0.002785
b_Hvalle    -0.004862   0.002867   0.001932
b_T_prof     0.002557   0.001738   0.000778
b_Hor_trab   0.000437  -0.001232  -0.001707
b_EduBasica -0.002797  -0.004114   0.000340
b_Info_traf  0.000222   0.007181   0.003247
b_Joven30    0.334318   0.130748   0.113817
b_Adulto40   0.130748   0.170507   0.110714
b_Adulto60   0.113817   0.110714   0.128735

Robust covariance matrix:
            asc_ruta2 asc_ruta3 asc_rutaEC    b_time    b_dist   b_semaf   b_CamFD     b_ZER    b_MtrP
asc_ruta2    0.037787  0.017363   0.024691 -0.001482 -0.003115 -0.000020  0.000024  0.001565 -0.000154
asc_ruta3    0.017363  0.078811   0.032192 -0.004297  0.001381  0.000019 -0.000011  0.001173 -0.004821
asc_rutaEC   0.024691  0.032192   0.749464 -0.000421 -0.004469  0.000027 -0.000100  0.008491 -0.007370
b_time      -0.001482 -0.004297  -0.000421  0.000854 -0.001093  0.000002 -0.000003 -0.000245 -0.000164
b_dist      -0.003115  0.001381  -0.004469 -0.001093  0.012523 -0.000040  0.000042 -0.000582  0.002128
b_semaf     -0.000020  0.000019   0.000027  0.000002 -0.000040  0.000002 -0.000002 -0.000001 -0.000036
b_CamFD      0.000024 -0.000011  -0.000100 -0.000003  0.000042 -0.000002  0.000004 -0.000002  0.000041
b_ZER        0.001565  0.001173   0.008491 -0.000245 -0.000582 -0.000001 -0.000002  0.003583  0.000024
b_MtrP      -0.000154 -0.004821  -0.007370 -0.000164  0.002128 -0.000036  0.000041  0.000024  0.014480
b_Acc        0.006336 -0.007143   0.002752  0.001245 -0.003024 -0.000170  0.000163  0.000590  0.002770
b_Panel     -0.001442 -0.000956   0.000686  0.000084  0.000927  0.000020 -0.000019 -0.000247 -0.000862
b_clima     -0.007888 -0.007302  -0.104557  0.000158  0.003558  0.000123 -0.000103 -0.002152  0.002706
b_cong       0.001268  0.000115  -0.007602 -0.000794 -0.000067 -0.000013  0.000003  0.000221  0.000231
b_Hvalle    -0.000457 -0.002016  -0.004389  0.000200 -0.002097 -0.000053  0.000083 -0.000331  0.001776
b_T_prof     0.000119 -0.000110  -0.002373  0.000027  0.000059 -0.000004  0.000007 -0.000019  0.000212
b_Hor_trab   0.000105  0.000578  -0.036400 -0.000254  0.000479  0.000000  0.000003 -0.000350 -0.000058
b_EduBasica  0.000245  0.001660  -0.004636 -0.000269  0.000527 -0.000061  0.000022  0.000467  0.000408
b_Info_traf -0.003390  0.001868  -0.062589 -0.000230 -0.002192 -0.000051  0.000054 -0.000075  0.003440
b_Joven30   -0.003655 -0.008908  -0.144526  0.001120  0.001726 -0.000093  0.000101  0.001684 -0.001067
b_Adulto40  -0.007768 -0.014561  -0.119164  0.001057  0.005548 -0.000127  0.000137 -0.001496  0.005923
b_Adulto60  -0.007337 -0.012149  -0.103401  0.000442  0.003370 -0.000033  0.000017  0.001149  0.000954
                b_Acc   b_Panel   b_clima    b_cong  b_Hvalle  b_T_prof b_Hor_trab b_EduBasica b_Info_traf
asc_ruta2    0.006336 -0.001442 -0.007888  0.001268 -0.000457  0.000119   0.000105    0.000245   -0.003390
asc_ruta3   -0.007143 -0.000956 -0.007302  0.000115 -0.002016 -0.000110   0.000578    0.001660    0.001868
asc_rutaEC   0.002752  0.000686 -0.104557 -0.007602 -0.004389 -0.002373  -0.036400   -0.004636   -0.062589
b_time       0.001245  0.000084  0.000158 -0.000794  0.000200  0.000027  -0.000254   -0.000269   -0.000230
b_dist      -0.003024  0.000927  0.003558 -0.000067 -0.002097  0.000059   0.000479    0.000527   -0.002192
b_semaf     -0.000170  0.000020  0.000123 -0.000013 -0.000053 -0.000004   0.000000   -0.000061   -0.000051
b_CamFD      0.000163 -0.000019 -0.000103  0.000003  0.000083  0.000007   0.000003    0.000022    0.000054
b_ZER        0.000590 -0.000247 -0.002152  0.000221 -0.000331 -0.000019  -0.000350    0.000467   -0.000075
b_MtrP       0.002770 -0.000862  0.002706  0.000231  0.001776  0.000212  -0.000058    0.000408    0.003440
b_Acc        0.065274 -0.002484 -0.005235  0.002114  0.003967  0.000411  -0.001480   -0.000596    0.007978
b_Panel     -0.002484  0.017954 -0.001026 -0.000690  0.000393  0.000075   0.000349   -0.000337   -0.004245
b_clima     -0.005235 -0.001026  0.096103  0.000772 -0.003857 -0.000194   0.000520   -0.013482   -0.000845
b_cong       0.002114 -0.000690  0.000772  0.006091 -0.001429 -0.000039   0.000198    0.001727    0.003230
b_Hvalle     0.003967  0.000393 -0.003857 -0.001429  0.057540  0.000091  -0.001544    0.003745    0.004409
b_T_prof     0.000411  0.000075 -0.000194 -0.000039  0.000091  0.000181  -0.000059   -0.000295    0.000075
b_Hor_trab  -0.001480  0.000349  0.000520  0.000198 -0.001544 -0.000059   0.003110   -0.000862    0.002099
b_EduBasica -0.000596 -0.000337 -0.013482  0.001727  0.003745 -0.000295  -0.000862    0.058692    0.005535
b_Info_traf  0.007978 -0.004245 -0.000845  0.003230  0.004409  0.000075   0.002099    0.005535    0.098622
b_Joven30    0.016835 -0.002629 -0.006267  0.004266 -0.011795  0.002655  -0.000355    0.002604   -0.002360
b_Adulto40   0.016990 -0.001003 -0.009798  0.004543  0.003005  0.001868  -0.001377   -0.005482    0.015555
b_Adulto60   0.011823 -0.001920 -0.002742  0.004468  0.000955  0.000841  -0.001737    0.000420    0.014779
            b_Joven30 b_Adulto40 b_Adulto60
asc_ruta2   -0.003655  -0.007768  -0.007337
asc_ruta3   -0.008908  -0.014561  -0.012149
asc_rutaEC  -0.144526  -0.119164  -0.103401
b_time       0.001120   0.001057   0.000442
b_dist       0.001726   0.005548   0.003370
b_semaf     -0.000093  -0.000127  -0.000033
b_CamFD      0.000101   0.000137   0.000017
b_ZER        0.001684  -0.001496   0.001149
b_MtrP      -0.001067   0.005923   0.000954
b_Acc        0.016835   0.016990   0.011823
b_Panel     -0.002629  -0.001003  -0.001920
b_clima     -0.006267  -0.009798  -0.002742
b_cong       0.004266   0.004543   0.004468
b_Hvalle    -0.011795   0.003005   0.000955
b_T_prof     0.002655   0.001868   0.000841
b_Hor_trab  -0.000355  -0.001377  -0.001737
b_EduBasica  0.002604  -0.005482   0.000420
b_Info_traf -0.002360   0.015555   0.014779
b_Joven30    0.334889   0.133450   0.118587
b_Adulto40   0.133450   0.177365   0.117501
b_Adulto60   0.118587   0.117501   0.136859

Classical correlation matrix:
            asc_ruta2 asc_ruta3 asc_rutaEC    b_time    b_dist   b_semaf   b_CamFD     b_ZER    b_MtrP
asc_ruta2    1.000000  0.272262   0.053655 -0.177354 -0.117561  0.002437  0.001150  0.075846  0.008864
asc_ruta3    0.272262  1.000000   0.043888 -0.249155 -0.073661  0.000688 -0.003002  0.060481 -0.087394
asc_rutaEC   0.053655  0.043888   1.000000  0.063065 -0.066174  0.007676 -0.008297  0.036391 -0.029579
b_time      -0.177354 -0.249155   0.063065  1.000000 -0.288333  0.030977 -0.013989 -0.133686 -0.038910
b_dist      -0.117561 -0.073661  -0.066174 -0.288333  1.000000 -0.103158  0.041147  0.006847 -0.013750
b_semaf      0.002437  0.000688   0.007676  0.030977 -0.103158  1.000000 -0.433650 -0.023726 -0.067990
b_CamFD      0.001150 -0.003002  -0.008297 -0.013989  0.041147 -0.433650  1.000000  0.004224  0.021024
b_ZER        0.075846  0.060481   0.036391 -0.133686  0.006847 -0.023726  0.004224  1.000000  0.029824
b_MtrP       0.008864 -0.087394  -0.029579 -0.038910 -0.013750 -0.067990  0.021024  0.029824  1.000000
b_Acc        0.071260  0.026878  -0.021365 -0.030872 -0.018894 -0.117111  0.046248  0.014841  0.016925
b_Panel     -0.010834 -0.009129   0.024155  0.026569 -0.062762  0.005170 -0.004065  0.028278 -0.064230
b_clima      0.027064  0.015833  -0.359639 -0.079373  0.066490  0.046543 -0.013499 -0.023163  0.066024
b_cong       0.052705  0.038009  -0.082950 -0.345666  0.064098 -0.021319 -0.002121 -0.001557  0.005900
b_Hvalle     0.051920  0.028060  -0.008996 -0.084391 -0.056379 -0.017570  0.015307 -0.031848  0.081179
b_T_prof    -0.021079 -0.026319  -0.224042  0.015943  0.056683 -0.040360  0.047447 -0.034351  0.057044
b_Hor_trab   0.018090  0.033564  -0.756696 -0.136530  0.064294 -0.007657  0.001313  0.006363 -0.030328
b_EduBasica -0.016458 -0.014016  -0.003038  0.003157  0.040084 -0.032185 -0.009095  0.055851 -0.015573
b_Info_traf  0.022118  0.018350  -0.163489 -0.027328 -0.025046 -0.018778  0.006904  0.036513  0.074843
b_Joven30   -0.033827 -0.035214  -0.326614  0.018589  0.084473 -0.023238  0.022456 -0.013525 -0.046952
b_Adulto40  -0.038324 -0.051543  -0.338520  0.047444  0.110693 -0.045328  0.026329 -0.041698  0.059523
b_Adulto60  -0.020568 -0.023940  -0.317663 -0.002271  0.069959 -0.016855  0.006040 -0.006844  0.004047
                b_Acc   b_Panel   b_clima    b_cong  b_Hvalle  b_T_prof b_Hor_trab b_EduBasica b_Info_traf
asc_ruta2    0.071260 -0.010834  0.027064  0.052705  0.051920 -0.021079   0.018090   -0.016458    0.022118
asc_ruta3    0.026878 -0.009129  0.015833  0.038009  0.028060 -0.026319   0.033564   -0.014016    0.018350
asc_rutaEC  -0.021365  0.024155 -0.359639 -0.082950 -0.008996 -0.224042  -0.756696   -0.003038   -0.163489
b_time      -0.030872  0.026569 -0.079373 -0.345666 -0.084391  0.015943  -0.136530    0.003157   -0.027328
b_dist      -0.018894 -0.062762  0.066490  0.064098 -0.056379  0.056683   0.064294    0.040084   -0.025046
b_semaf     -0.117111  0.005170  0.046543 -0.021319 -0.017570 -0.040360  -0.007657   -0.032185   -0.018778
b_CamFD      0.046248 -0.004065 -0.013499 -0.002121  0.015307  0.047447   0.001313   -0.009095    0.006904
b_ZER        0.014841  0.028278 -0.023163 -0.001557 -0.031848 -0.034351   0.006363    0.055851    0.036513
b_MtrP       0.016925 -0.064230  0.066024  0.005900  0.081179  0.057044  -0.030328   -0.015573    0.074843
b_Acc        1.000000  0.002931  0.030412  0.068956  0.017313  0.043532  -0.025152   -0.045260    0.030238
b_Panel      0.002931  1.000000  0.008152 -0.020135 -0.026595  0.044103   0.011756   -0.015920   -0.096590
b_clima      0.030412  0.008152  1.000000  0.057480 -0.045759 -0.002558  -0.012248   -0.165569   -0.041370
b_cong       0.068956 -0.020135  0.057480  1.000000 -0.062585 -0.036590   0.028027    0.094274    0.039050
b_Hvalle     0.017313 -0.026595 -0.045759 -0.062585  1.000000 -0.000554  -0.110192    0.041116    0.038901
b_T_prof     0.043532  0.044103 -0.002558 -0.036590 -0.000554  1.000000  -0.070213   -0.127798   -0.000104
b_Hor_trab  -0.025152  0.011756 -0.012248  0.028027 -0.110192 -0.070213   1.000000   -0.082083    0.111249
b_EduBasica -0.045260 -0.015920 -0.165569  0.094274  0.041116 -0.127798  -0.082083    1.000000    0.004813
b_Info_traf  0.030238 -0.096590 -0.041370  0.039050  0.038901 -0.000104   0.111249    0.004813    1.000000
b_Joven30    0.053576 -0.017090 -0.003242  0.113978 -0.035192  0.343313   0.013871   -0.020409    0.001315
b_Adulto40   0.095301 -0.035971 -0.055539  0.097388  0.029061  0.326744  -0.054708   -0.042044    0.059445
b_Adulto60   0.061413 -0.033799 -0.026823  0.103069  0.022534  0.168410  -0.087227    0.004001    0.030931
            b_Joven30 b_Adulto40 b_Adulto60
asc_ruta2   -0.033827  -0.038324  -0.020568
asc_ruta3   -0.035214  -0.051543  -0.023940
asc_rutaEC  -0.326614  -0.338520  -0.317663
b_time       0.018589   0.047444  -0.002271
b_dist       0.084473   0.110693   0.069959
b_semaf     -0.023238  -0.045328  -0.016855
b_CamFD      0.022456   0.026329   0.006040
b_ZER       -0.013525  -0.041698  -0.006844
b_MtrP      -0.046952   0.059523   0.004047
b_Acc        0.053576   0.095301   0.061413
b_Panel     -0.017090  -0.035971  -0.033799
b_clima     -0.003242  -0.055539  -0.026823
b_cong       0.113978   0.097388   0.103069
b_Hvalle    -0.035192   0.029061   0.022534
b_T_prof     0.343313   0.326744   0.168410
b_Hor_trab   0.013871  -0.054708  -0.087227
b_EduBasica -0.020409  -0.042044   0.004001
b_Info_traf  0.001315   0.059445   0.030931
b_Joven30    1.000000   0.547628   0.548628
b_Adulto40   0.547628   1.000000   0.747278
b_Adulto60   0.548628   0.747278   1.000000

Robust correlation matrix:
            asc_ruta2 asc_ruta3 asc_rutaEC    b_time    b_dist   b_semaf   b_CamFD     b_ZER    b_MtrP
asc_ruta2    1.000000  0.318180   0.146724 -0.260906 -0.143187 -0.069796  0.061820  0.134538 -0.006577
asc_ruta3    0.318180  1.000000   0.132456 -0.523679  0.043957  0.044156 -0.020387  0.069798 -0.142702
asc_rutaEC   0.146724  0.132456   1.000000 -0.016620 -0.046128  0.020923 -0.058979  0.163850 -0.070743
b_time      -0.260906 -0.523679  -0.016620  1.000000 -0.334255  0.054772 -0.060009 -0.140262 -0.046660
b_dist      -0.143187  0.043957  -0.046128 -0.334255  1.000000 -0.241005  0.190090 -0.086837  0.158023
b_semaf     -0.069796  0.044156   0.020923  0.054772 -0.241005  1.000000 -0.768735 -0.014085 -0.200699
b_CamFD      0.061820 -0.020387  -0.058979 -0.060009  0.190090 -0.768735  1.000000 -0.017913  0.173720
b_ZER        0.134538  0.069798   0.163850 -0.140262 -0.086837 -0.014085 -0.017913  1.000000  0.003336
b_MtrP      -0.006577 -0.142702  -0.070743 -0.046660  0.158023 -0.200699  0.173720  0.003336  1.000000
b_Acc        0.127572 -0.099593   0.012441  0.166678 -0.105757 -0.446241  0.324610  0.038598  0.090105
b_Panel     -0.055379 -0.025402   0.005913  0.021409  0.061826  0.101234 -0.071215 -0.030833 -0.053467
b_clima     -0.130902 -0.083899  -0.389591  0.017413  0.102553  0.264971 -0.169426 -0.115979  0.072534
b_cong       0.083578  0.005270  -0.112517 -0.348066 -0.007715 -0.108108  0.016322  0.047252  0.024595
b_Hvalle    -0.009806 -0.029943  -0.021135  0.028545 -0.078104 -0.147879  0.175348 -0.023039  0.061541
b_T_prof     0.045333 -0.029089  -0.203526  0.069714  0.039022 -0.222592  0.269787 -0.023254  0.130502
b_Hor_trab   0.009641  0.036891  -0.753993 -0.155668  0.076720 -0.005182  0.023856 -0.105001 -0.008695
b_EduBasica  0.005199  0.024403  -0.022105 -0.038009  0.019425 -0.169551  0.046969  0.032216  0.014007
b_Info_traf -0.055524  0.021186  -0.230216 -0.025100 -0.062371 -0.108915  0.087235 -0.004016  0.091025
b_Joven30   -0.032493 -0.054829  -0.288483  0.066193  0.026651 -0.107593  0.088573  0.048610 -0.015327
b_Adulto40  -0.094884 -0.123156  -0.326840  0.085853  0.117722 -0.201827  0.165471 -0.059329  0.116880
b_Adulto60  -0.102022 -0.116981  -0.322858  0.040863  0.081391 -0.059557  0.022749  0.051910  0.021439
                b_Acc   b_Panel   b_clima    b_cong  b_Hvalle  b_T_prof b_Hor_trab b_EduBasica b_Info_traf
asc_ruta2    0.127572 -0.055379 -0.130902  0.083578 -0.009806  0.045333   0.009641    0.005199   -0.055524
asc_ruta3   -0.099593 -0.025402 -0.083899  0.005270 -0.029943 -0.029089   0.036891    0.024403    0.021186
asc_rutaEC   0.012441  0.005913 -0.389591 -0.112517 -0.021135 -0.203526  -0.753993   -0.022105   -0.230216
b_time       0.166678  0.021409  0.017413 -0.348066  0.028545  0.069714  -0.155668   -0.038009   -0.025100
b_dist      -0.105757  0.061826  0.102553 -0.007715 -0.078104  0.039022   0.076720    0.019425   -0.062371
b_semaf     -0.446241  0.101234  0.264971 -0.108108 -0.147879 -0.222592  -0.005182   -0.169551   -0.108915
b_CamFD      0.324610 -0.071215 -0.169426  0.016322  0.175348  0.269787   0.023856    0.046969    0.087235
b_ZER        0.038598 -0.030833 -0.115979  0.047252 -0.023039 -0.023254  -0.105001    0.032216   -0.004016
b_MtrP       0.090105 -0.053467  0.072534  0.024595  0.061541  0.130502  -0.008695    0.014007    0.091025
b_Acc        1.000000 -0.072553 -0.066092  0.106009  0.064725  0.119578  -0.103905   -0.009624    0.099432
b_Panel     -0.072553  1.000000 -0.024707 -0.066026  0.012218  0.041666   0.046665   -0.010385   -0.100888
b_clima     -0.066092 -0.024707  1.000000  0.031907 -0.051869 -0.046503   0.030077   -0.179517   -0.008683
b_cong       0.106009 -0.066026  0.031907  1.000000 -0.076319 -0.036971   0.045574    0.091341    0.131802
b_Hvalle     0.064725  0.012218 -0.051869 -0.076319  1.000000  0.028153  -0.115448    0.064435    0.058533
b_T_prof     0.119578  0.041666 -0.046503 -0.036971  0.028153  1.000000  -0.078605   -0.090383    0.017717
b_Hor_trab  -0.103905  0.046665  0.030077  0.045574 -0.115448 -0.078605   1.000000   -0.063818    0.119831
b_EduBasica -0.009624 -0.010385 -0.179517  0.091341  0.064435 -0.090383  -0.063818    1.000000    0.072750
b_Info_traf  0.099432 -0.100888 -0.008683  0.131802  0.058533  0.017717   0.119831    0.072750    1.000000
b_Joven30    0.113868 -0.033902 -0.034934  0.094454 -0.084971  0.340658  -0.010986    0.018574   -0.012985
b_Adulto40   0.157906 -0.017772 -0.075048  0.138216  0.029742  0.329351  -0.058650   -0.053729    0.117613
b_Adulto60   0.125088 -0.038736 -0.023906  0.154742  0.010756  0.168809  -0.084220    0.004684    0.127213
            b_Joven30 b_Adulto40 b_Adulto60
asc_ruta2   -0.032493  -0.094884  -0.102022
asc_ruta3   -0.054829  -0.123156  -0.116981
asc_rutaEC  -0.288483  -0.326840  -0.322858
b_time       0.066193   0.085853   0.040863
b_dist       0.026651   0.117722   0.081391
b_semaf     -0.107593  -0.201827  -0.059557
b_CamFD      0.088573   0.165471   0.022749
b_ZER        0.048610  -0.059329   0.051910
b_MtrP      -0.015327   0.116880   0.021439
b_Acc        0.113868   0.157906   0.125088
b_Panel     -0.033902  -0.017772  -0.038736
b_clima     -0.034934  -0.075048  -0.023906
b_cong       0.094454   0.138216   0.154742
b_Hvalle    -0.084971   0.029742   0.010756
b_T_prof     0.340658   0.329351   0.168809
b_Hor_trab  -0.010986  -0.058650  -0.084220
b_EduBasica  0.018574  -0.053729   0.004684
b_Info_traf -0.012985   0.117613   0.127213
b_Joven30    1.000000   0.547564   0.553922
b_Adulto40   0.547564   1.000000   0.754172
b_Adulto60   0.553922   0.754172   1.000000

 20 worst outliers in terms of lowest average per choice prediction:
                                     ID Avg prob per choice
 {0C1D8C2A-12E2-E811-8FB7-74867AD5B714}          0.01236248
 {16644C52-46C0-E811-914C-74867AD5B714}          0.03087742
 {01023F7A-67C3-E811-914C-74867AD5B714}          0.03301487
 {AA6A7427-7FDC-E811-8FB7-74867AD5B714}          0.03559878
 {B780DF7F-0DD7-E811-8FB7-74867AD5B714}          0.03766519
 {A5C8A79C-89C2-E811-914C-74867AD5B714}          0.05305503
 {8048E4FB-D9C8-E811-914C-74867AD5B714}          0.05654062
 {C301E37A-15CC-E811-914C-74867AD5B714}          0.05832966
 {04B1F452-BDC5-E811-914C-74867AD5B714}          0.05991661
 {5EC39CAF-B5CC-E811-914C-74867AD5B714}          0.06200016
 {9CE74908-B4CC-E811-914C-74867AD5B714}          0.06362539
 {D9161238-0FDD-E811-8FB7-74867AD5B714}          0.06395059
 {116C5EFA-C6C5-E811-914C-74867AD5B714}          0.06555586
 {0B4811D4-93C6-E811-914C-74867AD5B714}          0.07033706
 {93122F95-D9DE-E811-8FB7-74867AD5B714}          0.07519460
 {42F5F39B-A9CC-E811-914C-74867AD5B714}          0.07581884
 {18C72602-3CDC-E811-8FB7-74867AD5B714}          0.07817414
 {E0281A50-3DC0-E811-914C-74867AD5B714}          0.07948449
 {348884D4-02E9-E811-8FB7-74867AD5B714}          0.08411428
 {FF2FE1DC-5CD1-E811-8FB7-74867AD5B714}          0.08762383

Changes in parameter estimates from starting values:
              Initial Estimate Difference
asc_ruta1           0   0.0000     0.0000
asc_ruta2           0  -0.9344    -0.9344
asc_ruta3           0  -1.6531    -1.6531
asc_rutaEC          0   0.8161     0.8161
b_time              0   0.0706     0.0706
b_dist              0  -0.4025    -0.4025
b_semaf             0   0.0004     0.0004
b_CamFD             0   0.0033     0.0033
b_ZER               0  -0.0373    -0.0373
b_MtrP              0   0.1487     0.1487
b_Acc               0  -0.4053    -0.4053
b_Panel             0  -0.1660    -0.1660
b_clima             0  -0.1298    -0.1298
b_cong              0   0.0510     0.0510
b_Hpico             0   0.0000     0.0000
b_Hvalle            0   0.1131     0.1131
b_T_prof            0  -0.0103    -0.0103
b_Hor_trab          0  -0.0066    -0.0066
b_EduBasica         0   0.0140     0.0140
b_EduSuperior       0   0.0000     0.0000
b_Info_traf         0   0.2870     0.2870
b_Joven30           0  -1.4159    -1.4159
b_Adulto40          0  -0.4898    -0.4898
b_Adulto60          0  -0.5688    -0.5688
b_AdultoMayor       0   0.0000     0.0000
