"","asc_ruta2","asc_ruta3","asc_rutaEC","b_tt","b_dt","b_CongCD_ruta1","b_CongCD_ruta2","b_CongCD_ruta3","b_CongCD_rutaEC","b_Sem_0_ruta1","b_Sem_0_ruta2","b_Sem_0_ruta3","b_Sem_0_rutaEC","b_Sem_1_ruta1","b_Sem_1_ruta2","b_Sem_1_ruta3","b_Sem_1_rutaEC","b_Sem_2_ruta1","b_Sem_2_ruta2","b_Sem_2_ruta3","b_Sem_2_rutaEC","b_Sem_3_ruta1","b_Sem_3_ruta2","b_Sem_3_ruta3","b_Sem_3_rutaEC","b_SI_CAMFD","b_SI_PANEL","b_SI_ZER","b_Si_MTRP","b_CSECO","b_Hpico","b_Joven30","b_Adulto40","b_Adulto60","b_USODISPMOB","b_EdBasica","b_Htrab_2","b_Htrab_3","b_Htrab_4","b_Exp_2","b_Exp_3","b_Exp_4","b_Exp_5"
"asc_ruta2",NA,NA,NA,NA,NA,NA,NA,NA,NA,NA,NA,NA,NA,NA,NA,NA,NA,NA,NA,NA,NA,NA,NA,NA,NA,NA,NA,NA,NA,NA,NA,NA,NA,NA,NA,NA,NA,NA,NA,NA,NA,NA,NA
"asc_ruta3",NA,1,0.000775261122679897,0.0800460409843183,0.404817759215132,0.0191540967791857,-0.057324214941352,-0.309169180500273,0.0140672253736223,0.461600955824818,NA,-0.651747620672139,0.226156286076814,0.486564992564566,NA,-0.797171223608498,0.234689034805619,0.486718694835251,NA,-0.825246410654371,0.231193524211316,0.440684213675645,NA,-0.80008574738873,0.171730559765642,-0.0631702639343612,-0.0841786742222356,-0.135852561360865,-0.101456685652164,0.0177860218905174,0.0325542495352704,0.0864598364553063,0.0688328123690127,0.0480005673065005,-0.0242865176976738,0.0235247718029599,0.000452134667167022,0.000442412154861529,0.000532155265780213,-0.0642176545112493,-0.00863373780042016,-0.0843831759837034,-0.0453829056889502
"asc_rutaEC",NA,0.000775261122679897,1,-0.000697256698696877,0.000253700138223738,3.86040172369966e-05,-0.000158105083310155,1.27804800106343e-06,-0.000507279872601319,0.00144615836840224,NA,9.62780418450952e-05,-0.000730113197841605,0.00166325487378737,NA,0.000155394274358409,-0.00092678054878656,0.00166731081359785,NA,0.000127493517609039,-0.000963508708374525,0.00144899510027125,NA,0.000139562438454487,-0.000953894298594366,-0.000231933567374251,-2.45294386656326e-06,-0.000188614749230734,-6.18054099662506e-05,-0.00090404994550863,-0.000643148853602158,-0.0010144222283811,-0.00109174460953902,-0.000917529444737274,-0.00046929690322501,-0.000332684729923976,-0.9999795653945,-0.999984336314949,-0.999983747366766,-0.000336923222790226,-0.000685760158764116,-0.00109081250332506,-0.00100882582187092
"b_tt",NA,0.0800460409843183,-0.000697256698696877,1,-0.309354595271479,-0.0804390117657178,-0.0421614444303346,0.0416261985926504,-0.0242271609094738,0.0228326565391972,NA,-0.111110132230302,0.181350788037936,-0.0247598064187955,NA,-0.147149152682863,0.0815101408169614,-0.0125101125288222,NA,-0.162924043992151,0.0705109136722927,0.00682413372461282,NA,-0.181976476315247,0.0368169337323645,-0.0921116719139837,0.018737242898763,-0.0363920122282093,-0.0437262032342232,0.0331130136264308,0.114784762555833,0.0484014731664054,0.101148713134346,0.0321174342144568,0.0465259222207578,-0.00541387079617444,-0.000366967828544069,-0.000482339140724775,-0.000691267504020237,0.0195669985877051,0.03177728333078,0.0631846389937526,-0.000687573415717757
"b_dt",NA,0.404817759215132,0.000253700138223738,-0.309354595271479,1,-0.00360613296683809,-0.061810658460997,-0.017699040340748,-0.0101785742639394,0.0723749149076804,NA,-0.375149238549812,0.0514594880561184,0.120132732907606,NA,-0.421411059204099,0.0870792962403156,0.0969214720871976,NA,-0.405770511801743,0.101036120617815,0.0614793175685597,NA,-0.390207576715067,0.0668522307708488,-0.0942067985198214,-0.0321439108113743,-0.043157319204655,-0.107282368841106,-0.0639253023462615,0.0409109001252997,0.0496340567944753,0.0443539665823152,0.0149262675279991,0.050407279515323,0.0434078752807621,-2.30996185255317e-05,0.00012450169693154,0.000284603359306717,-0.039394544531871,0.0114255924318433,-0.0402999750894374,-0.0182454983908938
"b_CongCD_ruta1",NA,0.0191540967791857,3.86040172369966e-05,-0.0804390117657178,-0.00360613296683809,1,0.146413501995049,0.0742252279674159,0.057044243201011,-0.061120427999849,NA,0.0134013728924262,-0.0240631081014329,-0.0388300519481835,NA,0.0388461227106545,0.0332917067261739,-0.048702183658107,NA,0.0436585709078138,0.0287067177477437,-0.0489064675077517,NA,0.0377737112582497,0.00106362472751346,0.0545652072188152,-0.086613555865341,-0.0373940713996104,0.0634345239130782,0.117005126472875,0.00340606616361025,0.0187047407882084,0.0490047442288156,0.0417615754809242,0.0664079270149368,-0.000697242306264546,-0.000182200889086794,-2.48305430765774e-05,-5.94296870996392e-05,0.0103943303183747,0.0588704536695846,0.0122152181983121,0.0408236677913838
"b_CongCD_ruta2",NA,-0.057324214941352,-0.000158105083310155,-0.0421614444303346,-0.061810658460997,0.146413501995049,1,0.0537743307571131,0.033398987163743,-0.0526759676560461,NA,0.036481908025306,-0.0666971910294623,-0.0234592612130714,NA,0.0681718725007176,-0.0207903714913989,-0.010596152903671,NA,0.0651214389469557,-0.00375972307582489,-0.0058279697735192,NA,0.069743580830569,-0.0169621908830688,0.0187242814360896,-0.0198103339982055,0.035921020657483,0.0573856249051861,0.105824009858985,0.00507147190841361,0.0154588639807704,0.0153157584086941,0.0153909185090114,0.0606128481703603,0.0569928926405177,-8.20000246151859e-05,-0.000103092368281939,-9.4271036692364e-05,-0.00228416571511237,-0.0185259855656867,0.0243473193154913,0.0152909283130875
"b_CongCD_ruta3",NA,-0.309169180500273,1.27804800106343e-06,0.0416261985926504,-0.017699040340748,0.0742252279674159,0.0537743307571131,1,0.00429233878052424,-0.00657118243626414,NA,0.119132559800946,-0.0057160374151283,0.0158318950938797,NA,0.171222515101652,0.0108812209456889,-0.000966866225455077,NA,0.259723031921347,0.00448534163347704,0.00680877277856774,NA,0.201751174868366,-0.00970063240330638,-0.00343094907611475,-0.0223120562847946,0.0021940953350479,-0.00151237503214471,0.0528786197653496,-0.007149351951161,0.00468652992477607,0.00121550903033581,0.00869695524918952,0.0518195849936852,-0.00913705899812916,-0.000165923447724416,-0.000175280046344752,-0.000206982690882526,0.0417429299715556,0.0372049878925458,0.0607624992749621,0.0358769201778687
"b_CongCD_rutaEC",NA,0.0140672253736223,-0.000507279872601319,-0.0242271609094738,-0.0101785742639394,0.057044243201011,0.033398987163743,0.00429233878052424,1,-0.00387228358451549,NA,0.00105979274423335,0.0127946470962352,0.0224239654305205,NA,0.00939382884246098,0.0390238424565255,0.0441327285209985,NA,0.0150258494204757,0.0596700557852581,0.100156427898075,NA,0.0139951139457953,0.108763294851895,0.103516545428861,-0.00986568325723234,0.0782063576380735,-0.0845417899145139,-0.0252665651893907,0.022057911676445,0.0843728500590931,0.0318707026362391,0.0159727970116418,-0.0279207110727094,0.015134244502449,-0.000291080634682867,-4.42111401599303e-05,-7.88634405181613e-05,0.00963675761146098,0.0528473287857682,0.0823348201505938,0.0832582913357561
"b_Sem_0_ruta1",NA,0.461600955824818,0.00144615836840224,0.0228326565391972,0.0723749149076804,-0.061120427999849,-0.0526759676560461,-0.00657118243626414,-0.00387228358451549,1,NA,0.0332910913466711,0.460794512766737,0.84179943014603,NA,-0.0295783754522378,0.406997586073281,0.810258628943079,NA,-0.047739479571873,0.343457453098739,0.724701694198626,NA,-0.0652195985436431,0.219990513158853,0.0795066961853719,0.0136807146043889,-0.0126843750781008,0.0996843566491653,0.067794308660936,-0.0332372983129469,0.0713245762430079,0.0524735782927703,0.0867177127123421,-0.120932265752155,0.0333002916216261,0.000972053244569075,0.000794631052911234,0.000906585109847226,-0.0940928437291864,-0.0530952270524619,-0.142208034120864,-0.0844896563695503
"b_Sem_0_ruta2",NA,NA,NA,NA,NA,NA,NA,NA,NA,NA,NA,NA,NA,NA,NA,NA,NA,NA,NA,NA,NA,NA,NA,NA,NA,NA,NA,NA,NA,NA,NA,NA,NA,NA,NA,NA,NA,NA,NA,NA,NA,NA,NA
"b_Sem_0_ruta3",NA,-0.651747620672139,9.62780418450952e-05,-0.111110132230302,-0.375149238549812,0.0134013728924262,0.036481908025306,0.119132559800946,0.00105979274423335,0.0332910913466711,NA,1,0.01626670655623,-0.00230265587615603,NA,0.726798773900596,-0.0151769757579855,-0.0203128296711178,NA,0.731084461583485,-0.0380594416786986,-0.0245154125209745,NA,0.707957211796475,-0.0461478800988215,0.0810203939215947,0.0734815957964199,0.14271555780859,0.12398764392748,0.0274153138139218,-0.060032256326413,-0.0536940943486458,-0.0602287598577115,-0.00312706291865633,-0.0356344622623512,0.00143052343194625,0.000139798023173849,4.75868683166222e-05,2.86347168929644e-05,0.0118136389274105,-0.0248681571228112,0.00122989113900605,0.000976062211798908
"b_Sem_0_rutaEC",NA,0.226156286076814,-0.000730113197841605,0.181350788037936,0.0514594880561184,-0.0240631081014329,-0.0666971910294623,-0.0057160374151283,0.0127946470962352,0.460794512766737,NA,0.01626670655623,1,0.334317299252906,NA,-0.0645471087861286,0.769087946887868,0.294418708271824,NA,-0.086905805706826,0.72978414473021,0.223732510748298,NA,-0.110491034963298,0.614611116080784,0.0321963461327135,0.0210714488318812,0.0206794448779163,0.0346909878801294,-0.0311885305553115,-0.0127829397071823,0.0145744893433914,0.0304799568114051,-0.00633830950066043,0.00416281098205543,0.0455969102532758,-0.000711766274626574,-0.000601726187261865,-0.000631452628337269,-0.076791236798561,0.00863915630761252,-0.0679661512422972,-0.0978515078310764
"b_Sem_1_ruta1",NA,0.486564992564566,0.00166325487378737,-0.0247598064187955,0.120132732907606,-0.0388300519481835,-0.0234592612130714,0.0158318950938797,0.0224239654305205,0.84179943014603,NA,-0.00230265587615603,0.334317299252906,1,NA,-0.0139211808496257,0.415293428048014,0.894172781709398,NA,-0.0242033792065044,0.368756312595262,0.79874487137387,NA,-0.0418240047780912,0.234432071595049,0.0136576004032511,0.00916814532206323,0.0223054959771875,0.0209744232683592,0.0822334608701464,-0.0262738287474045,0.0763601042380604,-0.00887191425406347,0.0585410022314593,-0.0649181365895407,0.0276948152176635,0.00105314648975106,0.000880560217545779,0.00100250228377031,-0.0852012458894013,-0.0432863745510284,-0.124750713524265,-0.0639038196677849
"b_Sem_1_ruta2",NA,NA,NA,NA,NA,NA,NA,NA,NA,NA,NA,NA,NA,NA,NA,NA,NA,NA,NA,NA,NA,NA,NA,NA,NA,NA,NA,NA,NA,NA,NA,NA,NA,NA,NA,NA,NA,NA,NA,NA,NA,NA,NA
"b_Sem_1_ruta3",NA,-0.797171223608498,0.000155394274358409,-0.147149152682863,-0.421411059204099,0.0388461227106545,0.0681718725007176,0.171222515101652,0.00939382884246098,-0.0295783754522378,NA,0.726798773900596,-0.0645471087861286,-0.0139211808496257,NA,1,-0.0232273195122894,-0.0284980378741425,NA,0.888607319633429,-0.0412226148740804,-0.0343571867992929,NA,0.861656924068448,-0.0541884048061709,0.125508868930288,0.103191606779334,0.162891522279097,0.111351495210778,0.0357961532080535,-0.0597168563383869,-0.0668249811155501,-0.0817532837097601,-0.0193242245561538,-0.0234888058797249,-0.00018295913607335,5.95768311390955e-05,7.45654417977272e-06,-2.8793539347351e-05,0.024916123157953,-0.0261908753586909,0.0140038637357007,0.00844532139721561
"b_Sem_1_rutaEC",NA,0.234689034805619,-0.00092678054878656,0.0815101408169614,0.0870792962403156,0.0332917067261739,-0.0207903714913989,0.0108812209456889,0.0390238424565255,0.406997586073281,NA,-0.0151769757579855,0.769087946887868,0.415293428048014,NA,-0.0232273195122894,1,0.373729919245386,NA,-0.041564529665547,0.878139269880656,0.285405965349463,NA,-0.0672984610261055,0.733744239522442,0.0849043422094521,0.0205582569591023,0.0199978711749085,0.0211338246000329,0.0331060958828141,-0.0349882412043998,0.0699336891711676,0.0146744458676453,0.0164855657481707,-0.0143949128818081,0.0680433784982254,-0.000681481290726072,-0.000732646967245225,-0.00061432143787345,-0.108454545413056,-0.0299502494570496,-0.0417924464141334,-0.104807014310328
"b_Sem_2_ruta1",NA,0.486718694835251,0.00166731081359785,-0.0125101125288222,0.0969214720871976,-0.048702183658107,-0.010596152903671,-0.000966866225455077,0.0441327285209985,0.810258628943079,NA,-0.0203128296711178,0.294418708271824,0.894172781709398,NA,-0.0284980378741425,0.373729919245386,1,NA,-0.0169062692531993,0.396118590668024,0.819130196171736,NA,-0.0312450289180554,0.268860842199746,0.0259811729905206,-0.0328194470883594,0.0203765446494387,-0.0138307311402939,0.0716339803620763,-0.0186624287507199,0.0769872488821602,-0.0144868054613627,0.0404096133100436,-0.0593021405048412,0.00842400857740484,0.00101666633268659,0.000932000231738376,0.00105688443158667,-0.0901398228841261,-0.052432240062448,-0.138767388169285,-0.0684360654607618
"b_Sem_2_ruta2",NA,NA,NA,NA,NA,NA,NA,NA,NA,NA,NA,NA,NA,NA,NA,NA,NA,NA,NA,NA,NA,NA,NA,NA,NA,NA,NA,NA,NA,NA,NA,NA,NA,NA,NA,NA,NA,NA,NA,NA,NA,NA,NA
"b_Sem_2_ruta3",NA,-0.825246410654371,0.000127493517609039,-0.162924043992151,-0.405770511801743,0.0436585709078138,0.0651214389469557,0.259723031921347,0.0150258494204757,-0.047739479571873,NA,0.731084461583485,-0.086905805706826,-0.0242033792065044,NA,0.888607319633429,-0.041564529665547,-0.0169062692531993,NA,1,-0.0341454718802811,-0.0207522001567146,NA,0.883357691102366,-0.0398141591284643,0.0993745068902515,0.0687838612868245,0.170470158995971,0.103084495686946,0.0256251139672507,-0.0542313017865267,-0.0490461487105172,-0.0801212187977469,-0.0158212901610614,-0.0131978543359762,-0.0246024161884369,0.000111000399911789,7.49414717368731e-05,4.1540895930646e-05,0.012832028124341,-0.00925023383109465,0.0093201559035839,0.0102349420071717
"b_Sem_2_rutaEC",NA,0.231193524211316,-0.000963508708374525,0.0705109136722927,0.101036120617815,0.0287067177477437,-0.00375972307582489,0.00448534163347704,0.0596700557852581,0.343457453098739,NA,-0.0380594416786986,0.72978414473021,0.368756312595262,NA,-0.0412226148740804,0.878139269880656,0.396118590668024,NA,-0.0341454718802811,1,0.316181393646626,NA,-0.0563644161240829,0.771651087980159,0.061027777459082,-0.00809530932523308,0.0400892200939234,-0.00938536626495061,0.0445072151883445,-0.0122802967063921,0.0745263765886932,0.0118376440837907,7.15345394518997e-05,0.0334062796782391,0.0471619684422968,-0.000983175503553904,-0.000772903030215805,-0.000681833980378502,-0.134734807633772,-0.010921598734984,-0.0457333552050492,-0.0871070147745306
"b_Sem_3_ruta1",NA,0.440684213675645,0.00144899510027125,0.00682413372461282,0.0614793175685597,-0.0489064675077517,-0.0058279697735192,0.00680877277856774,0.100156427898075,0.724701694198626,NA,-0.0245154125209745,0.223732510748298,0.79874487137387,NA,-0.0343571867992929,0.285405965349463,0.819130196171736,NA,-0.0207522001567146,0.316181393646626,1,NA,-0.029565092201135,0.273228936339213,0.0694779612547057,-0.0366816501832241,0.00562279755422255,-0.0138632119526878,0.0983382368960115,-0.0306415071299463,0.0999839360008776,0.00932207600267698,0.0739656056008814,-0.0623001464844553,0.0199029737795095,0.00094934763126653,0.000830705321457196,0.000908353532633135,-0.0897483298356345,-0.0060948292396737,-0.0989057396438526,-0.0204040431696609
"b_Sem_3_ruta2",NA,NA,NA,NA,NA,NA,NA,NA,NA,NA,NA,NA,NA,NA,NA,NA,NA,NA,NA,NA,NA,NA,NA,NA,NA,NA,NA,NA,NA,NA,NA,NA,NA,NA,NA,NA,NA,NA,NA,NA,NA,NA,NA
"b_Sem_3_ruta3",NA,-0.80008574738873,0.000139562438454487,-0.181976476315247,-0.390207576715067,0.0377737112582497,0.069743580830569,0.201751174868366,0.0139951139457953,-0.0652195985436431,NA,0.707957211796475,-0.110491034963298,-0.0418240047780912,NA,0.861656924068448,-0.0672984610261055,-0.0312450289180554,NA,0.883357691102366,-0.0563644161240829,-0.029565092201135,NA,1,-0.0462641735761513,0.103436819094493,0.0793686638677963,0.138185356761926,0.108052541917641,0.0354616984993776,-0.056737362753923,-0.0602936344390573,-0.0885590007539706,-0.0287817597084002,-0.0114736096674073,-0.0153504741072804,0.000122260981754304,9.9122177313612e-05,7.30763469786742e-05,0.012090898627011,-0.0246091961517285,0.00179657489038467,0.00880065088231989
"b_Sem_3_rutaEC",NA,0.171730559765642,-0.000953894298594366,0.0368169337323645,0.0668522307708488,0.00106362472751346,-0.0169621908830688,-0.00970063240330638,0.108763294851895,0.219990513158853,NA,-0.0461478800988215,0.614611116080784,0.234432071595049,NA,-0.0541884048061709,0.733744239522442,0.268860842199746,NA,-0.0398141591284643,0.771651087980159,0.273228936339213,NA,-0.0462641735761513,1,0.056005735327211,-0.0369852542434929,-0.00663066879609162,-0.0232255008773463,0.0204935357539727,-0.0400213324916861,0.0475238130433498,-0.0387807407372873,-0.0319358000675493,0.0347170338961947,0.014690433278306,-0.000969973841049022,-0.000648501334836579,-0.000701421313079932,-0.0999312129168349,0.0256157602326684,-0.0559510715651042,-0.0785033703830224
"b_SI_CAMFD",NA,-0.0631702639343612,-0.000231933567374251,-0.0921116719139837,-0.0942067985198214,0.0545652072188152,0.0187242814360896,-0.00343094907611475,0.103516545428861,0.0795066961853719,NA,0.0810203939215947,0.0321963461327135,0.0136576004032511,NA,0.125508868930288,0.0849043422094521,0.0259811729905206,NA,0.0993745068902515,0.061027777459082,0.0694779612547057,NA,0.103436819094493,0.056005735327211,1,-0.0594424170245194,0.0802018265035189,0.12564713913307,-0.000997952569039886,-0.0268222967001657,0.0885490997977159,-0.00787302896415645,0.0284879110238158,-0.0042982311973973,0.00612070926329095,0.000283312753687673,0.000148231741485721,0.000125250269660527,-0.0603840190113987,0.0441798502088612,0.071006927712797,0.0636324778771774
"b_SI_PANEL",NA,-0.0841786742222356,-2.45294386656326e-06,0.018737242898763,-0.0321439108113743,-0.086613555865341,-0.0198103339982055,-0.0223120562847946,-0.00986568325723234,0.0136807146043889,NA,0.0734815957964199,0.0210714488318812,0.00916814532206323,NA,0.103191606779334,0.0205582569591023,-0.0328194470883594,NA,0.0687838612868245,-0.00809530932523308,-0.0366816501832241,NA,0.0793686638677963,-0.0369852542434929,-0.0594424170245194,1,0.0547350342376462,-0.0488037040160354,-0.023871196878721,0.0329229448630897,0.0289961970885493,-0.0225779026235097,-0.0360121060447867,-0.068192242231851,-0.00182505984029044,-8.30438892090582e-05,4.11119063771778e-05,8.04661819109362e-05,-0.00946602700323674,-0.0333870973686744,0.0389559563293145,0.0261219561372346
"b_SI_ZER",NA,-0.135852561360865,-0.000188614749230734,-0.0363920122282093,-0.043157319204655,-0.0373940713996104,0.035921020657483,0.0021940953350479,0.0782063576380735,-0.0126843750781008,NA,0.14271555780859,0.0206794448779163,0.0223054959771875,NA,0.162891522279097,0.0199978711749085,0.0203765446494387,NA,0.170470158995971,0.0400892200939234,0.00562279755422255,NA,0.138185356761926,-0.00663066879609162,0.0802018265035189,0.0547350342376462,1,-0.0697436768477077,0.0338058734716934,0.0748300559204288,0.0204407217825775,-0.0608803022997144,-0.0158381124843034,0.0703245404914475,0.0428539196027564,-8.85315934553922e-05,-0.000100876623924536,-7.22155460057655e-05,0.0200041352561916,-0.00126991232768006,0.0526858602501322,0.0509742595958427
"b_Si_MTRP",NA,-0.101456685652164,-6.18054099662506e-05,-0.0437262032342232,-0.107282368841106,0.0634345239130782,0.0573856249051861,-0.00151237503214471,-0.0845417899145139,0.0996843566491653,NA,0.12398764392748,0.0346909878801294,0.0209744232683592,NA,0.111351495210778,0.0211338246000329,-0.0138307311402939,NA,0.103084495686946,-0.00938536626495061,-0.0138632119526878,NA,0.108052541917641,-0.0232255008773463,0.12564713913307,-0.0488037040160354,-0.0697436768477077,1,-0.00108084200949541,-0.0508521228013744,-0.0296525564103955,-0.025673838786963,-0.00990172822177311,0.0097215377350961,0.0139808525749781,0.000181050027624334,0.000141545102525471,0.000170549037726907,-0.00568527943046809,0.00357670556924117,0.0014850045272758,0.0472703658817603
"b_CSECO",NA,0.0177860218905174,-0.00090404994550863,0.0331130136264308,-0.0639253023462615,0.117005126472875,0.105824009858985,0.0528786197653496,-0.0252665651893907,0.067794308660936,NA,0.0274153138139218,-0.0311885305553115,0.0822334608701464,NA,0.0357961532080535,0.0331060958828141,0.0716339803620763,NA,0.0256251139672507,0.0445072151883445,0.0983382368960115,NA,0.0354616984993776,0.0204935357539727,-0.000997952569039886,-0.023871196878721,0.0338058734716934,-0.00108084200949541,1,-0.0205628593522481,-0.00268691756238997,0.0749308076106748,0.00194829777072791,0.0494128447838458,0.14108691376312,-0.000890770121489806,-0.000715828810739572,-0.000667015902822154,0.00754927265379778,-0.0348699322842204,0.0390138293433957,0.0341285881601088
"b_Hpico",NA,0.0325542495352704,-0.000643148853602158,0.114784762555833,0.0409109001252997,0.00340606616361025,0.00507147190841361,-0.007149351951161,0.022057911676445,-0.0332372983129469,NA,-0.060032256326413,-0.0127829397071823,-0.0262738287474045,NA,-0.0597168563383869,-0.0349882412043998,-0.0186624287507199,NA,-0.0542313017865267,-0.0122802967063921,-0.0306415071299463,NA,-0.056737362753923,-0.0400213324916861,-0.0268222967001657,0.0329229448630897,0.0748300559204288,-0.0508521228013744,-0.0205628593522481,1,0.0318106681290352,-0.0307942942100224,-0.0418567047234149,-0.00904702356890024,-0.079051333009495,-0.000379504629592227,-0.000354519517767341,-0.000250804133939467,0.00220572550252795,0.101084813079743,0.0334059103396136,0.0188496412432125
"b_Joven30",NA,0.0864598364553063,-0.0010144222283811,0.0484014731664054,0.0496340567944753,0.0187047407882084,0.0154588639807704,0.00468652992477607,0.0843728500590931,0.0713245762430079,NA,-0.0536940943486458,0.0145744893433914,0.0763601042380604,NA,-0.0668249811155501,0.0699336891711676,0.0769872488821602,NA,-0.0490461487105172,0.0745263765886932,0.0999839360008776,NA,-0.0602936344390573,0.0475238130433498,0.0885490997977159,0.0289961970885493,0.0204407217825775,-0.0296525564103955,-0.00268691756238997,0.0318106681290352,1,0.492246451346943,0.454938933232529,-0.140715235388635,-0.032102029861949,-0.000154180344085721,-0.000176680913235547,-9.27124887019645e-05,-0.314465388419246,0.0747415061419492,0.101335152678644,0.180782763698734
"b_Adulto40",NA,0.0688328123690127,-0.00109174460953902,0.101148713134346,0.0443539665823152,0.0490047442288156,0.0153157584086941,0.00121550903033581,0.0318707026362391,0.0524735782927703,NA,-0.0602287598577115,0.0304799568114051,-0.00887191425406347,NA,-0.0817532837097601,0.0146744458676453,-0.0144868054613627,NA,-0.0801212187977469,0.0118376440837907,0.00932207600267698,NA,-0.0885590007539706,-0.0387807407372873,-0.00787302896415645,-0.0225779026235097,-0.0608803022997144,-0.025673838786963,0.0749308076106748,-0.0307942942100224,0.492246451346943,1,0.718317542024549,-0.242974779973208,-0.0216810117512063,-0.000842534134118513,-0.000853594307826117,-0.000875970493464671,-0.0272546614461196,0.0419132869766641,0.0612915783571224,0.185492143723386
"b_Adulto60",NA,0.0480005673065005,-0.000917529444737274,0.0321174342144568,0.0149262675279991,0.0417615754809242,0.0153909185090114,0.00869695524918952,0.0159727970116418,0.0867177127123421,NA,-0.00312706291865633,-0.00633830950066043,0.0585410022314593,NA,-0.0193242245561538,0.0164855657481707,0.0404096133100436,NA,-0.0158212901610614,7.15345394518997e-05,0.0739656056008814,NA,-0.0287817597084002,-0.0319358000675493,0.0284879110238158,-0.0360121060447867,-0.0158381124843034,-0.00990172822177311,0.00194829777072791,-0.0418567047234149,0.454938933232529,0.718317542024549,1,-0.100417861566982,0.0104505894792519,-0.00070355519843608,-0.000773336738352974,-0.000870256001783661,0.0645784904750109,0.0182534345474613,0.0629660409767135,0.131110591032692
"b_USODISPMOB",NA,-0.0242865176976738,-0.00046929690322501,0.0465259222207578,0.050407279515323,0.0664079270149368,0.0606128481703603,0.0518195849936852,-0.0279207110727094,-0.120932265752155,NA,-0.0356344622623512,0.00416281098205543,-0.0649181365895407,NA,-0.0234888058797249,-0.0143949128818081,-0.0593021405048412,NA,-0.0131978543359762,0.0334062796782391,-0.0623001464844553,NA,-0.0114736096674073,0.0347170338961947,-0.0042982311973973,-0.068192242231851,0.0703245404914475,0.0097215377350961,0.0494128447838458,-0.00904702356890024,-0.140715235388635,-0.242974779973208,-0.100417861566982,1,-0.0494598557813488,-0.000471710750462953,-0.000140712544146892,-0.000159473859215178,8.90273546386426e-05,-0.0210530665481821,0.0681709483372506,0.0231482412260165
"b_EdBasica",NA,0.0235247718029599,-0.000332684729923976,-0.00541387079617444,0.0434078752807621,-0.000697242306264546,0.0569928926405177,-0.00913705899812916,0.015134244502449,0.0333002916216261,NA,0.00143052343194625,0.0455969102532758,0.0276948152176635,NA,-0.00018295913607335,0.0680433784982254,0.00842400857740484,NA,-0.0246024161884369,0.0471619684422968,0.0199029737795095,NA,-0.0153504741072804,0.014690433278306,0.00612070926329095,-0.00182505984029044,0.0428539196027564,0.0139808525749781,0.14108691376312,-0.079051333009495,-0.032102029861949,-0.0216810117512063,0.0104505894792519,-0.0494598557813488,1,-0.000182986284307136,-0.000430898788380763,-0.000459612227705945,-0.0844212308276763,-0.17494163598378,-0.179946362295436,-0.178322477953369
"b_Htrab_2",NA,0.000452134667167022,-0.9999795653945,-0.000366967828544069,-2.30996185255317e-05,-0.000182200889086794,-8.20000246151859e-05,-0.000165923447724416,-0.000291080634682867,0.000972053244569075,NA,0.000139798023173849,-0.000711766274626574,0.00105314648975106,NA,5.95768311390955e-05,-0.000681481290726072,0.00101666633268659,NA,0.000111000399911789,-0.000983175503553904,0.00094934763126653,NA,0.000122260981754304,-0.000969973841049022,0.000283312753687673,-8.30438892090582e-05,-8.85315934553922e-05,0.000181050027624334,-0.000890770121489806,-0.000379504629592227,-0.000154180344085721,-0.000842534134118513,-0.00070355519843608,-0.000471710750462953,-0.000182986284307136,1,0.999995059720308,0.999994809201886,-0.0006737526345936,-0.000688902170420172,-0.000847976702122182,-0.000860339574478615
"b_Htrab_3",NA,0.000442412154861529,-0.999984336314949,-0.000482339140724775,0.00012450169693154,-2.48305430765774e-05,-0.000103092368281939,-0.000175280046344752,-4.42111401599303e-05,0.000794631052911234,NA,4.75868683166222e-05,-0.000601726187261865,0.000880560217545779,NA,7.45654417977272e-06,-0.000732646967245225,0.000932000231738376,NA,7.49414717368731e-05,-0.000772903030215805,0.000830705321457196,NA,9.9122177313612e-05,-0.000648501334836579,0.000148231741485721,4.11119063771778e-05,-0.000100876623924536,0.000141545102525471,-0.000715828810739572,-0.000354519517767341,-0.000176680913235547,-0.000853594307826117,-0.000773336738352974,-0.000140712544146892,-0.000430898788380763,0.999995059720308,1,0.999998711720541,-0.000787724545224148,-0.000678082101270331,-0.00093506541268518,-0.000973876447225513
"b_Htrab_4",NA,0.000532155265780213,-0.999983747366766,-0.000691267504020237,0.000284603359306717,-5.94296870996392e-05,-9.4271036692364e-05,-0.000206982690882526,-7.88634405181613e-05,0.000906585109847226,NA,2.86347168929644e-05,-0.000631452628337269,0.00100250228377031,NA,-2.8793539347351e-05,-0.00061432143787345,0.00105688443158667,NA,4.1540895930646e-05,-0.000681833980378502,0.000908353532633135,NA,7.30763469786742e-05,-0.000701421313079932,0.000125250269660527,8.04661819109362e-05,-7.22155460057655e-05,0.000170549037726907,-0.000667015902822154,-0.000250804133939467,-9.27124887019645e-05,-0.000875970493464671,-0.000870256001783661,-0.000159473859215178,-0.000459612227705945,0.999994809201886,0.999998711720541,1,-0.00083140446531176,-0.00067414354758432,-0.00104211226005473,-0.000973784614954553
"b_Exp_2",NA,-0.0642176545112493,-0.000336923222790226,0.0195669985877051,-0.039394544531871,0.0103943303183747,-0.00228416571511237,0.0417429299715556,0.00963675761146098,-0.0940928437291864,NA,0.0118136389274105,-0.076791236798561,-0.0852012458894013,NA,0.024916123157953,-0.108454545413056,-0.0901398228841261,NA,0.012832028124341,-0.134734807633772,-0.0897483298356345,NA,0.012090898627011,-0.0999312129168349,-0.0603840190113987,-0.00946602700323674,0.0200041352561916,-0.00568527943046809,0.00754927265379778,0.00220572550252795,-0.314465388419246,-0.0272546614461196,0.0645784904750109,8.90273546386426e-05,-0.0844212308276763,-0.0006737526345936,-0.000787724545224148,-0.00083140446531176,1,0.367822978831183,0.42825200918689,0.487980719324442
"b_Exp_3",NA,-0.00863373780042016,-0.000685760158764116,0.03177728333078,0.0114255924318433,0.0588704536695846,-0.0185259855656867,0.0372049878925458,0.0528473287857682,-0.0530952270524619,NA,-0.0248681571228112,0.00863915630761252,-0.0432863745510284,NA,-0.0261908753586909,-0.0299502494570496,-0.052432240062448,NA,-0.00925023383109465,-0.010921598734984,-0.0060948292396737,NA,-0.0246091961517285,0.0256157602326684,0.0441798502088612,-0.0333870973686744,-0.00126991232768006,0.00357670556924117,-0.0348699322842204,0.101084813079743,0.0747415061419492,0.0419132869766641,0.0182534345474613,-0.0210530665481821,-0.17494163598378,-0.000688902170420172,-0.000678082101270331,-0.00067414354758432,0.367822978831183,1,0.469360562874816,0.559196819529471
"b_Exp_4",NA,-0.0843831759837034,-0.00109081250332506,0.0631846389937526,-0.0402999750894374,0.0122152181983121,0.0243473193154913,0.0607624992749621,0.0823348201505938,-0.142208034120864,NA,0.00122989113900605,-0.0679661512422972,-0.124750713524265,NA,0.0140038637357007,-0.0417924464141334,-0.138767388169285,NA,0.0093201559035839,-0.0457333552050492,-0.0989057396438526,NA,0.00179657489038467,-0.0559510715651042,0.071006927712797,0.0389559563293145,0.0526858602501322,0.0014850045272758,0.0390138293433957,0.0334059103396136,0.101335152678644,0.0612915783571224,0.0629660409767135,0.0681709483372506,-0.179946362295436,-0.000847976702122182,-0.00093506541268518,-0.00104211226005473,0.42825200918689,0.469360562874816,1,0.657702682887714
"b_Exp_5",NA,-0.0453829056889502,-0.00100882582187092,-0.000687573415717757,-0.0182454983908938,0.0408236677913838,0.0152909283130875,0.0358769201778687,0.0832582913357561,-0.0844896563695503,NA,0.000976062211798908,-0.0978515078310764,-0.0639038196677849,NA,0.00844532139721561,-0.104807014310328,-0.0684360654607618,NA,0.0102349420071717,-0.0871070147745306,-0.0204040431696609,NA,0.00880065088231989,-0.0785033703830224,0.0636324778771774,0.0261219561372346,0.0509742595958427,0.0472703658817603,0.0341285881601088,0.0188496412432125,0.180782763698734,0.185492143723386,0.131110591032692,0.0231482412260165,-0.178322477953369,-0.000860339574478615,-0.000973876447225513,-0.000973784614954553,0.487980719324442,0.559196819529471,0.657702682887714,1
