Model run using Apollo for R, version 0.1.0 
www.ApolloChoiceModelling.com

Model name                       : Prospective Simple 3Rutas
Model description                : Modelos Prospectivo en Eleccion de Ruta
Model run at                     : 2021-02-26 22:23:24
Estimation method                : bfgs
Model diagnosis                  : successful convergence 
Number of individuals            : 226
Number of observations           : 226

Number of cores used             :  1 
Model without mixing

LL(start)                        : -244.4702
LL(0)                            : -248.2864
LL(final)                        : -207.019
Rho-square (0)                   :  0.1662 
Adj.Rho-square (0)               :  0.1098 
AIC                              :  442.04 
BIC                              :  489.93 
Estimated parameters             :  14
Time taken (hh:mm:ss)            :  00:00:17.29 
Iterations                       :  22 
Min abs eigenvalue of hessian    :  0.648572 

Estimates:
           Estimate Std.err. t.ratio(0) p-val(0) Rob.std.err. Rob.t.ratio(0) Rob.p-val(0)
asc_ruta1    1.2130   0.2227       5.45    0.000       0.2390           5.07        0.000
asc_ruta2    0.0000       NA         NA       NA           NA             NA           NA
asc_ruta4    0.4125   0.5733       0.72    0.472       0.5754           0.72        0.473
b_gain      -1.7795   0.8283      -2.15    0.032       0.8940          -1.99        0.047
b_loss      -0.2938   0.1614      -1.82    0.069       0.1598          -1.84        0.066
b_dt         0.1135   0.2630       0.43    0.666       0.2553           0.44        0.657
b_Sem        0.3805   0.1980       1.92    0.055       0.1676           2.27        0.023
b_ACC_0      0.0000       NA         NA       NA           NA             NA           NA
b_ACC_1     -0.5431   0.3616      -1.50    0.133       0.3428          -1.58        0.113
b_ACC_2     -2.1794   1.2407      -1.76    0.079       0.8127          -2.68        0.007
b_NO_CAMFD   0.0000       NA         NA       NA           NA             NA           NA
b_SI_CAMFD  -0.4643   0.3438      -1.35    0.177       0.3593          -1.29        0.196
b_NO_PANEL   0.0000       NA         NA       NA           NA             NA           NA
b_SI_PANEL  -0.4964   0.2513      -1.98    0.048       0.2226          -2.23        0.026
b_NO_ZER     0.0000       NA         NA       NA           NA             NA           NA
b_SI_ZER     0.0850   0.2896       0.29    0.769       0.2662           0.32        0.749
b_No_MTRP    0.0000       NA         NA       NA           NA             NA           NA
b_Si_MTRP    0.3446   0.3819       0.90    0.367       0.4011           0.86        0.390
b_No_Info   -0.3605   0.3605      -1.00    0.317       0.3761          -0.96        0.338
b_Si_Info    0.0000       NA         NA       NA           NA             NA           NA
b_UsoCel_P   0.0000       NA         NA       NA           NA             NA           NA
b_UsoCel_F   0.0955   0.3823       0.25    0.803       0.3716           0.26        0.797

Overview of choices for model component "MNL"
                                  ruta1  ruta2 rutaEC
Times available                  226.00 226.00 226.00
Times chosen                      92.00  36.00  98.00
Percentage chosen overall         40.71  15.93  43.36
Percentage chosen when available  40.71  15.93  43.36


Classical covariance matrix:
            asc_ruta1  asc_ruta4     b_gain     b_loss       b_dt      b_Sem    b_ACC_1    b_ACC_2
asc_ruta1      0.0496     0.0267    -0.0331    -0.0044     0.0147     0.0040    -0.0040    -0.0033
asc_ruta4      0.0267     0.3287    -0.0249     0.0078     0.0112    -0.0021     0.0116    -0.0135
b_gain        -0.0331    -0.0249     0.6861    -0.0708    -0.0205     0.0286    -0.0004    -0.0096
b_loss        -0.0044     0.0078    -0.0708     0.0261     0.0031    -0.0008    -0.0013     0.0030
b_dt           0.0147     0.0112    -0.0205     0.0031     0.0692     0.0132    -0.0083     0.0000
b_Sem          0.0040    -0.0021     0.0286    -0.0008     0.0132     0.0392    -0.0053     0.0130
b_ACC_1       -0.0040     0.0116    -0.0004    -0.0013    -0.0083    -0.0053     0.1307     0.0442
b_ACC_2       -0.0033    -0.0135    -0.0096     0.0030     0.0000     0.0130     0.0442     1.5393
b_SI_CAMFD    -0.0038     0.1045     0.0001    -0.0013    -0.0094    -0.0024     0.0104    -0.0097
b_SI_PANEL    -0.0006    -0.0040    -0.0157     0.0013     0.0035    -0.0007    -0.0035     0.0217
b_SI_ZER      -0.0029    -0.0099    -0.0041     0.0028    -0.0084    -0.0019    -0.0029     0.0136
b_Si_MTRP     -0.0077    -0.0180     0.0238    -0.0036    -0.0149    -0.0076     0.0092    -0.0147
b_No_Info     -0.0010    -0.1127     0.0117     0.0012    -0.0023    -0.0010    -0.0079     0.0055
b_UsoCel_F     0.0017    -0.1291     0.0066    -0.0020     0.0042    -0.0008    -0.0011     0.0078
           b_SI_CAMFD b_SI_PANEL   b_SI_ZER  b_Si_MTRP  b_No_Info b_UsoCel_F
asc_ruta1     -0.0038    -0.0006    -0.0029    -0.0077    -0.0010     0.0017
asc_ruta4      0.1045    -0.0040    -0.0099    -0.0180    -0.1127    -0.1291
b_gain         0.0001    -0.0157    -0.0041     0.0238     0.0117     0.0066
b_loss        -0.0013     0.0013     0.0028    -0.0036     0.0012    -0.0020
b_dt          -0.0094     0.0035    -0.0084    -0.0149    -0.0023     0.0042
b_Sem         -0.0024    -0.0007    -0.0019    -0.0076    -0.0010    -0.0008
b_ACC_1        0.0104    -0.0035    -0.0029     0.0092    -0.0079    -0.0011
b_ACC_2       -0.0097     0.0217     0.0136    -0.0147     0.0055     0.0078
b_SI_CAMFD     0.1182    -0.0047    -0.0037    -0.0054    -0.0070    -0.0057
b_SI_PANEL    -0.0047     0.0631     0.0010    -0.0052     0.0080     0.0023
b_SI_ZER      -0.0037     0.0010     0.0839    -0.0034    -0.0003     0.0087
b_Si_MTRP     -0.0054    -0.0052    -0.0034     0.1458    -0.0003    -0.0019
b_No_Info     -0.0070     0.0080    -0.0003    -0.0003     0.1299     0.0077
b_UsoCel_F    -0.0057     0.0023     0.0087    -0.0019     0.0077     0.1461

Robust covariance matrix:
            asc_ruta1  asc_ruta4     b_gain     b_loss       b_dt      b_Sem    b_ACC_1    b_ACC_2
asc_ruta1      0.0571     0.0247    -0.0641    -0.0030     0.0231     0.0031    -0.0142     0.0107
asc_ruta4      0.0247     0.3310     0.0318     0.0107     0.0289    -0.0040    -0.0010    -0.0367
b_gain        -0.0641     0.0318     0.7992    -0.0723    -0.0287     0.0232     0.0084     0.0013
b_loss        -0.0030     0.0107    -0.0723     0.0255     0.0030     0.0011    -0.0008    -0.0065
b_dt           0.0231     0.0289    -0.0287     0.0030     0.0652     0.0090    -0.0158     0.0162
b_Sem          0.0031    -0.0040     0.0232     0.0011     0.0090     0.0281    -0.0058     0.0018
b_ACC_1       -0.0142    -0.0010     0.0084    -0.0008    -0.0158    -0.0058     0.1175     0.0100
b_ACC_2        0.0107    -0.0367     0.0013    -0.0065     0.0162     0.0018     0.0100     0.6605
b_SI_CAMFD    -0.0106     0.1057     0.0522     0.0001    -0.0062     0.0007     0.0010    -0.0314
b_SI_PANEL     0.0034     0.0102     0.0083    -0.0019     0.0066     0.0007    -0.0027     0.0081
b_SI_ZER       0.0037    -0.0163    -0.0440     0.0055    -0.0041     0.0014    -0.0139     0.0225
b_Si_MTRP     -0.0183    -0.0466     0.0224    -0.0052    -0.0307    -0.0012     0.0256    -0.0193
b_No_Info     -0.0042    -0.1259     0.0127    -0.0083    -0.0107    -0.0001    -0.0143     0.0145
b_UsoCel_F     0.0077    -0.0909     0.0064     0.0030     0.0080     0.0058    -0.0043     0.0271
           b_SI_CAMFD b_SI_PANEL   b_SI_ZER  b_Si_MTRP  b_No_Info b_UsoCel_F
asc_ruta1     -0.0106     0.0034     0.0037    -0.0183    -0.0042     0.0077
asc_ruta4      0.1057     0.0102    -0.0163    -0.0466    -0.1259    -0.0909
b_gain         0.0522     0.0083    -0.0440     0.0224     0.0127     0.0064
b_loss         0.0001    -0.0019     0.0055    -0.0052    -0.0083     0.0030
b_dt          -0.0062     0.0066    -0.0041    -0.0307    -0.0107     0.0080
b_Sem          0.0007     0.0007     0.0014    -0.0012    -0.0001     0.0058
b_ACC_1        0.0010    -0.0027    -0.0139     0.0256    -0.0143    -0.0043
b_ACC_2       -0.0314     0.0081     0.0225    -0.0193     0.0145     0.0271
b_SI_CAMFD     0.1291     0.0042    -0.0094    -0.0126    -0.0044     0.0116
b_SI_PANEL     0.0042     0.0495    -0.0085    -0.0049     0.0046     0.0024
b_SI_ZER      -0.0094    -0.0085     0.0709    -0.0029    -0.0005     0.0155
b_Si_MTRP     -0.0126    -0.0049    -0.0029     0.1609     0.0025    -0.0001
b_No_Info     -0.0044     0.0046    -0.0005     0.0025     0.1415    -0.0024
b_UsoCel_F     0.0116     0.0024     0.0155    -0.0001    -0.0024     0.1381

Classical correlation matrix:
            asc_ruta1  asc_ruta4     b_gain     b_loss       b_dt      b_Sem    b_ACC_1    b_ACC_2
asc_ruta1      1.0000     0.2090    -0.1794    -0.1228     0.2517     0.0903    -0.0493    -0.0120
asc_ruta4      0.2090     1.0000    -0.0525     0.0838     0.0743    -0.0182     0.0561    -0.0190
b_gain        -0.1794    -0.0525     1.0000    -0.5298    -0.0941     0.1745    -0.0012    -0.0094
b_loss        -0.1228     0.0838    -0.5298     1.0000     0.0724    -0.0256    -0.0217     0.0149
b_dt           0.2517     0.0743    -0.0941     0.0724     1.0000     0.2541    -0.0875     0.0001
b_Sem          0.0903    -0.0182     0.1745    -0.0256     0.2541     1.0000    -0.0733     0.0527
b_ACC_1       -0.0493     0.0561    -0.0012    -0.0217    -0.0875    -0.0733     1.0000     0.0986
b_ACC_2       -0.0120    -0.0190    -0.0094     0.0149     0.0001     0.0527     0.0986     1.0000
b_SI_CAMFD    -0.0496     0.5302     0.0005    -0.0231    -0.1045    -0.0352     0.0836    -0.0227
b_SI_PANEL    -0.0112    -0.0280    -0.0752     0.0317     0.0528    -0.0146    -0.0383     0.0697
b_SI_ZER      -0.0454    -0.0597    -0.0172     0.0604    -0.1103    -0.0332    -0.0276     0.0378
b_Si_MTRP     -0.0907    -0.0824     0.0752    -0.0585    -0.1483    -0.1002     0.0667    -0.0311
b_No_Info     -0.0122    -0.5454     0.0393     0.0214    -0.0241    -0.0136    -0.0608     0.0123
b_UsoCel_F     0.0197    -0.5891     0.0208    -0.0319     0.0413    -0.0111    -0.0077     0.0164
           b_SI_CAMFD b_SI_PANEL   b_SI_ZER  b_Si_MTRP  b_No_Info b_UsoCel_F
asc_ruta1     -0.0496    -0.0112    -0.0454    -0.0907    -0.0122     0.0197
asc_ruta4      0.5302    -0.0280    -0.0597    -0.0824    -0.5454    -0.5891
b_gain         0.0005    -0.0752    -0.0172     0.0752     0.0393     0.0208
b_loss        -0.0231     0.0317     0.0604    -0.0585     0.0214    -0.0319
b_dt          -0.1045     0.0528    -0.1103    -0.1483    -0.0241     0.0413
b_Sem         -0.0352    -0.0146    -0.0332    -0.1002    -0.0136    -0.0111
b_ACC_1        0.0836    -0.0383    -0.0276     0.0667    -0.0608    -0.0077
b_ACC_2       -0.0227     0.0697     0.0378    -0.0311     0.0123     0.0164
b_SI_CAMFD     1.0000    -0.0545    -0.0371    -0.0410    -0.0561    -0.0437
b_SI_PANEL    -0.0545     1.0000     0.0139    -0.0542     0.0887     0.0238
b_SI_ZER      -0.0371     0.0139     1.0000    -0.0310    -0.0026     0.0790
b_Si_MTRP     -0.0410    -0.0542    -0.0310     1.0000    -0.0020    -0.0132
b_No_Info     -0.0561     0.0887    -0.0026    -0.0020     1.0000     0.0560
b_UsoCel_F    -0.0437     0.0238     0.0790    -0.0132     0.0560     1.0000

Robust correlation matrix:
            asc_ruta1  asc_ruta4     b_gain     b_loss       b_dt      b_Sem    b_ACC_1    b_ACC_2
asc_ruta1      1.0000     0.1795    -0.3002    -0.0793     0.3781     0.0782    -0.1737     0.0550
asc_ruta4      0.1795     1.0000     0.0618     0.1164     0.1967    -0.0417    -0.0049    -0.0785
b_gain        -0.3002     0.0618     1.0000    -0.5061    -0.1257     0.1550     0.0276     0.0018
b_loss        -0.0793     0.1164    -0.5061     1.0000     0.0739     0.0414    -0.0147    -0.0498
b_dt           0.3781     0.1967    -0.1257     0.0739     1.0000     0.2112    -0.1806     0.0781
b_Sem          0.0782    -0.0417     0.1550     0.0414     0.2112     1.0000    -0.1017     0.0130
b_ACC_1       -0.1737    -0.0049     0.0276    -0.0147    -0.1806    -0.1017     1.0000     0.0360
b_ACC_2        0.0550    -0.0785     0.0018    -0.0498     0.0781     0.0130     0.0360     1.0000
b_SI_CAMFD    -0.1230     0.5113     0.1624     0.0023    -0.0675     0.0109     0.0080    -0.1074
b_SI_PANEL     0.0631     0.0793     0.0417    -0.0546     0.1155     0.0197    -0.0358     0.0446
b_SI_ZER       0.0581    -0.1063    -0.1847     0.1293    -0.0597     0.0313    -0.1518     0.1042
b_Si_MTRP     -0.1904    -0.2018     0.0624    -0.0804    -0.3001    -0.0176     0.1865    -0.0591
b_No_Info     -0.0465    -0.5818     0.0378    -0.1375    -0.1113    -0.0010    -0.1112     0.0474
b_UsoCel_F     0.0869    -0.4252     0.0192     0.0500     0.0840     0.0937    -0.0340     0.0898
           b_SI_CAMFD b_SI_PANEL   b_SI_ZER  b_Si_MTRP  b_No_Info b_UsoCel_F
asc_ruta1     -0.1230     0.0631     0.0581    -0.1904    -0.0465     0.0869
asc_ruta4      0.5113     0.0793    -0.1063    -0.2018    -0.5818    -0.4252
b_gain         0.1624     0.0417    -0.1847     0.0624     0.0378     0.0192
b_loss         0.0023    -0.0546     0.1293    -0.0804    -0.1375     0.0500
b_dt          -0.0675     0.1155    -0.0597    -0.3001    -0.1113     0.0840
b_Sem          0.0109     0.0197     0.0313    -0.0176    -0.0010     0.0937
b_ACC_1        0.0080    -0.0358    -0.1518     0.1865    -0.1112    -0.0340
b_ACC_2       -0.1074     0.0446     0.1042    -0.0591     0.0474     0.0898
b_SI_CAMFD     1.0000     0.0526    -0.0984    -0.0875    -0.0326     0.0865
b_SI_PANEL     0.0526     1.0000    -0.1428    -0.0547     0.0550     0.0292
b_SI_ZER      -0.0984    -0.1428     1.0000    -0.0273    -0.0046     0.1564
b_Si_MTRP     -0.0875    -0.0547    -0.0273     1.0000     0.0166    -0.0009
b_No_Info     -0.0326     0.0550    -0.0046     0.0166     1.0000    -0.0169
b_UsoCel_F     0.0865     0.0292     0.1564    -0.0009    -0.0169     1.0000

 20 worst outliers in terms of lowest average per choice prediction:
 row Avg prob per choice
 127          0.05855662
 149          0.06603887
 167          0.07770803
  28          0.09418708
  84          0.09503067
 210          0.10993200
 175          0.11298794
  14          0.11988247
 204          0.12130745
  11          0.12592825
  47          0.12662672
   6          0.12933862
 105          0.13206400
  73          0.13239635
  33          0.14418102
  57          0.14610900
  53          0.14939881
 134          0.15021832
  41          0.15524211
  49          0.16495099

Changes in parameter estimates from starting values:
           Initial Estimate Difference
asc_ruta1        0   1.2130     1.2130
asc_ruta2        0   0.0000     0.0000
asc_ruta4        0   0.4125     0.4125
b_gain           0  -1.7795    -1.7795
b_loss           0  -0.2938    -0.2938
b_dt             0   0.1135     0.1135
b_Sem            0   0.3805     0.3805
b_ACC_0          0   0.0000     0.0000
b_ACC_1         -1  -0.5431     0.4569
b_ACC_2          0  -2.1794    -2.1794
b_NO_CAMFD       0   0.0000     0.0000
b_SI_CAMFD       0  -0.4643    -0.4643
b_NO_PANEL       0   0.0000     0.0000
b_SI_PANEL      -1  -0.4964     0.5036
b_NO_ZER         0   0.0000     0.0000
b_SI_ZER         0   0.0850     0.0850
b_No_MTRP        0   0.0000     0.0000
b_Si_MTRP        0   0.3446     0.3446
b_No_Info        0  -0.3605    -0.3605
b_Si_Info        0   0.0000     0.0000
b_UsoCel_P       0   0.0000     0.0000
b_UsoCel_F       0   0.0955     0.0955
