
ANALISIS FACTORIAL CONJUNTO

CORRELACIÓN

              CinSeg        FRbr    UsoDirec     EnfCond      AFrSem       CulFr     OmLmVel      IgPare
CinSeg    1.00000000 -0.13575172  0.27663052 -0.03692823 -0.12094755 -0.10495113 -0.15562703 -0.17842165
FRbr     -0.13575172  1.00000000 -0.04851238  0.61126673  0.78965641  0.43836296  0.46988389  0.61442872
UsoDirec  0.27663052 -0.04851238  1.00000000  0.10083797 -0.01650544  0.06377636 -0.01772914  0.04211875
EnfCond  -0.03692823  0.61126673  0.10083797  1.00000000  0.68259936  0.41875521  0.53644953  0.66338547
AFrSem   -0.12094755  0.78965641 -0.01650544  0.68259936  1.00000000  0.43014858  0.54335427  0.68259059
CulFr    -0.10495113  0.43836296  0.06377636  0.41875521  0.43014858  1.00000000  0.30439819  0.37374686
OmLmVel  -0.15562703  0.46988389 -0.01772914  0.53644953  0.54335427  0.30439819  1.00000000  0.65888779
IgPare   -0.17842165  0.61442872  0.04211875  0.66338547  0.68259059  0.37374686  0.65888779  1.00000000
UsoCel   -0.07803814  0.36843067  0.06399732  0.38254614  0.34006974  0.21833117  0.34714509  0.39089364
ComVrb    0.02124130 -0.20836271 -0.10143529 -0.22520188 -0.25972931 -0.38629908 -0.18462818 -0.19446190
Ans      -0.06006298  0.29835568 -0.14468062  0.26630766  0.37347436 -0.02780815  0.27762667  0.28568466
ComAfec  -0.14305192  0.31187050 -0.17400967  0.29918042  0.33506734  0.17312600  0.35078757  0.28716078
PrPer    -0.20170076  0.21600405 -0.14289701  0.20038553  0.30410606  0.18154969  0.25973720  0.24866795
AmbTr    -0.23519068  0.13826600 -0.20716905  0.16556243  0.19363327  0.06775489  0.23228614  0.15949259
StrC     -0.15421653  0.39712395 -0.32154889  0.28900841  0.36863387  0.12093039  0.20829520  0.24584014
ConCl    -0.08814117  0.32336403 -0.20951266  0.28005397  0.33373385  0.18413486  0.31624414  0.33341998
              UsoCel      ComVrb         Ans    ComAfec       PrPer       AmbTr        StrC       ConCl
CinSeg   -0.07803814  0.02124130 -0.06006298 -0.1430519 -0.20170076 -0.23519068 -0.15421653 -0.08814117
FRbr      0.36843067 -0.20836271  0.29835568  0.3118705  0.21600405  0.13826600  0.39712395  0.32336403
UsoDirec  0.06399732 -0.10143529 -0.14468062 -0.1740097 -0.14289701 -0.20716905 -0.32154889 -0.20951266
EnfCond   0.38254614 -0.22520188  0.26630766  0.2991804  0.20038553  0.16556243  0.28900841  0.28005397
AFrSem    0.34006974 -0.25972931  0.37347436  0.3350673  0.30410606  0.19363327  0.36863387  0.33373385
CulFr     0.21833117 -0.38629908 -0.02780815  0.1731260  0.18154969  0.06775489  0.12093039  0.18413486
OmLmVel   0.34714509 -0.18462818  0.27762667  0.3507876  0.25973720  0.23228614  0.20829520  0.31624414
IgPare    0.39089364 -0.19446190  0.28568466  0.2871608  0.24866795  0.15949259  0.24584014  0.33341998
UsoCel    1.00000000 -0.07202664  0.10209673  0.1685396  0.05420795  0.02679845  0.08394443  0.29216919
ComVrb   -0.07202664  1.00000000 -0.19741495 -0.4347538 -0.18366002 -0.08344682 -0.12128224 -0.21499338
Ans       0.10209673 -0.19741495  1.00000000  0.5731985  0.26298874  0.18434049  0.50459647  0.41803095
ComAfec   0.16853959 -0.43475379  0.57319850  1.0000000  0.38472252  0.30394476  0.38897050  0.56062727
PrPer     0.05420795 -0.18366002  0.26298874  0.3847225  1.00000000  0.70979812  0.23311515  0.42675134
AmbTr     0.02679845 -0.08344682  0.18434049  0.3039448  0.70979812  1.00000000  0.23018226  0.36482991
StrC      0.08394443 -0.12128224  0.50459647  0.3889705  0.23311515  0.23018226  1.00000000  0.33780168
ConCl     0.29216919 -0.21499338  0.41803095  0.5606273  0.42675134  0.36482991  0.33780168  1.00000000

# Determinante de la Matriz de correlaciones
det(Rcor)
[1] 0.0009166734


#Test de esfericidad de Bartlett
print(cortest.bartlett(Rcor, n=nrow(DBConjunta)))

$chisq
[1] 2384.047

$p.value
[1] 0

$df
[1] 120

INDICE KMO
El índice KMO compara la magnitud de los coeficientes de correlación observados con la
# magnitud de los coeficientes de correlación parcial. Este estadístico varía entre 0 y 1, y se pueden
# calificar de la siguiente forma:
#  0,90 > KMO Muy bueno
#  0,90 > KMO > 0,80 Bueno
#  0,80 > KMO > 0,70 Aceptable
#  0,70 > KMO > 0,60 Mediocre o regular
#  0,60 > KMO > 0,50 Malo
#  0,50 > KMO Inaceptable o muy malo

Kaiser-Meyer-Olkin factor adequacy
Call: KMO(r = Rcor)
Overall MSA =  0.83
MSA for each item = 
  CinSeg     FRbr UsoDirec  EnfCond   AFrSem    CulFr  OmLmVel   IgPare   UsoCel   ComVrb      Ans 
    0.70     0.87     0.64     0.90     0.86     0.82     0.90     0.88     0.88     0.73     0.79 
 ComAfec    PrPer    AmbTr     StrC    ConCl 
    0.81     0.74     0.69     0.84     0.87 


ANALISIS DE COMPONENTES PRINCIPALES

Importance of components:
                          Comp.1    Comp.2     Comp.3     Comp.4     Comp.5     Comp.6     Comp.7
Standard deviation     2.3159816 1.4561329 1.13184657 1.11972125 1.01046334 0.93778744 0.86865990
Proportion of Variance 0.3352357 0.1325202 0.08006729 0.07836098 0.06381476 0.05496533 0.04716063
Cumulative Proportion  0.3352357 0.4677559 0.54782315 0.62618413 0.68999889 0.74496422 0.79212485
                           Comp.8    Comp.9    Comp.10    Comp.11    Comp.12   Comp.13    Comp.14
Standard deviation     0.78067391 0.6930131 0.67626511 0.61886336 0.60690986 0.5791732 0.52570513
Proportion of Variance 0.03809073 0.0300167 0.02858341 0.02393699 0.02302122 0.0209651 0.01727287
Cumulative Proportion  0.83021559 0.8602323 0.88881569 0.91275269 0.93577391 0.9567390 0.97401188
                          Comp.15    Comp.16
Standard deviation     0.48806837 0.42142523
Proportion of Variance 0.01488817 0.01109995
Cumulative Proportion  0.98890005 1.00000000


ANALISIS FACTORIAL - 5 FACTORES

Call:
factanal(x = DBConjunta, factors = 5, rotation = "varimax", na.rm = TRUE)

Uniquenesses:
  CinSeg     FRbr UsoDirec  EnfCond   AFrSem    CulFr  OmLmVel   IgPare   UsoCel   ComVrb      Ans 
   0.914    0.226    0.792    0.386    0.192    0.529    0.416    0.243    0.770    0.479    0.412 
 ComAfec    PrPer    AmbTr     StrC    ConCl 
   0.249    0.323    0.222    0.536    0.556 

Loadings:
         Factor1 Factor2 Factor3 Factor4 Factor5
CinSeg                                          
FRbr      0.682                           0.467 
UsoDirec                                        
EnfCond   0.736                                 
AFrSem    0.746                           0.378 
CulFr     0.404                   0.474         
OmLmVel   0.700                                 
IgPare    0.849                                 
UsoCel    0.471                                 
ComVrb                           -0.697         
Ans               0.725                         
ComAfec           0.659           0.450         
PrPer                     0.774                 
AmbTr                     0.870                 
StrC              0.586                         
ConCl             0.463                         

               Factor1 Factor2 Factor3 Factor4 Factor5
SS loadings      3.399   1.894   1.766   1.122   0.575
Proportion Var   0.212   0.118   0.110   0.070   0.036
Cumulative Var   0.212   0.331   0.441   0.511   0.547

Test of the hypothesis that 5 factors are sufficient.
The chi square statistic is 143.53 on 50 degrees of freedom.
The p-value is 5.67e-11 


ANALISIS FACTORIAL - 4 FACTORES

Call:
factanal(x = DBConjunta, factors = 4, rotation = "varimax", na.rm = TRUE)

Uniquenesses:
  CinSeg     FRbr UsoDirec  EnfCond   AFrSem    CulFr  OmLmVel   IgPare   UsoCel   ComVrb      Ans 
   0.911    0.281    0.745    0.377    0.199    0.692    0.535    0.354    0.784    0.710    0.491 
 ComAfec    PrPer    AmbTr     StrC    ConCl 
   0.140    0.348    0.194    0.477    0.568 

Loadings:
         Factor1 Factor2 Factor3 Factor4
CinSeg                                  
FRbr      0.785                   0.309 
UsoDirec                         -0.449 
EnfCond   0.765                         
AFrSem    0.839                         
CulFr     0.522                         
OmLmVel   0.611                         
IgPare    0.778                         
UsoCel    0.447                         
ComVrb                   -0.481         
Ans                       0.412   0.545 
ComAfec                   0.819   0.345 
PrPer             0.755                 
AmbTr             0.883                 
StrC                              0.663 
ConCl             0.323   0.434         

               Factor1 Factor2 Factor3 Factor4
SS loadings      3.631   1.703   1.471   1.390
Proportion Var   0.227   0.106   0.092   0.087
Cumulative Var   0.227   0.333   0.425   0.512

Test of the hypothesis that 4 factors are sufficient.
The chi square statistic is 237.66 on 62 degrees of freedom.
The p-value is 2.2e-22 
