Model run using Apollo for R, version 0.1.0 
www.ApolloChoiceModelling.com

Model name                       : Prospective Simple 3Rutas
Model description                : Modelos Prospectivo en Eleccion de Ruta
Model run at                     : 2021-02-26 22:32:43
Estimation method                : bfgs
Model diagnosis                  : successful convergence 
Number of individuals            : 226
Number of observations           : 226

Number of cores used             :  1 
Model without mixing

LL(start)                        : -244.4702
LL(0)                            : -248.2864
LL(final)                        : -209.1037
Rho-square (0)                   :  0.1578 
Adj.Rho-square (0)               :  0.1014 
AIC                              :  446.21 
BIC                              :  494.09 
Estimated parameters             :  14
Time taken (hh:mm:ss)            :  00:00:16.27 
Iterations                       :  20 
Min abs eigenvalue of hessian    :  0.636336 

Estimates:
           Estimate Std.err. t.ratio(0) p-val(0) Rob.std.err. Rob.t.ratio(0) Rob.p-val(0)
asc_ruta1    1.1255   0.2180       5.16    0.000       0.2315           4.86        0.000
asc_ruta2    0.0000       NA         NA       NA           NA             NA           NA
asc_ruta4    0.3119   0.5717       0.55    0.585       0.5710           0.55        0.585
b_gain      -1.3492   0.7192      -1.88    0.061       0.7507          -1.80        0.072
b_loss      -0.3530   0.1264      -2.79    0.005       0.1236          -2.86        0.004
b_dt         0.1171   0.2633       0.44    0.657       0.2577           0.45        0.650
b_Sem        0.3950   0.2010       1.97    0.049       0.1735           2.28        0.023
b_ACC_0      0.0000       NA         NA       NA           NA             NA           NA
b_ACC_1     -0.5921   0.3591      -1.65    0.099       0.3416          -1.73        0.083
b_ACC_2     -2.2472   1.2526      -1.79    0.073       0.7895          -2.85        0.004
b_NO_CAMFD   0.0000       NA         NA       NA           NA             NA           NA
b_SI_CAMFD  -0.4655   0.3401      -1.37    0.171       0.3479          -1.34        0.181
b_NO_PANEL   0.0000       NA         NA       NA           NA             NA           NA
b_SI_PANEL  -0.5095   0.2501      -2.04    0.042       0.2222          -2.29        0.022
b_NO_ZER     0.0000       NA         NA       NA           NA             NA           NA
b_SI_ZER     0.0800   0.2882       0.28    0.781       0.2662           0.30        0.764
b_No_MTRP    0.0000       NA         NA       NA           NA             NA           NA
b_Si_MTRP    0.3256   0.3838       0.85    0.396       0.4048           0.80        0.421
b_No_Info   -0.3391   0.3596      -0.94    0.346       0.3761          -0.90        0.367
b_Si_Info    0.0000       NA         NA       NA           NA             NA           NA
b_UsoCel_P   0.0000       NA         NA       NA           NA             NA           NA
b_UsoCel_F   0.1891   0.3797       0.50    0.618       0.3577           0.53        0.597

Overview of choices for model component "MNL"
                                  ruta1  ruta2 rutaEC
Times available                  226.00 226.00 226.00
Times chosen                      92.00  36.00  98.00
Percentage chosen overall         40.71  15.93  43.36
Percentage chosen when available  40.71  15.93  43.36


Classical covariance matrix:
            asc_ruta1  asc_ruta4     b_gain     b_loss       b_dt      b_Sem    b_ACC_1    b_ACC_2
asc_ruta1      0.0475     0.0252    -0.0191    -0.0053     0.0150     0.0044    -0.0046    -0.0031
asc_ruta4      0.0252     0.3268    -0.0036     0.0075     0.0128    -0.0009     0.0119    -0.0123
b_gain        -0.0191    -0.0036     0.5173    -0.0138    -0.0145     0.0336     0.0065     0.0188
b_loss        -0.0053     0.0075    -0.0138     0.0160     0.0005     0.0004    -0.0009     0.0005
b_dt           0.0150     0.0128    -0.0145     0.0005     0.0693     0.0136    -0.0083     0.0002
b_Sem          0.0044    -0.0009     0.0336     0.0004     0.0136     0.0404    -0.0050     0.0146
b_ACC_1       -0.0046     0.0119     0.0065    -0.0009    -0.0083    -0.0050     0.1289     0.0443
b_ACC_2       -0.0031    -0.0123     0.0188     0.0005     0.0002     0.0146     0.0443     1.5689
b_SI_CAMFD    -0.0041     0.1014    -0.0029    -0.0006    -0.0088    -0.0025     0.0105    -0.0091
b_SI_PANEL    -0.0006    -0.0045    -0.0110    -0.0005     0.0033    -0.0008    -0.0034     0.0212
b_SI_ZER      -0.0032    -0.0098    -0.0003     0.0022    -0.0091    -0.0023    -0.0038     0.0108
b_Si_MTRP     -0.0087    -0.0180     0.0255    -0.0010    -0.0164    -0.0074     0.0086    -0.0135
b_No_Info     -0.0001    -0.1127     0.0078     0.0014    -0.0025    -0.0009    -0.0085     0.0050
b_UsoCel_F     0.0028    -0.1288    -0.0047    -0.0038     0.0032    -0.0021    -0.0005     0.0071
           b_SI_CAMFD b_SI_PANEL   b_SI_ZER  b_Si_MTRP  b_No_Info b_UsoCel_F
asc_ruta1     -0.0041    -0.0006    -0.0032    -0.0087    -0.0001     0.0028
asc_ruta4      0.1014    -0.0045    -0.0098    -0.0180    -0.1127    -0.1288
b_gain        -0.0029    -0.0110    -0.0003     0.0255     0.0078    -0.0047
b_loss        -0.0006    -0.0005     0.0022    -0.0010     0.0014    -0.0038
b_dt          -0.0088     0.0033    -0.0091    -0.0164    -0.0025     0.0032
b_Sem         -0.0025    -0.0008    -0.0023    -0.0074    -0.0009    -0.0021
b_ACC_1        0.0105    -0.0034    -0.0038     0.0086    -0.0085    -0.0005
b_ACC_2       -0.0091     0.0212     0.0108    -0.0135     0.0050     0.0071
b_SI_CAMFD     0.1157    -0.0050    -0.0032    -0.0058    -0.0063    -0.0053
b_SI_PANEL    -0.0050     0.0625     0.0008    -0.0046     0.0074     0.0024
b_SI_ZER      -0.0032     0.0008     0.0830    -0.0029    -0.0001     0.0081
b_Si_MTRP     -0.0058    -0.0046    -0.0029     0.1473     0.0000    -0.0025
b_No_Info     -0.0063     0.0074    -0.0001     0.0000     0.1293     0.0082
b_UsoCel_F    -0.0053     0.0024     0.0081    -0.0025     0.0082     0.1441

Robust covariance matrix:
            asc_ruta1  asc_ruta4     b_gain     b_loss       b_dt      b_Sem    b_ACC_1    b_ACC_2
asc_ruta1      0.0536     0.0257    -0.0351    -0.0054     0.0237     0.0030    -0.0132     0.0094
asc_ruta4      0.0257     0.3261     0.0395     0.0113     0.0328    -0.0052     0.0005    -0.0331
b_gain        -0.0351     0.0395     0.5636    -0.0067    -0.0154     0.0343     0.0055     0.0213
b_loss        -0.0054     0.0113    -0.0067     0.0153    -0.0009     0.0021    -0.0010    -0.0070
b_dt           0.0237     0.0328    -0.0154    -0.0009     0.0664     0.0090    -0.0157     0.0157
b_Sem          0.0030    -0.0052     0.0343     0.0021     0.0090     0.0301    -0.0060     0.0037
b_ACC_1       -0.0132     0.0005     0.0055    -0.0010    -0.0157    -0.0060     0.1167     0.0123
b_ACC_2        0.0094    -0.0331     0.0213    -0.0070     0.0157     0.0037     0.0123     0.6232
b_SI_CAMFD    -0.0105     0.1014     0.0430     0.0042    -0.0045    -0.0008     0.0022    -0.0277
b_SI_PANEL     0.0035     0.0100     0.0148    -0.0027     0.0071     0.0016    -0.0010     0.0109
b_SI_ZER       0.0025    -0.0149    -0.0285     0.0028    -0.0052     0.0010    -0.0160     0.0187
b_Si_MTRP     -0.0199    -0.0491     0.0281    -0.0023    -0.0320     0.0001     0.0237    -0.0184
b_No_Info     -0.0041    -0.1280     0.0124    -0.0051    -0.0106     0.0020    -0.0174     0.0138
b_UsoCel_F     0.0078    -0.0872     0.0041     0.0013     0.0062     0.0040    -0.0012     0.0273
           b_SI_CAMFD b_SI_PANEL   b_SI_ZER  b_Si_MTRP  b_No_Info b_UsoCel_F
asc_ruta1     -0.0105     0.0035     0.0025    -0.0199    -0.0041     0.0078
asc_ruta4      0.1014     0.0100    -0.0149    -0.0491    -0.1280    -0.0872
b_gain         0.0430     0.0148    -0.0285     0.0281     0.0124     0.0041
b_loss         0.0042    -0.0027     0.0028    -0.0023    -0.0051     0.0013
b_dt          -0.0045     0.0071    -0.0052    -0.0320    -0.0106     0.0062
b_Sem         -0.0008     0.0016     0.0010     0.0001     0.0020     0.0040
b_ACC_1        0.0022    -0.0010    -0.0160     0.0237    -0.0174    -0.0012
b_ACC_2       -0.0277     0.0109     0.0187    -0.0184     0.0138     0.0273
b_SI_CAMFD     0.1210     0.0026    -0.0068    -0.0150    -0.0054     0.0092
b_SI_PANEL     0.0026     0.0494    -0.0080    -0.0027     0.0033     0.0013
b_SI_ZER      -0.0068    -0.0080     0.0709    -0.0053     0.0011     0.0151
b_Si_MTRP     -0.0150    -0.0027    -0.0053     0.1639     0.0026     0.0002
b_No_Info     -0.0054     0.0033     0.0011     0.0026     0.1414    -0.0002
b_UsoCel_F     0.0092     0.0013     0.0151     0.0002    -0.0002     0.1279

Classical correlation matrix:
            asc_ruta1  asc_ruta4     b_gain     b_loss       b_dt      b_Sem    b_ACC_1    b_ACC_2
asc_ruta1      1.0000     0.2024    -0.1215    -0.1928     0.2607     0.1009    -0.0584    -0.0115
asc_ruta4      0.2024     1.0000    -0.0088     0.1042     0.0849    -0.0079     0.0579    -0.0172
b_gain        -0.1215    -0.0088     1.0000    -0.1514    -0.0764     0.2324     0.0250     0.0209
b_loss        -0.1928     0.1042    -0.1514     1.0000     0.0162     0.0139    -0.0193     0.0031
b_dt           0.2607     0.0849    -0.0764     0.0162     1.0000     0.2571    -0.0882     0.0005
b_Sem          0.1009    -0.0079     0.2324     0.0139     0.2571     1.0000    -0.0699     0.0581
b_ACC_1       -0.0584     0.0579     0.0250    -0.0193    -0.0882    -0.0699     1.0000     0.0984
b_ACC_2       -0.0115    -0.0172     0.0209     0.0031     0.0005     0.0581     0.0984     1.0000
b_SI_CAMFD    -0.0556     0.5215    -0.0120    -0.0151    -0.0981    -0.0367     0.0863    -0.0214
b_SI_PANEL    -0.0107    -0.0318    -0.0611    -0.0159     0.0508    -0.0158    -0.0381     0.0677
b_SI_ZER      -0.0513    -0.0594    -0.0016     0.0614    -0.1198    -0.0390    -0.0367     0.0300
b_Si_MTRP     -0.1043    -0.0823     0.0923    -0.0203    -0.1624    -0.0962     0.0627    -0.0281
b_No_Info     -0.0012    -0.5483     0.0303     0.0310    -0.0261    -0.0124    -0.0659     0.0110
b_UsoCel_F     0.0336    -0.5932    -0.0172    -0.0802     0.0319    -0.0279    -0.0040     0.0150
           b_SI_CAMFD b_SI_PANEL   b_SI_ZER  b_Si_MTRP  b_No_Info b_UsoCel_F
asc_ruta1     -0.0556    -0.0107    -0.0513    -0.1043    -0.0012     0.0336
asc_ruta4      0.5215    -0.0318    -0.0594    -0.0823    -0.5483    -0.5932
b_gain        -0.0120    -0.0611    -0.0016     0.0923     0.0303    -0.0172
b_loss        -0.0151    -0.0159     0.0614    -0.0203     0.0310    -0.0802
b_dt          -0.0981     0.0508    -0.1198    -0.1624    -0.0261     0.0319
b_Sem         -0.0367    -0.0158    -0.0390    -0.0962    -0.0124    -0.0279
b_ACC_1        0.0863    -0.0381    -0.0367     0.0627    -0.0659    -0.0040
b_ACC_2       -0.0214     0.0677     0.0300    -0.0281     0.0110     0.0150
b_SI_CAMFD     1.0000    -0.0591    -0.0329    -0.0443    -0.0517    -0.0412
b_SI_PANEL    -0.0591     1.0000     0.0111    -0.0481     0.0828     0.0254
b_SI_ZER      -0.0329     0.0111     1.0000    -0.0259    -0.0013     0.0742
b_Si_MTRP     -0.0443    -0.0481    -0.0259     1.0000    -0.0002    -0.0173
b_No_Info     -0.0517     0.0828    -0.0013    -0.0002     1.0000     0.0603
b_UsoCel_F    -0.0412     0.0254     0.0742    -0.0173     0.0603     1.0000

Robust correlation matrix:
            asc_ruta1  asc_ruta4     b_gain     b_loss       b_dt      b_Sem    b_ACC_1    b_ACC_2
asc_ruta1      1.0000     0.1943    -0.2019    -0.1890     0.3967     0.0748    -0.1674     0.0512
asc_ruta4      0.1943     1.0000     0.0921     0.1603     0.2229    -0.0529     0.0025    -0.0734
b_gain        -0.2019     0.0921     1.0000    -0.0720    -0.0798     0.2634     0.0213     0.0360
b_loss        -0.1890     0.1603    -0.0720     1.0000    -0.0285     0.0974    -0.0229    -0.0715
b_dt           0.3967     0.2229    -0.0798    -0.0285     1.0000     0.2009    -0.1788     0.0773
b_Sem          0.0748    -0.0529     0.2634     0.0974     0.2009     1.0000    -0.1013     0.0269
b_ACC_1       -0.1674     0.0025     0.0213    -0.0229    -0.1788    -0.1013     1.0000     0.0456
b_ACC_2        0.0512    -0.0734     0.0360    -0.0715     0.0773     0.0269     0.0456     1.0000
b_SI_CAMFD    -0.1307     0.5105     0.1648     0.0974    -0.0499    -0.0140     0.0184    -0.1008
b_SI_PANEL     0.0675     0.0791     0.0889    -0.0988     0.1232     0.0423    -0.0137     0.0620
b_SI_ZER       0.0413    -0.0982    -0.1427     0.0854    -0.0760     0.0208    -0.1754     0.0891
b_Si_MTRP     -0.2127    -0.2126     0.0924    -0.0463    -0.3065     0.0007     0.1715    -0.0577
b_No_Info     -0.0467    -0.5959     0.0437    -0.1095    -0.1090     0.0300    -0.1357     0.0465
b_UsoCel_F     0.0941    -0.4271     0.0154     0.0297     0.0669     0.0651    -0.0097     0.0968
           b_SI_CAMFD b_SI_PANEL   b_SI_ZER  b_Si_MTRP  b_No_Info b_UsoCel_F
asc_ruta1     -0.1307     0.0675     0.0413    -0.2127    -0.0467     0.0941
asc_ruta4      0.5105     0.0791    -0.0982    -0.2126    -0.5959    -0.4271
b_gain         0.1648     0.0889    -0.1427     0.0924     0.0437     0.0154
b_loss         0.0974    -0.0988     0.0854    -0.0463    -0.1095     0.0297
b_dt          -0.0499     0.1232    -0.0760    -0.3065    -0.1090     0.0669
b_Sem         -0.0140     0.0423     0.0208     0.0007     0.0300     0.0651
b_ACC_1        0.0184    -0.0137    -0.1754     0.1715    -0.1357    -0.0097
b_ACC_2       -0.1008     0.0620     0.0891    -0.0577     0.0465     0.0968
b_SI_CAMFD     1.0000     0.0333    -0.0733    -0.1063    -0.0416     0.0736
b_SI_PANEL     0.0333     1.0000    -0.1345    -0.0302     0.0397     0.0161
b_SI_ZER      -0.0733    -0.1345     1.0000    -0.0489     0.0113     0.1589
b_Si_MTRP     -0.1063    -0.0302    -0.0489     1.0000     0.0172     0.0016
b_No_Info     -0.0416     0.0397     0.0113     0.0172     1.0000    -0.0015
b_UsoCel_F     0.0736     0.0161     0.1589     0.0016    -0.0015     1.0000

 20 worst outliers in terms of lowest average per choice prediction:
 row Avg prob per choice
 127          0.05861524
 149          0.07649712
 167          0.08049670
  28          0.10979335
  73          0.12047346
   6          0.12406046
 175          0.12505918
 210          0.12822687
  84          0.13332441
 134          0.13420374
  38          0.13609902
  14          0.14534151
 117          0.15024290
  11          0.15517202
  49          0.15679445
  41          0.15890075
  33          0.16034673
 141          0.16673568
 204          0.17352706
  53          0.17535728

Changes in parameter estimates from starting values:
           Initial Estimate Difference
asc_ruta1        0   1.1255     1.1255
asc_ruta2        0   0.0000     0.0000
asc_ruta4        0   0.3119     0.3119
b_gain           0  -1.3492    -1.3492
b_loss           0  -0.3530    -0.3530
b_dt             0   0.1171     0.1171
b_Sem            0   0.3950     0.3950
b_ACC_0          0   0.0000     0.0000
b_ACC_1         -1  -0.5921     0.4079
b_ACC_2          0  -2.2472    -2.2472
b_NO_CAMFD       0   0.0000     0.0000
b_SI_CAMFD       0  -0.4655    -0.4655
b_NO_PANEL       0   0.0000     0.0000
b_SI_PANEL      -1  -0.5095     0.4905
b_NO_ZER         0   0.0000     0.0000
b_SI_ZER         0   0.0800     0.0800
b_No_MTRP        0   0.0000     0.0000
b_Si_MTRP        0   0.3256     0.3256
b_No_Info        0  -0.3391    -0.3391
b_Si_Info        0   0.0000     0.0000
b_UsoCel_P       0   0.0000     0.0000
b_UsoCel_F       0   0.1891     0.1891
