"","asc_Op1","asc_Op3","b_tt","b_dt","b_CongAB","b_CongCD","b_Sem_1","b_Sem_2","b_ACC_0","b_ACC_1","b_SI_CAMFD","b_SI_PANEL","b_SI_ZER","b_SI_MTRP","lambda1","lambda2","lambda3","gamma_USOCINTURON","gamma_USODISPMOB","gamma_EXP_4","gamma_HPICO","gamma_LV1","gamma_EDUBASICA","gamma_ADULTO40","gamma_LV2","zeta_FRbr","zeta_EnfCond","zeta_AFrSem","zeta_CulFr","zeta_OmLmVel","zeta_IgPare","zeta_UsoCel","zeta_PasoPeaton","zeta_UsoDirec","zeta_UsoPito","tau_FRbr_1","tau_FRbr_2","tau_FRbr_3","tau_FRbr_4","tau_EnfCond_1","tau_EnfCond_2","tau_EnfCond_3","tau_EnfCond_4","tau_AFrSem_1","tau_AFrSem_2","tau_AFrSem_3","tau_AFrSem_4","tau_CulFr_1","tau_CulFr_2","tau_CulFr_3","tau_CulFr_4","tau_OmLmVel_1","tau_OmLmVel_2","tau_OmLmVel_3","tau_OmLmVel_4","tau_IgPare_1","tau_IgPare_2","tau_IgPare_3","tau_IgPare_4","tau_UsoCel_1","tau_UsoCel_2","tau_UsoCel_3","tau_UsoCel_4","tau_PasoPeaton_1","tau_PasoPeaton_2","tau_PasoPeaton_3","tau_PasoPeaton_4","tau_UsoDirec_1","tau_UsoDirec_2","tau_UsoDirec_3","tau_UsoDirec_4","tau_UsoPito_1","tau_UsoPito_2","tau_UsoPito_3","tau_UsoPito_4"
"asc_Op1",1,0.319268316832421,0.247605246431236,0.132180645880008,0.0440142274369339,0.0283505498157372,0.101601795426336,0.186975089097473,-0.106652783999492,-0.102624099693905,0.0174533217242282,0.188538785875278,0.137587380478448,0.0598498674546538,-0.0189307231381428,0.0242015960752582,-0.00943391675583395,-0.00100445853603665,-0.00214075678309839,-0.00150278768944522,0.0142763747300166,0.00469844430458782,0.003463517283273,0.0397345873489348,-0.00476920856057928,-0.00461046606627064,-0.00232666113801572,-0.000532597625341758,0.00356966519255781,-0.00465627437042265,-0.00480982293428844,0.00349833502102065,0.00293697472510293,0.00337503536233078,-0.000410386353021387,0.00373469962599277,0.00425963759709492,0.00422392529040851,0.00346924224925497,-0.000319451632249158,-0.000936012433928997,-0.00109381062091814,-0.00150159379838031,-0.00090768500274353,-5.1628666745814e-05,-0.000114043984889703,-0.000579221076675641,0.00297248982994355,0.00299305283542699,0.00282741064798001,0.00213807167917196,0.00404568066572817,0.00388298823554832,0.00382116151261003,0.00329837453420711,0.00442896807573592,0.00297689772611258,0.00296066035702401,0.0024210229340354,0.00232565391920943,0.00247770856788685,0.00222567853525444,0.00102346085015501,0.000536212728936599,0.000716146419512874,0.00075012562116192,0.000579245041406694,0.00138644959667909,0.00215428589155364,0.00235047933722661,0.0023333764731566,-0.0008352460062038,-0.000181662111716763,-0.000102668001930499,-0.00023693714573744
"asc_Op3",0.319268316832421,1,-0.0971915969408715,0.138605587833006,-0.299797983184505,-0.158290030990286,0.0616650031458854,0.125012837893314,-0.0111222745451812,-0.0405971135647967,0.0500609012165012,0.102495207194338,0.127145641800047,0.0201289227635533,-0.330076472201277,0.308541708272433,0.330312568585848,-0.0955051843956717,-0.0296941890022691,-0.141959114058009,-0.518954272836603,0.128990752330978,0.016215186309723,0.121559113789756,-0.0609286661882223,-0.124584010780958,-0.025733978810897,-0.000269016677880078,0.0157541875681445,-0.128161903740413,-0.1293687755682,0.0134934523499031,0.0107657106547371,0.0146232717183734,-0.0175951035306534,-0.153384598929497,-0.135730710915076,-0.126071201712263,-0.0816962442909163,-0.0728075568294315,-0.0821921029584843,-0.0784740524391555,-0.0671233210665707,-0.0810281414812286,-0.0650609279393786,-0.0614279221149798,-0.0424605314727989,-0.121837066265721,-0.133909054415377,-0.131273931078461,-0.0980076787548506,-0.144877883114703,-0.139764295465141,-0.131659328439262,-0.112193052129141,-0.143768753336601,-0.146305491691107,-0.142514661101159,-0.119177727315202,-0.0852136019818291,-0.105720509688599,-0.101065846800975,-0.0524421363127246,-0.0190054304082508,-0.0259683545695921,-0.0274447121867482,-0.0222837365644516,-0.0459108604011295,-0.0727912764508655,-0.0806029721888177,-0.0939783383009792,-0.0696047932863871,-0.0771648240894142,-0.0748581412663913,-0.0643658004608367
"b_tt",0.247605246431236,-0.0971915969408715,1,-0.452422880934858,0.183672167616439,-0.0525715960296034,0.0988100448913367,0.0390624703904723,-0.101695324640248,-0.181563287236987,-0.137359613898389,0.0615428804631364,-0.095060411491661,-0.0411633412570125,-0.235938889414644,0.283196068217498,0.0853054650883078,0.0545364330231549,-0.0206415450130479,0.0862140104801203,-0.127611533372993,0.0394507414013086,0.0115962177023899,0.249744504755143,-0.0229807297451157,-0.0352764484435975,-0.00960441440009137,0.00629057775742373,0.0105545842994877,-0.0381221109505185,-0.0400192230307406,0.00924960108704986,0.00723526734579578,0.0101390070998187,0.000258429250790706,0.0355214256326534,0.0459492770238013,0.0457798334163494,0.0357532294567885,0.0369416864667795,0.0287281435609083,0.0253144859074897,0.0137547181671963,0.0301870879990085,0.0329028175921769,0.0315894346990066,0.0166837546746487,0.0322458210536548,0.037820264154119,0.0375862285622001,0.0284157508095194,0.0427128128758279,0.0361136326532837,0.0337472345784125,0.0272540301556411,0.0462639208656598,0.0248851373561392,0.0229287685698617,0.0148498952651282,0.0281925798205875,0.0304191355508041,0.0280332799067587,0.0133953852641112,0.00652091449387172,0.00870328827534698,0.00910647493755866,0.00708561739753979,0.0125590492144687,0.0204880702695847,0.0227400201659983,0.0261331927293096,0.0327254834658739,0.033700541403512,0.0323758571682509,0.0237350295345635
"b_dt",0.132180645880008,0.138605587833006,-0.452422880934858,1,-0.0759660728699785,0.0345339954474138,-0.159609024699768,-0.0602390180123,-0.249343760216244,-0.171304410288293,-0.00350271923983913,-0.0393718008375907,0.0268690423108907,-0.145297314443857,0.20096647476913,-0.249261165655251,-0.108929594082998,-0.0626314971364253,0.0195094884378396,-0.141520760179173,0.18002779996937,-0.0160886354045553,0.000575393967308856,-0.152725565731586,0.00342349224133573,0.0120760107197415,0.00515025038288286,-0.00790891806309063,0.00240583836690719,0.0151973438605972,0.0166859079785888,0.0034348889147879,0.00280009663051997,0.00208607294191718,-0.00137857492187811,-0.0311522820865283,-0.0410031280900307,-0.0407547948198752,-0.0299293164358078,-0.0422063238070691,-0.0347346901129039,-0.0313312170174285,-0.0194936062774586,-0.0362486388085076,-0.0372198991112902,-0.0359444286596965,-0.0204402761360213,-0.0304119189772141,-0.0365718385798283,-0.0364907228564729,-0.0269546150790632,-0.0380306529959029,-0.031226594712389,-0.0285479807307293,-0.0223350545037889,-0.0403455387135904,-0.0226657318925708,-0.0204929373644897,-0.0124780662608686,-0.0260209607466771,-0.0288083658292636,-0.0268596078903919,-0.0130641664797181,-0.00564522755444702,-0.00760444074758064,-0.00796616782130571,-0.00631562334769383,-0.0106921299620207,-0.0177953048522596,-0.0199063369949823,-0.0241671575175865,-0.0386956521917788,-0.0383902749465737,-0.0367949152618714,-0.0277044340860306
"b_CongAB",0.0440142274369339,-0.299797983184505,0.183672167616439,-0.0759660728699785,1,0.491464164294523,-0.0330100485794503,-0.0392568871230656,0.011481172885753,0.0171678928931725,-0.065250900899554,0.0754775066669122,-0.125765442874101,0.0363010088404724,0.0675282016166591,-0.0863715276594297,0.0623969451680832,-0.0409023749112012,0.00527291791411756,0.00284344879575485,0.0152086565955911,-0.0184156120127754,-0.0135030751073004,-0.076782069364065,0.0180222772302475,0.0170219171077144,0.00521347900287417,-0.00222687283660375,-0.013566434831495,0.0176359024315927,0.0185230345768739,-0.0132253250365945,-0.0106040347552742,-0.0130710244645828,0.00120045744055355,-0.0320660354387375,-0.0356733899960473,-0.0344531068109938,-0.0260608415788133,-0.032224176421768,-0.027338073490178,-0.0249094587165007,-0.0174849928862445,-0.0293228348122445,-0.0274597422450257,-0.0264417009958524,-0.0173382193363572,-0.0259113168275143,-0.0293041718588604,-0.028937547989032,-0.0217126528953427,-0.0347445160559483,-0.0315931688696369,-0.0297228163651915,-0.0250810895149769,-0.0367326134880527,-0.0258418936163326,-0.0245452946122612,-0.0190250052796107,-0.0208571100779174,-0.023542637872331,-0.0219765581424614,-0.0109069597019163,-0.00498840794278097,-0.00667740458049657,-0.00701233952433191,-0.00548696876984902,-0.0108087450296431,-0.0169847098013562,-0.0186187911346314,-0.020881393978709,-0.0298122193417539,-0.0297947511061515,-0.028666073599444,-0.0224430352777083
"b_CongCD",0.0283505498157372,-0.158290030990286,-0.0525715960296034,0.0345339954474138,0.491464164294523,1,-0.0425318797620035,-0.0280567333029899,0.035832078220928,0.102774952178406,0.0647381203848791,0.00665781021987613,-0.104652615236718,0.0291069142181183,0.212255990889479,-0.285807030127586,-0.0421047282424585,-0.0922859958194856,0.0204552834378476,-0.101022011868437,0.18520923087229,0.00135085634578313,-0.00111259748829877,-0.169904021298029,-0.00174879577798556,-0.00431168115907974,0.00755680232056109,-0.00481477083546002,0.00101596623887952,-0.00139387418306531,0.000364893187404921,0.00188844772377486,0.00238549897928842,0.00108325065888024,0.00307252615799321,-0.0551316155208529,-0.0632039331955863,-0.061657093131511,-0.0454359580156694,-0.0692970930677878,-0.0618362616773419,-0.057394022599431,-0.0412690622640056,-0.0637261504924219,-0.0608815545994323,-0.0589789819659109,-0.0372490974564429,-0.0494719289748011,-0.0579068789339578,-0.0578975106213454,-0.0438075661592501,-0.0614370157885761,-0.0535209696388655,-0.0498739708293441,-0.0408578621419901,-0.0640699427649715,-0.0440738531185769,-0.0416457267867333,-0.0303875024456384,-0.0401930510648547,-0.0459626716972276,-0.0432487070592427,-0.0216288900350953,-0.00936825265776405,-0.012600104339484,-0.013236189170737,-0.010447139249956,-0.0192176581628817,-0.0309997226156341,-0.0343077548174416,-0.039910451457868,-0.0649627546748446,-0.0649933004322663,-0.0625259355865501,-0.0490274910657879
"b_Sem_1",0.101601795426336,0.0616650031458854,0.0988100448913367,-0.159609024699768,-0.0330100485794503,-0.0425318797620035,1,0.567715128586414,-0.0755770837061084,-0.0561852691443429,-0.0255583789640022,0.0867932976792177,0.0418874984449366,0.122681601419477,-0.0276238367657862,0.0493453130103062,-0.0272337941088811,0.0255364378894395,-0.00480169500319541,0.0335150753470417,-0.0361072046742762,-0.00855426711589548,0.00235146333561776,0.0536634098817252,0.00168099535997356,0.00953091359547192,-0.00049713358159235,0.00190641671279926,0.00212395190714323,0.00860617927144407,0.00810973460491874,0.00180347388324935,0.00166500032344602,0.00215520860252941,0.00121854082554992,0.0178989275138728,0.0202456899495166,0.0197295030910165,0.0142044354751759,0.0192191771773497,0.017724181898449,0.0163388541730015,0.0115731741575671,0.0177350099308227,0.0171791312378884,0.0164820753776158,0.00994838615127959,0.0152574853958045,0.0177635760937115,0.0177847858006789,0.0134987488793578,0.0196356052475593,0.0174829244962456,0.0162976948932225,0.013325311451586,0.0202526888541712,0.0151961050376977,0.0143928700592942,0.0106747789151261,0.0126278052154614,0.0142773091115178,0.0133332946493086,0.00659727074869667,0.00271700225561718,0.00367404080357579,0.00386293433571365,0.00308521541271489,0.00569349714402207,0.00925165019399573,0.0102950483351238,0.0122434059031494,0.0177390132122345,0.018489709865544,0.0178558797220395,0.0141141290757756
"b_Sem_2",0.186975089097473,0.125012837893314,0.0390624703904723,-0.0602390180123,-0.0392568871230656,-0.0280567333029899,0.567715128586414,1,-0.0800897903438344,-0.041365394632633,-0.010476713817609,0.0162466487676225,0.0702596053846816,-0.00418432055825979,-0.0604480131915972,0.0745612930238725,-0.00512166589407443,0.0343387617549148,-0.0123560578255906,0.00266530468946559,-0.0607321985363882,0.0145053792664174,0.00971700641582214,0.0680125111069784,-0.0132176194349989,-0.0135603753839643,-0.00419731850323077,0.00254041291001845,0.00964945750015049,-0.0141363920301927,-0.0144705498463639,0.00927309685143479,0.00869507080586753,0.0095940767618007,-0.00134668083186641,0.0174254612355882,0.0199032002074586,0.0195323126302221,0.0132068829620088,0.0227168350422214,0.0197611423379125,0.0177672235977616,0.0108110688217605,0.0195309803487959,0.0208758520915248,0.0200674160866262,0.0106772282163894,0.0138170027960986,0.0163743699357437,0.0165113118337108,0.0122797125047893,0.019392571796386,0.0168857207054806,0.015670884238115,0.0125542868584454,0.020304829305711,0.0137757757038819,0.0129315109885613,0.00904003468293306,0.0117866376033034,0.013119716239876,0.0121929375174316,0.00592868951293968,0.00215704517584255,0.00297386856575251,0.0031430774143542,0.00257175361099742,0.00500172425488172,0.0082013284334573,0.00915926670533822,0.0110712844207494,0.0208640583184416,0.0211203256626564,0.0201403774465172,0.0148585175699375
"b_ACC_0",-0.106652783999492,-0.0111222745451812,-0.101695324640248,-0.249343760216244,0.011481172885753,0.035832078220928,-0.0755770837061084,-0.0800897903438344,1,0.82836431073706,0.0659421611200027,0.021612361439641,0.126216157735881,0.168763837396242,-0.0473013640877937,0.0653981878705758,0.0223095361834333,0.0102128398257458,-0.00663029408031477,0.0572353630330671,-0.0675718849808706,-0.00606988539099856,-0.00364782129288341,-0.0121844540069129,0.0063390740876876,0.00708169619838724,-0.000431224909711941,0.00184805741506019,-0.00476067168024074,0.00638486009802305,0.00628322072642724,-0.00484031954008845,-0.00421763385989741,-0.00446813830574257,0.00105668952283962,-0.00126431160316925,0.000906598797161493,0.00110160060360164,0.000435922618822677,0.00650119570067992,0.00394419433334148,0.003471815746519,0.00200762561938424,0.0057882693002593,0.00421541844632508,0.0041887955903169,0.00292688754674752,0.00133508561479377,0.00188365420213785,0.00175763218851952,0.000520156233202539,-0.000132237600565001,-0.00059140128783247,-0.000690024606526329,-0.000720828913640711,-0.000202260735843209,-0.000731730828925215,-0.000944866966236499,-0.00113551967237612,0.00106671740207113,0.0010873269996626,0.00101274745264756,0.000418830105071001,0.000271861102905973,0.000357240871079333,0.000360478315609205,0.000267848855649746,-9.36375525599342e-05,4.53311244639785e-05,0.000111774826789072,0.000597937384630901,0.0059364625164313,0.00497173521677196,0.0048338705870014,0.00388475466245715
"b_ACC_1",-0.102624099693905,-0.0405971135647967,-0.181563287236987,-0.171304410288293,0.0171678928931725,0.102774952178406,-0.0561852691443429,-0.041365394632633,0.82836431073706,1,0.0395609727749184,-0.0213871942862942,0.0853733316316226,0.165740024090491,0.0547836039578789,-0.0581128834200162,0.0172943538365314,-0.0112006934585542,0.000861611633231357,0.0391443039584141,0.00136040532411269,-0.0267832550339435,-0.01196037053577,-0.0516094478043577,0.0202764963169663,0.0267231532550651,0.00431765188336489,0.00150822899619444,-0.0123831283545107,0.0267155396502791,0.0268374827234949,-0.0120342590144996,-0.0101031548007194,-0.011983615727649,0.00317793039029015,-0.00952849656207943,-0.0104297887588633,-0.0102069372683388,-0.00804486002462024,-0.00932690292570257,-0.00771697514683564,-0.00698962703421111,-0.00439111355608906,-0.00816544766612823,-0.00785938162940915,-0.00746635050882171,-0.0039807326336159,-0.00616097376559314,-0.00714166929664393,-0.00731732320040777,-0.00606991638821861,-0.0105585043065634,-0.00884581021318615,-0.00822057711356751,-0.00656182573100726,-0.0113602472207527,-0.00629386162711743,-0.0059639390940394,-0.00410012712636326,-0.00600887215883209,-0.00622038407714078,-0.00565429639822129,-0.00265353372859151,-0.00138668042125283,-0.00184787087603251,-0.00194162895713835,-0.00149081110602337,-0.00283841639205182,-0.004479242895176,-0.00493390766963463,-0.00542451099885135,-0.00862453274732032,-0.00847046962617706,-0.0080084114243515,-0.00577593255754089
"b_SI_CAMFD",0.0174533217242282,0.0500609012165012,-0.137359613898389,-0.00350271923983913,-0.065250900899554,0.0647381203848791,-0.0255583789640022,-0.010476713817609,0.0659421611200027,0.0395609727749184,1,-0.093941470223293,0.114732556322567,0.0961139988178669,0.109415841041932,-0.130448703073503,-0.0308543812304067,-0.0551401275658623,0.00797020171332169,-0.00749557599968254,0.10828726351914,-0.0228176444569512,-0.00940870954514938,-0.124571911928822,0.015510199628593,0.0205503752454407,0.00273051439977712,-0.00322801867569389,-0.00898820524811926,0.0222860756152461,0.0234336640983061,-0.00817114882335484,-0.00717305004616556,-0.0087298707614981,0.000829878427562451,-0.0302176892240438,-0.035557641055309,-0.035029515864546,-0.0268424401674745,-0.0392722646927473,-0.035751136942482,-0.0332201812030635,-0.023458670785301,-0.0357494622592587,-0.0350490191586572,-0.0337997948268737,-0.0200909475603264,-0.0253594054339258,-0.0301784067459858,-0.0305083375894378,-0.0238386726026679,-0.0345607985227808,-0.0291497335476642,-0.0271524721187271,-0.0220362001655446,-0.0366652830997889,-0.0218361460022377,-0.0202809422049904,-0.0136957174000947,-0.0219713346043627,-0.0244191038522185,-0.0227671042767699,-0.0111874203985745,-0.00474089603040101,-0.00640706986432774,-0.006736355611757,-0.00535224323416866,-0.00994092088170002,-0.0161908090889731,-0.0179839984151472,-0.0210301570699895,-0.0372500683326141,-0.0371227960683358,-0.0355711379462192,-0.0275269683811179
"b_SI_PANEL",0.188538785875278,0.102495207194338,0.0615428804631364,-0.0393718008375907,0.0754775066669122,0.00665781021987613,0.0867932976792177,0.0162466487676225,0.021612361439641,-0.0213871942862942,-0.093941470223293,1,-0.0383005349735407,-0.0335636453617854,0.0402200603145862,-0.0389197469091894,0.00700050699186255,-0.00837274658541865,0.005234449987357,0.0113500511146591,0.0187331250331335,-0.0238668571028136,-0.00969743466676815,-0.0351312782191966,0.0171126489841516,0.0234403711641727,0.00313745800473843,0.00108924737249093,-0.00987921701069411,0.0235915842752539,0.0237417562301158,-0.00975354376169809,-0.00861012718966438,-0.00975825142082537,0.00140211781039807,-0.00196647083161748,-0.00321593461140537,-0.00338196569850687,-0.00350718153089296,-0.00312686857527464,-0.00159871373167536,-0.00111763008133411,-5.16560701860415e-06,-0.00220880579894415,-0.00193403149830216,-0.00164120922612936,-0.000447993391733976,-0.00101623931364886,-0.000960816320925404,-0.000921061369775512,-0.000792358523893112,-0.00311436710710842,-0.00192132641403355,-0.00175107266590699,-0.00135972149216793,-0.00383047274195422,0.000228189646627778,0.000457980085588851,0.000989284249958759,-0.0011977747922054,-0.000898472584015179,-0.000738328170839969,-0.000274140969665179,-7.55214037506544e-05,-0.000112589423218882,-0.000128766335395576,-0.000117853013169551,-0.000237739096659176,-0.000492361860941384,-0.00058345211203756,-0.000695851936179266,-0.00249034453156983,-0.00249488327656427,-0.00224058992490685,-0.0012613104708572
"b_SI_ZER",0.137587380478448,0.127145641800047,-0.095060411491661,0.0268690423108907,-0.125765442874101,-0.104652615236718,0.0418874984449366,0.0702596053846816,0.126216157735881,0.0853733316316226,0.114732556322567,-0.0383005349735407,1,-0.0870840168048293,-0.00458601718181557,0.0113458346095514,-0.0220171736173864,0.0111648623029703,-0.00219426846538926,0.00852919259717144,0.0306924608391455,-0.0018556677777522,0.00169822326836107,-0.0380358191306833,-0.000878287791362413,0.00104510029506274,0.000899634785862828,-0.00299569530772803,0.00168610412679166,0.0018180755854903,0.00247688442777472,0.00212820717377435,0.00270810437225955,0.00197049889345262,0.000915155608221787,0.0108939670016052,0.00845436870725319,0.00759134976035282,0.0037954814812686,0.0071478496778485,0.00726241500949463,0.00701129389584024,0.00594596658337566,0.00864285915711997,0.00455614625555239,0.00417393736385954,0.00213191048862169,0.00871626853831271,0.00884526007248121,0.00836668448958833,0.00561452734031846,0.00965086762845201,0.0093728144638631,0.00883652464005444,0.00749995445377293,0.00901364382343791,0.0113779265189222,0.0112631441609957,0.00960294934033213,0.00493852795367085,0.00670422589548967,0.00653659204854587,0.00345322203831001,0.000670227626862154,0.00100592912960608,0.00108541014814329,0.00100412430655593,0.00261204667247091,0.00425865711588288,0.004759060677703,0.00582144875168927,0.00673361077251266,0.00720525324858036,0.00702452304803946,0.00621032301370515
"b_SI_MTRP",0.0598498674546538,0.0201289227635533,-0.0411633412570125,-0.145297314443857,0.0363010088404724,0.0291069142181183,0.122681601419477,-0.00418432055825979,0.168763837396242,0.165740024090491,0.0961139988178669,-0.0335636453617854,-0.0870840168048293,1,-0.0350741733868165,0.0691520171603044,-0.00131092753758335,0.00569735885818788,-0.00553972252943578,0.121684095775892,-0.0953630976549121,-0.0269143448687948,-0.00791947382074022,0.0342638887824462,0.017826824838154,0.0282022295366187,-0.00112316392897097,-0.00193498349455987,-0.00934308120438187,0.0256556846219919,0.0248486618662967,-0.00942333220436179,-0.00806608155223058,-0.00916383772544913,-0.00152459730716708,-0.000639512599044426,0.0046319255681206,0.00538888869964339,0.00684533168231944,0.00530804867789085,0.00510781616821342,0.00507490320410941,0.00526930583317592,0.00542045087731864,0.00380312461064611,0.00373595241895749,0.00437529069061036,0.00394786868411023,0.00491848519729106,0.00483445228603053,0.00382703943128875,0.00283858149103717,0.000508933242792145,0.000316467194420598,4.42792779870154e-05,0.00303483065841486,-0.00129700281436409,-0.0016905047787537,-0.00247812648065491,0.00300942810365065,0.00347064160227361,0.00340541986266911,0.00185270785108762,0.000686452194904946,0.000926810378883278,0.0009756447661765,0.000791160806431216,0.00135545266650069,0.0023402257514298,0.00262168021334082,0.00310475482079963,0.00531662395046397,0.00528844055670162,0.0052877739695951,0.00500565367279181
"lambda1",-0.0189307231381428,-0.330076472201277,-0.235938889414644,0.20096647476913,0.0675282016166591,0.212255990889479,-0.0276238367657862,-0.0604480131915972,-0.0473013640877937,0.0547836039578789,0.109415841041932,0.0402200603145862,-0.00458601718181557,-0.0350741733868165,1,-0.831621110410869,-0.223383411416655,-0.191606040566227,0.0229774609039633,-0.216897086622879,0.622588994817044,-0.686375725093902,-0.206201513563133,-0.575727807654637,0.432387486376685,0.664390939033294,0.0565903766153423,-0.00680995097142687,-0.214065375524007,0.675952882581532,0.67964177209788,-0.206298707244315,-0.176886375802865,-0.209967951323758,0.0132676766729429,-0.105848110209457,-0.176330077968111,-0.181241588006097,-0.158093968945667,-0.152611648949483,-0.111699571267839,-0.0972733069557073,-0.0552823677515348,-0.123491314743027,-0.12662967972443,-0.121590431384927,-0.065046537664508,-0.0753508478449773,-0.0951634183594247,-0.0974265880058337,-0.0762635264207762,-0.154262349918338,-0.11363863808894,-0.103867680960054,-0.0806029166399392,-0.172578239071191,-0.0499247558740344,-0.0387043765931329,-0.00628693537583957,-0.0857372496794849,-0.0814278771387188,-0.0716091091510716,-0.0309661500782592,-0.0174196350606352,-0.0232454546048885,-0.0242951055911612,-0.0185533353658077,-0.0303039768787302,-0.050091645142516,-0.0556460828485686,-0.0661641585406844,-0.136680488213994,-0.133915539992763,-0.127409400551165,-0.0959220180265764
"lambda2",0.0242015960752582,0.308541708272433,0.283196068217498,-0.249261165655251,-0.0863715276594297,-0.285807030127586,0.0493453130103062,0.0745612930238725,0.0653981878705758,-0.0581128834200162,-0.130448703073503,-0.0389197469091894,0.0113458346095514,0.0691520171603044,-0.831621110410869,1,0.103291007045046,0.264494910841301,-0.0719542732958485,0.411439998926571,-0.7483044096216,0.177207001239267,0.0691225164799239,0.709564011787422,-0.127816594577186,-0.161036643978602,-0.0406447524992751,0.00948976011791268,0.0766920228059437,-0.174479518501071,-0.181767081170666,0.0713952427489043,0.0622784766548524,0.0761912468014188,-0.00962018936243726,0.139699942855391,0.186641455195431,0.186600191888926,0.149296670948961,0.192970427767603,0.15942368264231,0.144595683070581,0.0957020160202686,0.170515114883039,0.163545693129769,0.15756729681558,0.0930065951023784,0.113110641870985,0.135950139355445,0.137036141545525,0.104465565377707,0.173053774876662,0.141377751018335,0.131017084977488,0.105365156953225,0.18613561477867,0.0948339387575408,0.085546157327494,0.0520690915957245,0.103543808694063,0.110270956646203,0.101443883553421,0.0483435466826725,0.0216960204646092,0.0292830623287519,0.0307270572535158,0.0241811489056933,0.0411538153149162,0.0682559626450616,0.0761990664906509,0.0920884941754891,0.177204019014807,0.176620701457997,0.169444360420488,0.130724398961812
"lambda3",-0.00943391675583395,0.330312568585848,0.0853054650883078,-0.108929594082998,0.0623969451680832,-0.0421047282424585,-0.0272337941088811,-0.00512166589407443,0.0223095361834333,0.0172943538365314,-0.0308543812304067,0.00700050699186255,-0.0220171736173864,-0.00131092753758335,-0.223383411416655,0.103291007045046,1,0.0381579987090599,-0.0516183315674742,0.0756326638832843,-0.12785786873465,0.142708680538545,0.550507021564273,0.154288287570679,-0.46868480866712,-0.135041291623327,0.000166950723191671,0.0155117473155595,0.510502116736828,-0.138582459084399,-0.138786051770592,0.508737812945437,0.439878762405887,0.499279586166239,0.00998846940229762,0.00574768517578106,0.0246053852896006,0.0266827879324089,0.0231428731691111,0.0116379955548051,0.00436381290812402,0.00154075873361571,-0.00637846310193996,0.00402675816426861,0.011913712068608,0.0113563682846689,0.000809720891102071,-0.0158286651571045,-0.0133282594806121,-0.0115188553945504,-0.00582446199929525,0.0175370353987698,0.00912789695126484,0.00701250748773573,0.00292562530723725,0.020758966508639,-0.00149588103290145,-0.00366535252960749,-0.00986519516521976,0.00151830929224667,-0.00654486269337571,-0.00856611759151891,-0.00659729770140749,-0.00295366645964147,-0.00398224348504551,-0.00429618169307458,-0.00333600070668673,0.00032008000861795,-0.000242029084157797,-0.000544062559561699,-0.00481602157888208,0.00858073487040457,0.00900379912359253,0.00813473012982682,0.00309093146300006
"gamma_USOCINTURON",-0.00100445853603665,-0.0955051843956717,0.0545364330231549,-0.0626314971364253,-0.0409023749112012,-0.0922859958194856,0.0255364378894395,0.0343387617549148,0.0102128398257458,-0.0112006934585542,-0.0551401275658623,-0.00837274658541865,0.0111648623029703,0.00569735885818788,-0.191606040566227,0.264494910841301,0.0381579987090599,1,0.0319141192325303,0.129256869096033,-0.184791149349031,-0.00322225882456685,0.039094703782007,0.195076795499855,-0.0239175462271223,0.00859721928322404,0.00711632034983417,0.0253449777826256,0.0333885625836059,0.00603484340168497,0.00164224886304967,0.0324850455954748,0.0345081360236002,0.0368751862680335,0.0189378387745345,0.762284616785784,0.761274807097085,0.724048908593129,0.498039809408355,0.781254557050844,0.743178361930492,0.692198393992551,0.527175789212724,0.757296916397655,0.680689219627168,0.652286241521205,0.419210780752034,0.620243529336103,0.711664926626587,0.709808424953853,0.535813469234202,0.781838107292562,0.705983728116222,0.657967702499543,0.546762664347493,0.796770507415568,0.650778642533259,0.620528916032013,0.482560714548958,0.47715921918578,0.565368419138212,0.53540200701783,0.272315031456649,0.103481419740526,0.141121471184484,0.148939694970537,0.12005819046896,0.233104566220263,0.374823981700144,0.415928937367296,0.492094747033727,0.740174396302846,0.750843951223776,0.720562676945008,0.580748072827762
"gamma_USODISPMOB",-0.00214075678309839,-0.0296941890022691,-0.0206415450130479,0.0195094884378396,0.00527291791411756,0.0204552834378476,-0.00480169500319541,-0.0123560578255906,-0.00663029408031477,0.000861611633231357,0.00797020171332169,0.005234449987357,-0.00219426846538926,-0.00553972252943578,0.0229774609039633,-0.0719542732958485,-0.0516183315674742,0.0319141192325303,1,-0.0432239066979835,0.0589744631069522,0.0545351300909802,-0.0542354431178606,-0.0687075457602743,0.0227744587426594,-0.0555061358052599,0.0059540363388459,0.00513448379015803,-0.0544760218561209,-0.053268226999928,-0.0548454858958488,-0.0567668615596648,-0.0524223888811475,-0.0554110103219583,-0.000649661005270271,0.277662433621409,0.27909002393748,0.266849335493517,0.168649987454115,0.28898667543904,0.284841660472952,0.268652757669921,0.202488391385705,0.282944022846706,0.261696498916998,0.251853780390409,0.137123881442798,0.234172946655942,0.266088772217841,0.26315044206599,0.193352664286864,0.282592503041722,0.262105861496121,0.243874547127359,0.199067686759126,0.29001406703405,0.242548250851755,0.231951237754872,0.175733726436223,0.185518491126112,0.213088414493584,0.198946939252725,0.0985970375643668,0.0431146707833667,0.0580399841117595,0.0611498583037696,0.0482862865055503,0.0973906278664175,0.15274890758059,0.167628959683819,0.18771410073685,0.275109160365561,0.282422684052435,0.271233150402396,0.218435857514492
"gamma_EXP_4",-0.00150278768944522,-0.141959114058009,0.0862140104801203,-0.141520760179173,0.00284344879575485,-0.101022011868437,0.0335150753470417,0.00266530468946559,0.0572353630330671,0.0391443039584141,-0.00749557599968254,0.0113500511146591,0.00852919259717144,0.121684095775892,-0.216897086622879,0.411439998926571,0.0756326638832843,0.129256869096033,-0.0432239066979835,1,-0.347994744190244,-0.166484379812064,-0.0531321511033557,0.415843805828087,0.112103421025564,0.178373557247411,-5.08702299118902e-05,0.00682712882728411,-0.0588839432232385,0.163361850976744,0.156512584758095,-0.0596850866925234,-0.0539310838064094,-0.0582057369876848,0.0102752856090877,0.112843427835091,0.147650317670391,0.147057794519685,0.119580099218953,0.0895251025956328,0.0804657588069057,0.0746482743636224,0.05696676116137,0.0861080920117973,0.0758687249199544,0.0733218294917507,0.0488224457370348,0.116478512995411,0.135411848462553,0.133530338100839,0.101251976662329,0.135832505048743,0.116331070114985,0.108489639058336,0.0895554918034911,0.141666396668,0.0950150398467062,0.0885256453576151,0.063577993198039,0.0894856499725561,0.105069637134068,0.099840324419605,0.0511197186466423,0.0217450738803182,0.0291942555798075,0.0306044059212374,0.0241799030689184,0.0453194382135837,0.0728868481410231,0.0805442036622796,0.093014639699765,0.0820261606545998,0.0866351727573184,0.0843780872663845,0.0698035874553493
"gamma_HPICO",0.0142763747300166,-0.518954272836603,-0.127611533372993,0.18002779996937,0.0152086565955911,0.18520923087229,-0.0361072046742762,-0.0607321985363882,-0.0675718849808706,0.00136040532411269,0.10828726351914,0.0187331250331335,0.0306924608391455,-0.0953630976549121,0.622588994817044,-0.7483044096216,-0.12785786873465,-0.184791149349031,0.0589744631069522,-0.347994744190244,1,-0.122181965043717,-0.0430574492937318,-0.565417111629383,0.0761696447388181,0.107084410055924,0.0376614552359448,-0.00635075629058925,-0.0393825986373506,0.121761416795904,0.129501492593874,-0.0346416653988197,-0.0286639227568223,-0.0378862279827219,0.0164983992791719,-0.0340769838453782,-0.080876211325338,-0.0856440031769965,-0.0812328068688751,-0.136354408254498,-0.108396299281245,-0.0982815763338543,-0.0653142249917111,-0.116870944894821,-0.11467134735795,-0.111298034959652,-0.0690250274743704,-0.0393936028820344,-0.0553921147542504,-0.0582151622192269,-0.0475043134488625,-0.0658276257132571,-0.0422207729440702,-0.0380476783405638,-0.0279950683449896,-0.0763904059817757,-0.00146260138607297,0.00439282450264329,0.0192201853896991,-0.0461036427837969,-0.044937560963524,-0.0407013486150051,-0.018889279446321,-0.0103297948150123,-0.0137397917054301,-0.01432162920467,-0.0109230730946605,-0.0166111983660787,-0.028121574420421,-0.0312421497857464,-0.0371490397947829,-0.126365321779182,-0.121226628034237,-0.115891367586275,-0.0889853259273262
"gamma_LV1",0.00469844430458782,0.128990752330978,0.0394507414013086,-0.0160886354045553,-0.0184156120127754,0.00135085634578313,-0.00855426711589548,0.0145053792664174,-0.00606988539099856,-0.0267832550339435,-0.0228176444569512,-0.0238668571028136,-0.0018556677777522,-0.0269143448687948,-0.686375725093902,0.177207001239267,0.142708680538545,-0.00322225882456685,0.0545351300909802,-0.166484379812064,-0.122181965043717,1,0.293470654624001,0.0820476440546198,-0.632937103507527,-0.982374244162565,-0.050079326472908,-0.00262911130036631,0.312769054858469,-0.985219773894774,-0.982075972270655,0.305490495872553,0.264584838777872,0.307415005602856,-0.0132382738007642,0.00720478110651648,0.0715049275970469,0.0802665969108168,0.0872546844041298,0.0214496011965637,-0.00783706553496617,-0.0142485389417915,-0.0254602910820553,-0.00095329183713509,0.0131018621549688,0.0118234334926497,-0.00518774006808464,-0.0287234354692415,-0.0266458626243236,-0.0239329735389668,-0.0159795962140298,0.0498919557508292,0.0188030829787633,0.0147735283426682,0.00658605162473109,0.0654281818718748,-0.0337722806569566,-0.0417453817307267,-0.0562057845995274,0.00766975813022398,-0.0125732220738463,-0.0185671106317113,-0.0157754784760841,-0.00205521826631928,-0.00291165947713602,-0.00316116083062812,-0.00323907556699468,-0.00981096944194856,-0.0148920708913814,-0.016375642417372,-0.0171197327382725,0.0135175414482994,0.00932310911445267,0.00701949550306546,0.00132750005849622
"gamma_EDUBASICA",0.003463517283273,0.016215186309723,0.0115962177023899,0.000575393967308856,-0.0135030751073004,-0.00111259748829877,0.00235146333561776,0.00971700641582214,-0.00364782129288341,-0.01196037053577,-0.00940870954514938,-0.00969743466676815,0.00169822326836107,-0.00791947382074022,-0.206201513563133,0.0691225164799239,0.550507021564273,0.039094703782007,-0.0542354431178606,-0.0531321511033557,-0.0430574492937318,0.293470654624001,1,0.0280054771879207,-0.874606778560105,-0.285361577932831,-0.00229511367713082,0.0137501861354463,0.938124056256332,-0.286900552090765,-0.285064052368909,0.935758875478009,0.812011360594442,0.91896953140391,0.0104002241097537,0.00622940436597204,0.0279905080724855,0.0302825964264993,0.0262875915759052,0.0118963291658972,0.00234869367428368,-0.000967681576762153,-0.00897566859813016,0.00363943922824981,0.0106373912018267,0.0097315551036253,-0.00175365207679905,-0.046214682171109,-0.0471160907166743,-0.0440427326624592,-0.0288977265513325,0.0201520910230912,0.00902819107780937,0.00608445140527461,0.0013488536024543,0.0241529263386593,-0.00370985627245364,-0.00693922872675604,-0.0148884589801373,-0.0126157288755893,-0.029292083182029,-0.0321952994401066,-0.0204675197694127,-0.0105262914444298,-0.0138595442579661,-0.0146611817164399,-0.0112316506575648,-0.00876952658067985,-0.0151964716921107,-0.0170650864955706,-0.025139213241843,0.00797977144614055,0.00791709831856657,0.0067567719676728,0.00212871551540051
"gamma_ADULTO40",0.0397345873489348,0.121559113789756,0.249744504755143,-0.152725565731586,-0.076782069364065,-0.169904021298029,0.0536634098817252,0.0680125111069784,-0.0121844540069129,-0.0516094478043577,-0.124571911928822,-0.0351312782191966,-0.0380358191306833,0.0342638887824462,-0.575727807654637,0.709564011787422,0.154288287570679,0.195076795499855,-0.0687075457602743,0.415843805828087,-0.565417111629383,0.0820476440546198,0.0280054771879207,1,-0.0501678602317707,-0.0660700846986726,-0.0316727371031715,0.00698480623180997,0.0259820354534205,-0.0802647473675006,-0.090710142177411,0.0209605824525644,0.0129399702896621,0.0230186413090633,-0.00479982294301528,0.128745656122931,0.172440903260632,0.172983896174465,0.147013435369124,0.138320145076424,0.115440815337352,0.104414091673646,0.0682251523582416,0.120787036167258,0.11984502109858,0.11512656832606,0.0680163813768771,0.115990823190281,0.138720403324779,0.139491595651994,0.110784697081067,0.15919738374666,0.133402308638024,0.126150639370192,0.10444267673831,0.174480704343414,0.083322144593763,0.0757548911774445,0.047168289375067,0.10413157989717,0.112573642353242,0.104232153020804,0.0508908949848498,0.0255220756162122,0.0339214805434344,0.0355054106724545,0.0274313529509292,0.0500601184478437,0.0802609918409983,0.0884439160288591,0.0990769963606986,0.125288990426649,0.129611049593938,0.124706491422536,0.0957473450863258
"gamma_LV2",-0.00476920856057928,-0.0609286661882223,-0.0229807297451157,0.00342349224133573,0.0180222772302475,-0.00174879577798556,0.00168099535997356,-0.0132176194349989,0.0063390740876876,0.0202764963169663,0.015510199628593,0.0171126489841516,-0.000878287791362413,0.017826824838154,0.432387486376685,-0.127816594577186,-0.46868480866712,-0.0239175462271223,0.0227744587426594,0.112103421025564,0.0761696447388181,-0.632937103507527,-0.874606778560105,-0.0501678602317707,1,0.620102307123689,0.0324948473711098,-0.00205646321411892,-0.93075382974564,0.623249647894856,0.620351540273263,-0.923695502169359,-0.821805721038126,-0.923159927580628,0.00600263642638238,-0.00284893883111519,-0.0494834553393467,-0.0555536723109401,-0.0558619314755228,-0.0147513577424476,0.00591497517061221,0.0110735481033503,0.0217538289217568,0.000819432321515907,-0.010164598012722,-0.00890228745357152,0.00729149623395057,0.138551292979575,0.158260255289557,0.154448066133243,0.121268023073226,-0.0323141675711264,-0.0117288405924973,-0.00769130527247182,-0.000585498075221824,-0.041713744391817,0.0183072425764075,0.0239441529562117,0.0363552141388998,0.0669832157750294,0.109979648321206,0.114352433394124,0.0686904714058652,0.0358926264971823,0.0464645684477137,0.0485462082961966,0.0369835051419594,0.0708096617478676,0.107354665591978,0.115508533761287,0.114807271730114,-0.00808418370309158,-0.00623297101049984,-0.00446244498055559,0.00111729864004794
"zeta_FRbr",-0.00461046606627064,-0.124584010780958,-0.0352764484435975,0.0120760107197415,0.0170219171077144,-0.00431168115907974,0.00953091359547192,-0.0135603753839643,0.00708169619838724,0.0267231532550651,0.0205503752454407,0.0234403711641727,0.00104510029506274,0.0282022295366187,0.664390939033294,-0.161036643978602,-0.135041291623327,0.00859721928322404,-0.0555061358052599,0.178373557247411,0.107084410055924,-0.982374244162565,-0.285361577932831,-0.0660700846986726,0.620102307123689,1,0.080400075785647,0.040781067132126,-0.302737691247991,0.970838298843802,0.966740563929197,-0.296827828097979,-0.258379513311878,-0.298615541340838,0.0421399015406662,-0.0601058099489459,-0.00553709842930043,-0.00228656962429071,0.0177441645549576,-0.0171376183773932,0.0085233685985825,0.014410326930408,0.025740843630337,0.000175512411475086,-0.00513394420291963,-0.00328595729917139,0.0153710821215475,0.0268988187680406,0.0267796294951105,0.0240174439351679,0.0149439806041019,-0.0430024529783198,-0.02285696737606,-0.0199660449870269,-0.013459157251265,-0.0570980734333023,0.0237793110760656,0.0304430762912248,0.0417136454828567,-0.00500799220476588,0.0126427324545364,0.0175904545338831,0.0142537651100874,0.00305255727819506,0.00405785253376751,0.0042960802716855,0.00389354549418365,0.0109937125977251,0.0163483649214044,0.0177504758541242,0.017259364916605,-0.0100084158023585,-0.00806878461183384,-0.00617302624596281,-0.00181966104564379
