"","asc_ruta1","asc_ruta2","asc_ruta4","b_tt","b_dt","b_CongCD","b_CongEF","b_Sem","b_ACC_1","b_ACC_2","b_SI_CAMFD","b_SI_PANEL","b_SI_ZER","b_Si_MTRP","lambda1","lambda2","lambda3","lambda4","zeta_FRbr","zeta_EnfCond","zeta_AFrSem","zeta_CulFr","zeta_OmLmVel","zeta_IgPare","zeta_UsoCel","zeta_PasoPeaton","zeta_UsoDirec","zeta_UsoPito","zeta_PrPer","zeta_AmbTr","zeta_ComVrb","zeta_ComAfec","zeta_ConCl","zeta_Ans","zeta_StrC","tau_FRbr_1","tau_FRbr_2","tau_FRbr_3","tau_FRbr_4","tau_EnfCond_1","tau_EnfCond_2","tau_EnfCond_3","tau_EnfCond_4","tau_AFrSem_1","tau_AFrSem_2","tau_AFrSem_3","tau_AFrSem_4","tau_CulFr_1","tau_CulFr_2","tau_CulFr_3","tau_CulFr_4","tau_OmLmVel_1","tau_OmLmVel_2","tau_OmLmVel_3","tau_OmLmVel_4","tau_IgPare_1","tau_IgPare_2","tau_IgPare_3","tau_IgPare_4","tau_UsoCel_1","tau_UsoCel_2","tau_UsoCel_3","tau_UsoCel_4","tau_PasoPeaton_1","tau_PasoPeaton_2","tau_PasoPeaton_3","tau_PasoPeaton_4","tau_UsoDirec_1","tau_UsoDirec_2","tau_UsoDirec_3","tau_UsoDirec_4","tau_UsoPito_1","tau_UsoPito_2","tau_UsoPito_3","tau_UsoPito_4","tau_PrPer_1","tau_PrPer_2","tau_PrPer_3","tau_PrPer_4","tau_AmbTr_1","tau_AmbTr_2","tau_AmbTr_3","tau_AmbTr_4","tau_ComVrb_1","tau_ComVrb_2","tau_ComVrb_3","tau_ComVrb_4","tau_ComAfec_1","tau_ComAfec_2","tau_ComAfec_3","tau_ComAfec_4","tau_ConCl_1","tau_ConCl_2","tau_ConCl_3","tau_ConCl_4","tau_Ans_1","tau_Ans_2","tau_Ans_3","tau_Ans_4","tau_StrC_1","tau_StrC_2","tau_StrC_3","tau_StrC_4"
"asc_ruta1",1,0.782384256584215,0.601067712606488,0.363160573725332,0.110712359976325,-0.112186272817703,-0.107912468159776,0.145154506765905,-0.0580059254698261,0.019464427720666,-0.0688868073283359,0.0190016961717422,-0.0505912725581131,0.00168358380666416,0.040436595647505,-0.00478710439958648,-0.0032335981600706,0.0189519261723271,-0.00146045833986491,0.00102046895427206,-0.00121476164222477,0.00138056871934974,-0.00204595831816297,-0.00138742126895801,0.000401594212975162,-0.00114569938583882,0.00271690488429822,0.000176068489916733,-0.00134655113929344,0.0024464185862052,-0.00226192206597809,-0.00202944178170549,-0.00217958762915613,-0.00384084469566861,-0.00199819768036122,-0.00103937572071605,-0.00256163039511323,-0.00217748294863162,-0.000664429521975383,-0.00244657404937006,-0.000330678134668566,0.000295476162684508,0.00101902889791533,-0.0010184095795374,-0.00183107903876247,-0.00153034563612634,-0.000517811114810671,-0.000357779362789355,-0.000258965854544121,-0.000132903140195947,4.41522729052949e-05,-0.00131515573684663,-0.00201913879525517,-0.00174284081563064,-0.00132394875864639,-0.00158581457919905,-0.00130583020500275,-0.00112619981467096,-0.000722151504406245,0.000443716743606266,0.000280547909807562,0.000186194761244839,6.81047175908189e-05,0.000918606337809523,0.00156918003967361,0.00172200378221027,0.00169870832716556,6.65238492050547e-05,-0.000628009919383921,-0.000973280970274785,-0.00169459100867595,-0.00205955893634044,-0.0012435376325591,-0.000954648778628569,-7.15962829138906e-05,0.00147423376630012,-0.000665481550178204,-0.00105121688183935,-0.00068701289458274,0.00197362799867778,0.00261038384239058,0.00262732070714522,0.00245663495506728,-0.000259930647117394,2.59517802139497e-05,0.000488045523626361,0.000726302092358133,-0.00123681653453125,-0.000842545785179027,-0.000386511878499533,-0.000727413087873847,-0.00104802732216625,-0.000745645674517606,-0.000528283244561226,-0.00064054493971002,-0.000432674280754266,-0.00196762802040245,-0.00245728986081782,-0.0025225124519485,-0.0008348351557955,-0.00116945005296356,-0.000650690020169578,-0.000912591859429183
"asc_ruta2",0.782384256584215,1,0.585694910298193,0.16034957974879,0.0269033264721315,-0.0551172577573528,-0.0284703775231238,0.0605363956205429,-0.00291639012836603,0.0372299668543271,-0.00550031950276359,0.00935931465893115,-0.0151232119819814,0.0746986953055298,0.0191392590577014,0.00873706620588968,-0.00951686472448915,0.00922994892996163,-0.000929752852823952,0.000746775773359833,-0.000757976912230695,0.000390824092855,-0.00133624534598324,-0.00115114998210797,-0.00151483524595058,-0.00259589939475334,0.00160066895450014,0.000230818143448268,-0.00107759064388297,0.0014348038812367,-0.00165629356367557,-0.00202049519924833,-0.00163419674830948,-0.00197974576020822,-0.00092257973314079,-0.00091765721746135,-0.00187801808193296,-0.00161971773128637,-0.00058987104069594,-0.00188464256907319,-0.000323526426571872,8.89021565746846e-05,0.000547909386852642,-0.000926757528240618,-0.00131208218049309,-0.00112197719968036,-0.000435871920637541,-0.000164540029308755,-0.000138777562079254,-9.03293303660493e-05,-1.12576620839521e-05,-0.00109856826211837,-0.00146256326256629,-0.00129106511638451,-0.0010029110640514,-0.0012257732920487,-0.00120340769729101,-0.00111226080381686,-0.00084013184786615,0.00107326379976139,0.00149796186720967,0.00150306312340643,0.00108387859661599,0.000927584773829789,0.00232445270805074,0.00267182807027024,0.00277763182146268,0.000104284125872115,-0.000372396962170526,-0.000639329055882551,-0.00108693820731753,-0.00161769236625281,-0.000936381767136595,-0.000714114395834875,-0.00011127694580878,0.000853817398098279,-0.000694877613690253,-0.000921887833367753,-0.00089348055741261,0.00119120980289416,0.00150688740043975,0.00149383056750985,0.00125627278859889,-0.00016228803913876,5.09321956534968e-05,0.000404172058169539,0.000580169264609771,-0.00096586957936644,-0.00131963817341392,-0.00109576707207232,-0.00125466507772902,-0.0010377223663113,-0.000806204440031372,-0.000676866219729457,-0.000827188783980809,-0.000652336208478844,-0.0013799960868511,-0.00153736680559801,-0.00141187553014889,-0.000871173087383161,-0.000931936555563849,-0.000374072256045742,-0.000478261625247537
"asc_ruta4",0.601067712606488,0.585694910298193,1,-0.0342641197534037,0.179441254017922,0.0820912562676519,0.407235158050621,0.0331668814574972,-0.0171202659442118,0.0715472941332778,0.0290764181760485,0.0814562366414491,0.0246661122809386,-0.0376582881012748,0.113053553901559,0.0387013506158882,-0.183718901819595,0.406350050818916,-0.0037834163437138,0.00821565495324214,-0.00692135554248012,0.00761001812564182,-0.0239484484086003,-0.0305612822119379,-0.0246745978803841,-0.0134850328514268,-7.35652443524973e-05,-0.00773419864835283,-0.0206008684671931,0.0153783149644195,-0.00682862616740378,-0.0289945633511203,-0.00909901341326678,-0.0384279500873712,-0.0261550366462722,-0.0398176539672784,-0.0397905801966277,-0.0330416041325315,-0.0073095298905019,-0.0475177410110987,-0.0251791101320038,-0.0147324088717591,-0.000884010497823227,-0.0357907592298957,-0.0305145358945961,-0.0253284217657387,-0.0056507381035607,-0.00248984254029076,-0.00192817281410662,-0.00106822005021153,0.000198422035017943,-0.035981324101188,-0.0387884809407818,-0.034086962991241,-0.0254367871678766,-0.0350720362238345,-0.0400200893957065,-0.0383809272585411,-0.0295598537967282,0.00546140780969911,0.01512593006461,0.0164170517903819,0.0134111895356024,-0.012426676986256,0.00294876423209029,0.00887059592262919,0.0112447115845378,-0.00351442624559506,-0.00697523043676711,-0.0075089055766571,-0.00357362359901036,-0.0361753636104451,-0.0367300644353085,-0.0320134088942925,-0.0178386889020794,-0.0227470739465068,-0.0266239079327518,-0.0230656508070173,-0.0191335547161902,-0.00891322997700139,0.00265422870481571,0.00880634424710718,0.00998983164182974,-0.000826469185403106,0.000335166630498763,0.0022777946308155,0.00343357021812485,-0.00874192818072118,-0.0124149804754069,-0.00940625901377844,-0.0127180727080785,-0.00402242675139038,0.00160058800002484,0.00475861132035252,0.00380079436931165,-0.00191533500115777,-0.0153997287063285,-0.0226803502859519,-0.024894268125692,-0.00562386100958245,-0.0111626094465203,-0.0104296553129229,-0.0120053418638755
"b_tt",0.363160573725332,0.16034957974879,-0.0342641197534037,1,-0.273151245448885,-0.191257940851595,-0.289036594364343,-0.0474351349466526,-0.0394315701857331,0.0110050779420033,-0.0738867414012753,0.0135692749374089,-0.114348156511567,-0.0781299302201076,0.104749268579308,-0.0241606458409478,-0.0223871922796127,0.0635347991794259,-0.000945171312526552,0.00556180125555921,-0.000514827435053001,0.00391448512592641,-0.00462362238555399,-0.00422629448129997,0.00360596694473155,-0.00265792195184054,0.00390616752632589,0.00243687029436223,-0.00591707084615486,0.0063176148963915,-0.00273605468056018,-0.0049820328681771,-0.00834364181959027,-0.0145724368872377,-0.00810297435643494,-0.00587782865748237,-0.00853166953165794,-0.00688502595946372,-0.00142036832419284,-0.00943035386843597,-0.00229091270829329,5.31067928891259e-05,0.00260871528886856,-0.00575518073401096,-0.00549437002400794,-0.00435857164911752,-0.000367056604039331,-0.00127025887463685,-0.00100112981728946,-0.000555751498062771,0.000106585987037347,-0.00573281196330325,-0.00777800517619754,-0.00681911569813311,-0.00511034082404164,-0.00617938512339491,-0.00656843451500763,-0.00608091275371069,-0.00428371448738625,-0.00121627930679902,-0.00268917382104245,-0.00299072881143085,-0.00211952899615591,0.000387414177035254,0.00239648115911964,0.00279402759997532,0.00287129949523831,-0.000360149925122674,-0.00158229403107179,-0.0019025376471818,-0.00270942739873324,-0.00773955769386228,-0.00531016925890338,-0.004241642676972,-0.00110897731335189,-0.00231509245991102,-0.00627821431550939,-0.00606082828333825,-0.00452987901918721,0.000788380397624725,0.00400671566520708,0.00521016403794654,0.0053239491950421,-0.0002893736607438,0.000224482691096053,0.00100630645550354,0.00145086642037963,-0.0034661751671468,-0.000895603727678863,0.000417608573831146,-0.000668456700495763,-0.00318144547827572,-0.00262129825618127,-0.00214456466247731,-0.00248359139398173,-0.000174744913515319,-0.0056732304094959,-0.00837570521572178,-0.00940743975261211,-0.00215482460849937,-0.00355789117451692,-0.00270587039842746,-0.00356196614127629
"b_dt",0.110712359976325,0.0269033264721315,0.179441254017922,-0.273151245448885,1,-0.0335168852290671,-0.0313104060774329,0.300704250361766,-0.0722409478111544,-0.0133940516310753,-0.0936502137115619,0.0368658083002046,-0.0895906502659577,-0.103626348155434,-0.0465373306216796,-0.0273935046537455,0.0634252618486027,-0.0096501427449556,-0.00259820503275181,-0.00648589252493207,-0.000505763770273906,0.00023287805282404,0.00115657416083248,0.000970488226805603,-0.00210336636557696,0.0106478930263666,0.00398445505239649,-0.00437140409662214,0.00397019524381564,-0.00337436879725389,-0.000545266921530108,0.00702511325955118,0.0104630784658114,0.00624996967529513,0.00418257087559828,0.00458324639299411,0.00520490665188658,0.00399595681874937,0.000504406509901521,0.00659877928437713,0.00134166858522832,-0.000232425150968485,-0.00160712967980602,0.00338771069938609,0.00482482414409436,0.00419167887722034,0.0010178387081188,0.000273182252876507,0.000298720884264612,0.0001898676955784,1.07432776487722e-05,0.00381323724303124,0.00573104978747761,0.00520756694218097,0.0039516157861869,0.00440999460099515,0.0048561593570701,0.00465028121731077,0.00333789492970214,0.00166543063612603,0.00307890988599894,0.00320352482648567,0.00202028550345852,-0.000870944227729698,-0.00701215179578259,-0.00825238094008454,-0.00887916037387096,0.000274116358412842,-0.000127815789934863,-0.000800783549447336,-0.00235763227923675,0.00541024673895041,0.00329557241474977,0.00255476332137687,0.00070266234254772,0.00214245409611209,0.00545027380306617,0.00459303442850888,0.0044230442448532,0.000324377357113118,-0.00129039596053576,-0.00197700985471118,-0.00147839709089052,7.38618551921941e-05,-1.27626232168269e-06,-0.000177625378433086,-0.000310620948372128,0.000878844671807794,0.00263899069323151,0.00279549906315388,0.00328723152325934,0.00373329319102843,0.00457757399991455,0.00489425280100197,0.00536669680090426,-0.000539543225532435,0.000561844973062135,0.00167812856361188,0.00292825131147017,0.000641372642510702,0.000729270723582435,0.000480557623058232,0.0011561556963506
"b_CongCD",-0.112186272817703,-0.0551172577573528,0.0820912562676519,-0.191257940851595,-0.0335168852290671,1,0.523837881509505,0.00589130950938465,0.0792053145096367,0.0321703622969166,0.0733775997823642,-0.0111417762188622,0.0766223599670827,-0.0502552154557251,-0.11307428101653,0.0297509127472934,0.0100563895699379,-0.100864116578296,0.00264837938324189,0.00221000972476206,0.00228401542640164,0.0078095016014025,0.00526768291341084,0.00358717396700106,-0.00652136073679681,-0.0213100671313499,0.00125171670657387,0.000739412673266272,-0.00665414470409956,-0.00616381847647628,-0.00369923202051511,-0.0037125917475014,-0.00131478801863956,-0.00887618556179254,-0.0118122227643954,0.00683485878344903,0.00644017516208677,0.00487576423596712,0.000932293569431529,0.00757890786653253,0.00538848359138259,0.00331172789099773,0.00071615255244733,0.00667834448941642,0.00432197108796951,0.00306855428437347,0.00072059622591523,-0.00135976824167465,-0.00079709451253345,-0.000101426836340399,0.000545167745636402,0.00653621882099963,0.00536832787026537,0.00446670370232004,0.00342358768959284,0.00761829596231063,0.00319332789603199,0.00269576799278835,0.0018930010997697,0.00287016663402197,0.00475713758243568,0.00508612975439819,0.00379278864353708,0.00397780376607653,0.0148804570673473,0.0175210316097286,0.0194447487900706,-0.000372700328668427,-0.00107537339407569,-0.00161618943407159,-0.00223242584387846,0.00755262916065996,0.00465282406417102,0.00364654661478773,0.00112718468574543,0.00299480453745242,-0.00265770506552734,-0.00385295990190619,-0.00493535700037018,0.00186646140439932,-0.000366341713343462,-0.00204142716673007,-0.00316943065990073,-0.0010345092987669,-0.000839340692491893,-0.00032817272882705,5.72905020713821e-05,-0.000811227316328788,-0.000179889704228778,-0.000100982112796542,-0.000704271585150668,-0.00118803995814236,0.000824301449962128,0.00221880455599106,0.00185625794199279,0.000552116721594693,-0.00320081092108738,-0.00445874914412916,-0.00489600603078169,0.00331300435240464,-0.00273583025222013,-0.00560766445189373,-0.00561074982275425
"b_CongEF",-0.107912468159776,-0.0284703775231238,0.407235158050621,-0.289036594364343,-0.0313104060774329,0.523837881509505,1,-0.016507338219079,0.0329169306672058,0.0488600454847574,0.0385896556421896,-0.0221729905516694,0.100131925040999,0.0383681941992115,-0.152563726476932,0.0372600229637925,-0.0239148136808046,-0.120958214658034,0.00305466191505637,0.0029830017107525,0.00106655001769667,0.00428184044534208,0.0063081379646667,0.00455029638625827,-0.00468377317668544,-0.0249063569009691,0.0011086192310874,0.000605811477335785,-0.00189626917723464,-0.00789921198271993,-0.00281194128075357,-0.00924777511930334,-0.00451902987712416,-0.00268609143944373,-0.012162847186356,0.00956439352575074,0.00812655875606928,0.00605502306123479,0.00173906861774306,0.0103562923537819,0.00731953215360862,0.00468601505547022,0.00170947917704996,0.0104420440300756,0.00371318584744091,0.00200493670161609,5.44772703518049e-05,-6.29758737174937e-05,0.000444321798375792,0.000796469520023878,0.000669489919470705,0.00915030379358372,0.00679682791418453,0.00572020519478183,0.00448423821504598,0.0106045652684297,0.00439714747962353,0.00404110529794728,0.00331273558628648,0.00116414296525418,0.0028107693289102,0.00316206346491143,0.00251216160014405,0.00235235926818038,0.0163402507710251,0.0200593202569065,0.022765464460675,-0.00120732314600607,-0.00275428735919133,-0.00339003338040807,-0.00280886706999762,0.0102461000581142,0.00611441294053852,0.00479470136245015,0.00164452054972665,0.00841000834265313,0.00326319302296895,0.00165615899506782,0.000135777540095335,0.00482459346889408,0.000575835187117211,-0.00213003903921835,-0.00388447266358336,-0.00167557900340717,-0.00185257890855605,-0.0015462921902501,-0.00118098125750747,0.00397836872825155,-0.00105257558789738,-0.00217672608741044,-0.0033941136270705,0.000752956557380539,0.000982539422129536,0.00175846735014575,0.00119444436820963,0.00330957009288422,0.00306460940174209,0.00345838665604723,0.00224161814027742,0.00727014819123439,0.0014772194802232,-0.0031436936081918,-0.00399129842561929
"b_Sem",0.145154506765905,0.0605363956205429,0.0331668814574972,-0.0474351349466526,0.300704250361766,0.00589130950938465,-0.016507338219079,1,-0.0818016055863665,0.0248906186235328,-0.0752187892588598,-0.038393736720592,-0.0627082291273739,-0.118165727776711,0.0677683312856213,-0.080603230490422,0.0664498789535765,0.00508787538363073,-0.00453424852539295,-0.00375177901170829,-0.00377446682050304,-0.00102833241828134,-2.10176211881029e-05,0.00178384350317021,-0.000589167523675994,0.00443212018495391,0.00301001567177267,-0.00107150167960034,-0.000338837676042982,1.0276064503447e-05,0.00175378585473987,0.0116137406965131,0.00368024727920717,0.00483462119854742,-0.00500839545566842,0.00441489293390989,0.00132015155102886,0.000465823237769502,-0.00115693691815959,0.00396260473705323,0.00150896617519593,0.000792104309465876,-5.60813099578418e-05,0.00416006006282766,0.000522576473582594,8.002434795042e-05,-0.00168256514823027,0.000602492884399978,0.000659173320149261,0.0005196230869513,0.000114614605272436,0.00265263792715824,0.00361381986178618,0.003429733855067,0.00275581225383269,0.00203623655512833,0.0045508026472759,0.00446154925024033,0.00356449196589419,0.00283545360678036,0.0023439074447156,0.00200374850352755,0.00112617031763055,0.00450940740218951,3.59938018158395e-05,-0.00171360279884236,-0.00302089304341132,0.00166090403767957,0.00149086228794718,0.000959199776349178,-0.000765273918084756,0.00228530121650809,0.00308312290986312,0.00279058632587906,0.00189682907467486,0.00345220731015414,0.00189145573425206,0.000755883010534623,0.000790371999063566,0.00272890330106879,0.00213881914306204,0.00169151987518787,0.00190676363077558,-0.000106192154221184,-0.000468732779264276,-0.00101681031454008,-0.00123535178923092,0.00359492158964318,0.00940334567378342,0.00979400610722418,0.00938505980629979,0.00311828532813755,0.00194009699161614,0.00234963423630083,0.00291249271664067,0.00198263253638482,0.00354032368574366,0.00443675936781831,0.00388728887188336,0.00537257176268354,0.00122425280297377,-0.00358847409642332,-0.00332650683419124
"b_ACC_1",-0.0580059254698261,-0.00291639012836603,-0.0171202659442118,-0.0394315701857331,-0.0722409478111544,0.0792053145096367,0.0329169306672058,-0.0818016055863665,1,0.114877709222578,-0.0337845306535337,-0.0403700691560334,-0.0187209951949268,0.0471582950316483,0.0241243676611929,0.0773490194124792,-0.0938947190831347,0.002123129133925,0.00284508282765921,0.00614009712235471,-0.000437079233376835,-0.00172621133131077,-0.00440600515028794,-0.00351920021489141,0.00909323458542109,-0.0147114445295497,-0.0088838876093667,0.00211072419779892,-0.00290919552723103,0.00234463196734318,0.00309967799913614,-0.0167414117289825,-0.0135621789077146,-0.00406917628258373,-8.49741882008476e-05,-0.00717999245244607,-0.00632848334517588,-0.00489017149890462,-2.52114630104716e-07,-0.00912735910917691,-0.00270666476673387,-0.000685175062267823,0.00161771147566853,-0.00539433934316475,-0.00665479217452421,-0.00589404667398867,-0.00136707434544449,-0.000176768054222646,-0.000320560698021392,-0.000254764489752229,-0.000154460073759454,-0.00516043300400117,-0.00872059284244906,-0.00786476177613958,-0.00601990829245653,-0.00610207112747121,-0.00715127939718738,-0.00682866087571528,-0.00511387019750506,-0.00428830393293843,-0.00810357052153101,-0.00835329979091873,-0.00559969725574924,0.00230108434928341,0.0109233980013508,0.0129532526483739,0.0142007871564629,0.0003807156849443,0.00256380891283586,0.00412228602253414,0.00735343020310234,-0.00657330450921171,-0.00569353377208291,-0.0049481324459819,-0.00242522941683883,0.000172536140449396,-0.00315178253168664,-0.00270735883916768,-0.00330790920467164,0.00139591836456945,0.00213491328653973,0.00214530320269365,0.000887140440247733,0.000320431925126054,0.000115036261972628,-0.000115276166785253,-0.000137724497120067,-0.00290600613824494,-0.00994460551714612,-0.0102708728702057,-0.0106580241282678,-0.00659672893699272,-0.00660919885701075,-0.00648010093008313,-0.00725220627055533,-0.0030170320630735,-0.00202250110355949,-0.00123794779542724,-0.00115022160736143,-0.00415669342267649,-0.00120681026515796,0.00300311262573899,0.00215786327698389
"b_ACC_2",0.019464427720666,0.0372299668543271,0.0715472941332778,0.0110050779420033,-0.0133940516310753,0.0321703622969166,0.0488600454847574,0.0248906186235328,0.114877709222578,1,-0.0175197044847394,0.0407819649997768,-0.0203955755513802,-0.0317166295048162,0.0526789854012504,-0.00415632648198997,-0.0370283012328212,0.0421728666012584,-0.000611380826686654,0.00365353524884024,-0.000207570074233262,0.00256213976092663,-0.00307266932740499,-0.00420662961133032,-0.00183250234159119,0.000747639242183249,0.00311373192911592,0.00120088516939469,-0.00468725246101659,0.0011221023078964,-0.00264370251901439,2.25318052052079e-05,-0.00119114154526658,-0.0104751565869405,-0.00862839736907092,-0.00332201205221197,-0.00460989258472082,-0.00377126474355993,-0.000540280009749527,-0.00539537066993051,-0.000498533468810524,0.000872302410494928,0.00225334637085634,-0.0033644362193784,-0.00252400901763206,-0.00189694341762412,0.000161216904454341,-0.000719520736842461,-0.000516626323787078,-0.000235871673762985,0.000109283589595977,-0.00292329716941717,-0.00421877638034086,-0.00371078534206669,-0.00278891962401578,-0.00271259971044616,-0.00481831293889987,-0.00463092689284588,-0.00358363161174783,0.000742520641117851,0.00137437903752834,0.00147111012060632,0.00120905428935426,-0.000621197450531058,-0.00040097213541662,-0.000245848334334251,-0.000388367147505513,-0.000237726968013527,-0.001304205321271,-0.00179480500429834,-0.00239140216557081,-0.00421789348463508,-0.00271024412254614,-0.00208053255813573,-0.000368713642573583,-0.000375071100274239,-0.00337302438743151,-0.00342056645358715,-0.0030825236682668,0.00106462321954676,0.00216393205759023,0.00260821991541091,0.00233314365342721,-0.000309565965266763,0.000174461744217326,0.000730751329418212,0.000980575962842073,-0.00228840545730984,0.00163162622011921,0.00280752668139468,0.0021016701772833,-0.000769310386992224,0.000485637232001036,0.0016424477283402,0.00157436655614569,0.00031724032047251,-0.00380973289105644,-0.00614438477675535,-0.00708484094199838,-0.000117618133092029,-0.00332827172632185,-0.00463884529328015,-0.00471992947827786
"b_SI_CAMFD",-0.0688868073283359,-0.00550031950276359,0.0290764181760485,-0.0738867414012753,-0.0936502137115619,0.0733775997823642,0.0385896556421896,-0.0752187892588598,-0.0337845306535337,-0.0175197044847394,1,-0.0780131847846736,0.109897079826021,0.07941595341407,-0.035539980231785,-0.0393576502683482,0.0196896087106572,0.0371982864662763,0.00173372146139266,-0.000653785846412212,0.000901061674513574,0.00213757073653382,0.00288974768811357,0.000860344209540294,-0.0113673523639076,0.00925232422026443,0.00908787553343781,0.000313200087659497,-0.00320108574394818,0.00135493333719252,-6.51870549972002e-05,0.00222288977432052,0.00339872190025234,-0.000687314823057993,-0.00280640464635197,-0.00287330678356407,-0.0012153342567577,-0.00104494607147008,-0.000197879208974628,-0.00163708573930682,-0.00311908412704061,-0.00316909797334845,-0.00243141033271148,-0.00247663751357129,-0.00138361120345335,-0.00130545202617777,-0.000378918881591357,-0.000336311062067433,-8.10890762401965e-05,8.19751912280045e-05,0.000162597251793428,-0.00290985810941807,-0.000304390006641324,-1.77599656237373e-05,0.000294428809100611,-0.0023165657805092,-0.0015470169592524,-0.0014751348364041,-0.00104156197788812,0.00441365532146494,0.00882919531273916,0.00908181462945088,0.00645992002592995,-0.00406814864772073,-0.00786208239088373,-0.00865490430610048,-0.00964822216965871,-0.00153182324436111,-0.00491249837873422,-0.00651737132471746,-0.00852041199425844,-0.00152485926057157,-0.00228367324534827,-0.00207794884512678,-0.00140028259813399,-0.00518606395983651,-0.00376165693480723,-0.00295323080645695,-0.00218938680330319,-0.00271982426930515,-0.000342136756939583,0.00103967191149894,0.00176337160141851,-0.000168417455727094,-0.000331386062177201,-0.000411488814806739,-0.000327970252235984,0.00153090182579293,0.00203131072800951,0.00195763214361601,0.00201275021341908,0.00285991942321619,0.00288703862939092,0.0026001253068427,0.00259438056155785,0.000916363075534374,9.25005138762585e-05,-0.000385050379584966,-0.000378605431438081,0.0020308933732173,0.000834049408587523,-0.00165851783733667,-0.00186849423477006
"b_SI_PANEL",0.0190016961717422,0.00935931465893115,0.0814562366414491,0.0135692749374089,0.0368658083002046,-0.0111417762188622,-0.0221729905516694,-0.038393736720592,-0.0403700691560334,0.0407819649997768,-0.0780131847846736,1,0.0148093300534856,-0.0727605704741468,0.0330496713526196,-0.0220139635691582,-0.0337361929971587,0.0189812852159333,-0.000132109057684948,0.00154214935367542,0.000558531875431081,-0.00051846203652201,-0.00146874176836089,-0.00209766859331802,-0.00253883484381628,-1.27129354537734e-05,-0.00394796733809124,0.00104135262974617,-0.00610304627453601,0.000357192567791996,0.00393879724729239,-0.000346167662912946,0.00174236172954987,-0.00623028338465252,-0.0052490109427229,-0.000913778134872571,-0.00107916947647894,-0.000730360662397118,0.000145800265494322,-0.00154861076529433,0.000694237616767906,0.00118386044872788,0.00142382059632706,-0.00126701464976106,0.000370661981315706,0.000474024041459299,0.000784643646745073,-0.000159934002125229,-0.00015428728388593,-0.000131711611300724,-7.2234800919583e-05,-0.000476787070585525,-0.00129446408585917,-0.00111929770847672,-0.000839555188658526,-0.000441750892144268,-0.00184457221518895,-0.00176731929240008,-0.00138852677642468,0.00142641873953971,0.00197060346428884,0.00205632436063559,0.00162525561269199,0.000960552791220333,0.000645548395096756,0.000218654962572509,4.78211092288643e-05,0.000762949953044173,0.00198197878479152,0.00252200759666186,0.00353819495030793,-0.00153410658373955,-0.00019560026526944,1.40942281917891e-05,0.000480114778103544,0.000650898509428773,-0.0044552158084303,-0.00466927446565401,-0.00439557890490813,0.00161333606056719,0.00197317874969997,0.00225846776558741,0.00200506153430649,0.000468420416327259,0.000172672587482282,-0.000439464041070075,-0.000733259103923299,-0.00063066023596664,0.0005563274345195,0.00127513138056667,0.000947033613589218,0.000658783362989239,0.0017352356457035,0.00265652181012835,0.00276632495947401,0.000754172146675282,-0.00157951609441705,-0.00335362954722554,-0.0045111743691997,0.000514372687623933,-0.00167059358492516,-0.00314109614470559,-0.0031727909062373
"b_SI_ZER",-0.0505912725581131,-0.0151232119819814,0.0246661122809386,-0.114348156511567,-0.0895906502659577,0.0766223599670827,0.100131925040999,-0.0627082291273739,-0.0187209951949268,-0.0203955755513802,0.109897079826021,0.0148093300534856,1,-0.0383588910513175,-0.0110417869017048,0.014753826466884,0.0158418834007151,-0.0433038327219423,-0.00145548346504121,-0.00109223355099784,0.00120178997052364,0.00156282198631033,0.00293478509992589,0.00435489890454603,-0.0049604312656553,-0.00516901512792067,0.00289465217859722,0.000552304726763288,0.0031756352943185,-0.00115333039055851,-0.00236386262626991,0.00186352995724854,-0.0011814711007413,0.00288983810180596,0.00483322808289553,0.00111136799510601,-0.00156762706529229,-0.00168463510145259,-0.00181972352315551,0.000288743662696926,-0.00128110706031021,-0.00159123635622864,-0.00164317025264339,-0.000926908535807983,0.000607013868552663,0.000524088309418888,0.000244568753474569,-0.000494998196809418,-0.000503682047536443,-0.000346621295470064,-3.23312602078535e-05,-0.00117747337802148,0.00144600963396323,0.00157199113673002,0.0014344714628808,-0.0021647106654584,0.00295268601763948,0.00305334229629033,0.00269564196811039,0.00274436004675735,0.00397690599358593,0.00391073900810586,0.00254810936776341,0.00241873376168532,0.00412822196930189,0.00443587403216218,0.00420162552358128,-2.01228785226842e-06,-0.00100560717219221,-0.00163892698109891,-0.00314055222136649,0.000255680312429314,-0.000304515976306746,-0.000301202315506061,-0.000409645482747793,0.000571226328584617,0.00184640675896923,0.00229631920801894,0.00181593194326035,-0.000685691485859996,-0.00175016414942094,-0.00219250249108014,-0.00226275107768691,1.75116658978449e-05,0.000446117287313295,0.000940801807313213,0.00101593907611231,-0.00138637006525426,-0.000628388506910023,-0.000372080495541937,0.000142342410965043,-0.00257453514749069,-0.00252576156019962,-0.0023805931101358,-0.00232331838797349,-0.00086949330089904,0.000434891281955522,0.000599921203171316,0.000847027742087384,-0.0022208794020878,-0.000303897278724819,0.00167907418638447,0.00203488421107703
"b_Si_MTRP",0.00168358380666416,0.0746986953055298,-0.0376582881012748,-0.0781299302201076,-0.103626348155434,-0.0502552154557251,0.0383681941992115,-0.118165727776711,0.0471582950316483,-0.0317166295048162,0.07941595341407,-0.0727605704741468,-0.0383588910513175,1,-0.0204728713652728,0.0152607818738875,0.0532960234438394,-0.0893504934464751,0.000158758785300812,-0.0037957921409634,-0.000325323912880378,-0.000774180717568969,0.00363450074147074,0.00685463517634135,0.00606289616351422,-0.00313392418329992,-0.00104522503866666,0.00069657788184451,0.00815385490098444,-0.00129941862732945,-0.00102498738970924,0.00372698185730822,0.0032687878805306,0.0130629034697278,0.0102638800187559,0.00838057352092933,0.00807042248394101,0.00661585020386347,0.00177572611558915,0.0105355616199059,0.00406496379551301,0.00192419006019897,-0.000543697861709677,0.00841216734000791,0.00486499029435836,0.00377885328794038,0.000430519821225466,0.000813053449687931,0.000810911146678519,0.000630791139323161,0.000159712252365565,0.00782377181961886,0.0075883181844684,0.00662901703974324,0.00492667625766946,0.00697253231944584,0.00918210336996758,0.00889052104321098,0.00698071693613053,-0.0030333596959861,-0.00497084088808232,-0.00498035963734431,-0.00378308235970292,0.00113117310938985,0.00179643946776791,0.00216777610804162,0.00286760803390653,-0.000267461435552789,0.000337978493493472,0.00072777670787372,0.000661244793460693,0.00748286282939037,0.00743220054816354,0.00643843637833694,0.00359614232776564,0.00676713645764296,0.0091626751348318,0.00769544312906271,0.00584760147832154,0.00356190336221513,0.000837158947935667,-0.00112132120394101,-0.00202689780860752,-0.000515909479134136,-0.00076624265273405,-0.000896655767441328,-0.000940588780005601,0.00501063193186732,0.00125660587666411,-0.000837634909030299,-0.000660557953468629,0.00331412875789714,0.00137323453521072,-0.000236303208775229,-0.00073548022571097,0.0017223731735876,0.00651027402709489,0.00912536083455194,0.00901969093497814,0.00260303480618287,0.00567202119256053,0.00565889396629456,0.0057817860424992
"lambda1",0.040436595647505,0.0191392590577014,0.113053553901559,0.104749268579308,-0.0465373306216796,-0.11307428101653,-0.152563726476932,0.0677683312856213,0.0241243676611929,0.0526789854012504,-0.035539980231785,0.0330496713526196,-0.0110417869017048,-0.0204728713652728,1,-0.521317838362252,0.0672242187138775,0.364428903072865,-0.0222436927874068,0.0185954000664646,-0.0126823863919048,0.0323553078748554,-0.0283595461916968,-0.0170060366339472,0.0053610528055283,0.00535400823648606,0.0169695440504527,0.0125202502505914,-0.0416814168514324,0.0174111530956241,-0.0072188250552353,0.00200597824612149,-0.0154188562401579,-0.0751445622417798,-0.0622296144912979,-0.0110671501029401,-0.0431210998919131,-0.0375905586385044,-0.0131443892802287,-0.0331585577683407,-0.00563908010548336,0.00503760703360755,0.0150830872090617,-0.0147778322506595,-0.0240368449278809,-0.0195943789842163,-0.00488063086670822,-0.0067444679949902,-0.00397750514157425,-0.00107298039603633,0.00209355622264081,-0.0162613069815885,-0.0314925055041778,-0.0267416262684723,-0.0193077971125047,-0.0234337460526996,-0.0199399149569166,-0.018182348085067,-0.0122080859560151,0.00601200280235048,0.000724650264025036,-0.000634419007012593,-0.00103978803267674,0.0181046885772588,0.00830215812225749,0.00330277968271472,-0.000866831628822014,0.00487930930588499,0.00204644180463237,0.000516074562943871,-0.00705453191311727,-0.0305011057337789,-0.0161408745009301,-0.0116241595725082,0.00142414538174252,-0.0126701067416232,-0.0366141890126885,-0.0370422271085104,-0.0294914393102295,0.00289932200139332,0.0150266476421787,0.0209149990169527,0.0240564616293502,-0.00279969182425015,-0.00205485896629449,-0.0007259950757284,0.000778525516494711,-0.000105901448356399,0.0237065603672489,0.0303320528980485,0.0236780427756125,0.00346678081393914,0.00606736720873136,0.0128640070842931,0.0139740226668132,0.0162308392311189,-0.0114152479713972,-0.0301727200309501,-0.0435560853403359,0.0120848767557205,-0.00883802895887095,-0.0254383907011192,-0.0278586637749527
"lambda2",-0.00478710439958648,0.00873706620588968,0.0387013506158882,-0.0241606458409478,-0.0273935046537455,0.0297509127472934,0.0372600229637925,-0.080603230490422,0.0773490194124792,-0.00415632648198997,-0.0393576502683482,-0.0220139635691582,0.014753826466884,0.0152607818738875,-0.521317838362252,1,-0.566103373481828,-0.205021441840724,0.0228760311361653,0.0100567956189502,0.014070670861632,-0.0247825150323914,0.00191450484764566,-0.00590173145029497,-0.00446876154190209,-0.0304363970051516,-0.00886451862650273,-0.00126095093389282,0.0124017927495901,0.00395189083069044,-0.00816926621758698,-0.062624969348828,-0.0154697350568098,0.0232511344249626,0.0429502260250693,-0.0235632116908431,0.00362004116935356,0.00651228624322383,0.00704770823704836,-0.0174452947327684,-0.00747255111333741,-0.00632632646353354,-0.0043394359860815,-0.0205735636206387,0.000846980332313195,0.0015277034133141,0.00421647009219261,0.00127239952822423,-0.00150613468636941,-0.00308601912949598,-0.00293373195087035,-0.0137175953715349,-0.00978801595408307,-0.00977232425302945,-0.00913016541565415,-0.0119379065183131,-0.0140556202145036,-0.0141699377761444,-0.0133712290743417,-0.0020393010769497,0.000953386335712146,0.0024861050651539,0.00315836319133172,-0.00791115819071261,0.0178174373100583,0.0266935835938085,0.0298938357744803,-0.00270772884245079,-0.00173792929693282,-0.000425158766126453,0.00541057960819189,-0.00782292182711106,-0.0132458825955748,-0.0125667310465318,-0.0107787350985818,0.00956370294979258,0.00851861851978953,0.0109317417366995,0.00782618396457781,0.00678080215876334,0.00431518191755322,0.00274408260304701,-0.00201394748782747,0.00326672447348115,0.00644870582936267,0.0104169631720214,0.0111767270013458,-0.0269602998380527,-0.0613156185418227,-0.0654007329067764,-0.0597692830288903,-0.026497188754524,-0.0175300635135825,-0.020642729924961,-0.0246822439825326,-0.0350697152530317,-0.0186345105065883,-0.00435780811844049,0.0118919210108506,-0.0424784355343737,-0.0149081170556165,0.0213773975070154,0.0226292967019014
"lambda3",-0.0032335981600706,-0.00951686472448915,-0.183718901819595,-0.0223871922796127,0.0634252618486027,0.0100563895699379,-0.0239148136808046,0.0664498789535765,-0.0938947190831347,-0.0370283012328212,0.0196896087106572,-0.0337361929971587,0.0158418834007151,0.0532960234438394,0.0672242187138775,-0.566103373481828,1,0.000582451057883399,-0.0139676500955929,-0.0216522756795312,-0.00396071376566964,0.012656088412122,0.00197935479344833,0.00716742964291147,0.0187920252502764,-0.0148202167102671,-0.0421508857200924,-0.00737002527220036,0.0127296080154757,-0.00504031285440151,0.0153685936933976,0.0249895446877223,0.00984832297559244,-0.00963117900801212,-0.0157697493783394,0.0261347723706534,0.00842031610452056,0.0044020908470792,-0.00097729084052624,0.0296627870318485,0.00358175111702986,-0.000982751126561958,-0.00443844317188404,0.0217378169267579,0.00942271316753612,0.00768839143707948,0.00336238726792697,0.000349392900659318,0.00199911623588789,0.00280542059088846,0.00208172449623835,0.0196799822059396,0.0152478761032918,0.0141262323500425,0.012170170779984,0.0198253874432644,0.0161244340712036,0.0156166187359631,0.0136238436399372,0.000386787344075862,-0.00991670964291404,-0.0131054621037798,-0.0118982853789883,0.0266543595837753,0.0240723230834333,0.0173116410799245,0.0135082095630891,0.00959241490979495,0.0263966398997109,0.0338674221286494,0.0394625103099862,0.0200967113010445,0.0141953620848265,0.0119663607215727,0.00663619005490624,-0.00716475973010873,0.0135864389476694,0.00790601890755107,0.0044271003048527,-0.00982500897931776,-0.0100341624968749,-0.0125744666494506,-0.00904047526876662,-0.00169113876766081,-0.00469995953988227,-0.00824738663682047,-0.00963518870488221,0.0223853885022205,0.03034294567043,0.0305118913334537,0.027439668199062,0.0194226572638138,0.0143013783882613,0.015174246293829,0.0168755422709918,0.0247372600259544,0.016295972814975,0.00781749094441327,-0.00105156357095852,0.0286378536019869,0.0170509195071966,-0.00149478397942059,-0.0019568346578635
"lambda4",0.0189519261723271,0.00922994892996163,0.406350050818916,0.0635347991794259,-0.0096501427449556,-0.100864116578296,-0.120958214658034,0.00508787538363073,0.002123129133925,0.0421728666012584,0.0371982864662763,0.0189812852159333,-0.0433038327219423,-0.0893504934464751,0.364428903072865,-0.205021441840724,0.000582451057883399,1,-0.0150342884014086,0.00623034136435343,-0.0206684526543762,0.0145608108226536,-0.0510007331252396,-0.0609929100076147,-0.0374913530343748,-0.0030512502818324,-0.0183408066775468,-0.0164663013662336,-0.0330964318999803,0.0389354785652845,-0.00300606785568529,-0.0344664499691892,-0.0112674037470244,-0.0747935964224819,-0.0446196984223778,-0.0798219625349898,-0.0821409935488918,-0.0685508008848655,-0.0169044877016722,-0.0942224063382669,-0.0553208341332572,-0.0335786058030474,-0.00489524889742311,-0.0715565180552756,-0.0642759056335655,-0.0530023614185885,-0.0146914497095322,-0.00897529215231742,-0.00903302437330259,-0.00696430244622775,-0.00165307134585087,-0.0738590882744884,-0.0762845124451514,-0.066682382420711,-0.0495962183967749,-0.0735454628321575,-0.0762810197824566,-0.0730580903620345,-0.0561494099762558,0.0203310058026829,0.0333875164612824,0.0330724318658141,0.024598504139421,-0.00294054596766,0.00971654802903399,0.0118290303979057,0.00786303562979502,0.00418400848838801,0.010391373738818,0.0137571914249463,0.021041229510986,-0.0755337748196446,-0.0715852838173019,-0.0616934230534028,-0.0329771404293878,-0.0605308099997292,-0.0533130927278626,-0.0457837472115414,-0.0375632875799425,-0.0300027087653693,-0.00146313594013304,0.0136264050995378,0.0191759257481174,0.00510115848941373,0.00866171077242762,0.0114376279264195,0.0122447396860311,-0.0454368040713809,-0.0296310301620293,-0.0162479484820082,-0.0178854523020724,-0.0273616583908485,-0.0124733813217959,-0.00284278762079542,-0.000824695932146202,-0.0284800375849852,-0.0567756046574496,-0.0684899335375025,-0.0638444216092131,-0.0362532915035768,-0.0451367719281171,-0.0350955213543483,-0.0338409797660869
