"","asc_ruta1","asc_ruta2","asc_ruta3","b_time","b_dist","b_cong","b_Sem_1","b_Sem_2","b_Sem_3","b_Sem_4","b_ACC_1","b_ACC_2","b_SI_CAMFD","b_SI_PANEL","b_SI_ZER","b_CSECO","b_Hvalle","b_Joven30","b_Adulto40","b_Adulto60","b_USOCINTURON","b_USODISPMOB","b_HTRB_1","b_HTRB_2","b_HTRB_3","b_EduSuperior","b_Exper_2","b_Exper_3","b_Exper_4","b_Exper_5","b_Info_traf"
"asc_ruta1",1,0.950104949941113,0.917544747296123,0.13608413478874,-0.126479785004316,0.0728579657698617,0.0387612274032599,0.0756635122478182,0.0856072189757252,0.0849981940870934,0.101072435097841,-0.0052038450265459,-0.00952039602997433,-0.0803381323448462,0.013536491695205,0.399715278882694,0.143224065546014,0.311642928919067,0.482889843646382,0.489102545702608,0.231517227249074,0.113922944819322,0.000152069302988291,0.142165918785813,0.307434342588574,0.149268487463612,0.308123241112896,0.327757341083199,0.475051550117995,0.565970777642045,0.0900719421118918
"asc_ruta2",0.950104949941113,1,0.909364362456678,0.0876892316816443,-0.150582377612127,0.0949070467653013,0.0530994795095621,0.0619780418905176,0.0497083528899393,0.039318251449633,0.118437016735273,-0.0176868403153897,0.0168427178676922,-0.0777535846397931,0.0239811651648993,0.379533247954951,0.151871291045118,0.303160819867147,0.47166425631547,0.483723712199787,0.243763836564435,0.100882981560774,0.000143833815088499,0.142175108267181,0.305188864494255,0.143766097591248,0.296436013197453,0.321486506710507,0.460360371065892,0.550981196723617,0.0975327770401674
"asc_ruta3",0.917544747296123,0.909364362456678,1,0.037121866678625,-0.144841843758231,0.0919914614817667,0.0463874588305797,0.0743247298360086,0.0415674073561928,0.010947725836479,0.119727716058677,-0.0419907876685994,0.014276071176452,-0.0798047563005932,0.016891188672994,0.369783867081175,0.15165200226177,0.285515736926786,0.452523005637304,0.469373529295284,0.247483162964624,0.0981962871447881,0.000152263603962533,0.136691057288452,0.287233081095878,0.135157787409704,0.292033666637793,0.303490800355137,0.444097290945615,0.531556102969776,0.0995780114941093
"b_time",0.13608413478874,0.0876892316816443,0.037121866678625,1,-0.324786121759474,-0.402620500405717,0.110688473533438,0.0303904143407184,0.0202771689063705,-0.00588982904290128,-0.0946295854301188,0.114659604507029,-0.0791620000555826,0.0532761680179721,-0.0830110942846732,0.0992584131139668,-0.0807227871302597,-0.00923464900512404,0.0675559233753628,0.00257485686562792,-0.119439911420086,0.0419308298557011,0.000134260015262787,0.0882775493750222,0.0684094936910491,-0.0246875876374507,0.0280189216121175,-0.00770430714573102,0.0421081736176113,-0.0210794966977084,-0.0127001244905449
"b_dist",-0.126479785004316,-0.150582377612127,-0.144841843758231,-0.324786121759474,1,0.0690647865411573,-0.0426293229704207,-0.00883573395749912,-0.0151859158114804,-0.0316306295363388,0.0381546769614455,0.25880245203566,-0.0515453987144569,0.0118279546544558,-0.00358798596665698,-0.0935434499388615,-0.0510416822402023,0.0495979419819981,0.0513539236247205,0.0387197469200386,0.0310361677293108,0.0551091500340883,-1.78030887252206e-05,-0.0839633694633735,-0.0909806129447372,-0.0450816427692153,-0.0347432539490939,0.0027454144591778,-0.0211111603937589,-0.004615567575993,-0.0325868496710901
"b_cong",0.0728579657698617,0.0949070467653013,0.0919914614817667,-0.402620500405717,0.0690647865411573,1,-0.0114329029625703,-0.00413492560344686,0.0485211864961148,0.00897705386903679,0.0518433304169692,-0.0122637647789206,0.00790580636712474,-0.0691435048069791,0.0845222981716883,-0.115085313073659,-0.0802459169510323,0.171189764662823,0.0913932851327332,0.110022581793565,0.142241411446571,-0.0860895706438925,-0.000267229179148594,-0.0370311841582068,0.0691646831025328,0.0383388251394618,-0.00310267862078394,0.104215260045497,0.0395525422566296,0.0493562196563619,0.0495119141665473
"b_Sem_1",0.0387612274032599,0.0530994795095621,0.0463874588305797,0.110688473533438,-0.0426293229704207,-0.0114329029625703,1,0.650544482378323,0.491655256204158,0.41678158116644,-0.0473109565271048,0.0581730939897087,0.0272712778316703,0.0890696354370192,-0.0284055806038591,0.026726781597532,0.0239686612481828,-0.00411665251994333,0.0639723829296846,0.0247518920136852,0.0211794814118949,-0.0797014614503219,1.54187688499851e-05,0.0275391861943164,0.0441743441168498,0.026587084724087,0.0221308831587141,0.0216263518230895,-0.017370750226394,-0.0327309334092035,0.0379378592733235
"b_Sem_2",0.0756635122478182,0.0619780418905176,0.0743247298360086,0.0303904143407184,-0.00883573395749912,-0.00413492560344686,0.650544482378323,1,0.702892489444449,0.608102910278061,-0.0161751909769135,0.0236135691448362,-0.000669300454751994,0.0774807302982158,-0.0204486402081666,0.0719569682838736,0.0379427957650086,0.0105024015114368,-0.0126093668071113,-0.013203030001237,0.0066922381162593,-0.0335370588105386,-7.9804205241107e-06,0.0665567577272478,0.00722928414820683,0.0720602248097115,0.0581819444409445,0.0340321037402656,0.0579524120262458,0.027813208324961,0.00440495413760889
"b_Sem_3",0.0856072189757252,0.0497083528899393,0.0415674073561928,0.0202771689063705,-0.0151859158114804,0.0485211864961148,0.491655256204158,0.702892489444449,1,0.734432668386293,-0.0532536823275627,-0.0239481870461321,-0.0600711188900344,0.0360127355952044,-0.0234447293595426,0.103979510893643,0.0377565337388667,0.0214351456781278,-0.0192599744984905,-0.0437934142771019,-0.0496574599621975,0.00595314853663048,-3.0846562554952e-05,-0.00613361724026577,0.0370143974717063,0.104822433954102,0.0620803242485132,0.0634762168832347,0.0536102221602607,0.0597953519963969,-0.028000788537675
"b_Sem_4",0.0849981940870934,0.039318251449633,0.010947725836479,-0.00588982904290128,-0.0316306295363388,0.00897705386903679,0.41678158116644,0.608102910278061,0.734432668386293,1,-0.0576757920015125,-0.0583905982093566,-0.0289707287874397,0.0244948271222762,-0.0762031777694013,0.0756461743911355,0.0438767917327444,0.014464199010591,-0.0179389759750803,-0.0432046683897728,-0.0657270244222221,-0.00220239909764624,-1.99624034048669e-05,0.0277135022425433,0.0736425510250152,0.118683642138155,0.0602794678609029,0.0847103422784466,0.0551739807134723,0.083404567984039,-0.0148371128053343
"b_ACC_1",0.101072435097841,0.118437016735273,0.119727716058677,-0.0946295854301188,0.0381546769614455,0.0518433304169692,-0.0473109565271048,-0.0161751909769135,-0.0532536823275627,-0.0576757920015125,1,0.0902938677227199,-0.0527178666778933,-0.075332008256607,-0.00972124959299267,0.0323358197709455,0.0274709642570865,0.062002312321987,0.0959268589109621,0.059729091434793,0.075417845384755,0.0670753491857617,-4.04759136216822e-05,0.0435581815098834,0.00281668682982956,-0.0191059435010802,-0.0323941419995167,-0.034533148824433,-0.0552160100005733,0.0470908557734521,0.0334919768659292
"b_ACC_2",-0.0052038450265459,-0.0176868403153897,-0.0419907876685994,0.114659604507029,0.25880245203566,-0.0122637647789206,0.0581730939897087,0.0236135691448362,-0.0239481870461321,-0.0583905982093566,0.0902938677227199,1,-0.0361688848824625,0.0218094443194174,-0.0628070925821257,-0.017805706468563,-0.0781188440324851,0.0357883244641183,0.0707493394435124,0.0210111602151738,-0.00347199048313246,0.0276127665203602,-1.65852192765816e-05,-0.0167968328883519,-0.0503252328925474,-0.0239645126345148,-0.00207568471943604,0.0112699419751192,0.0260617086125537,0.00533424873545284,0.00798300013723285
"b_SI_CAMFD",-0.00952039602997433,0.0168427178676922,0.014276071176452,-0.0791620000555826,-0.0515453987144569,0.00790580636712474,0.0272712778316703,-0.000669300454751994,-0.0600711188900344,-0.0289707287874397,-0.0527178666778933,-0.0361688848824625,1,-0.0522440075986068,0.0882759557218242,-0.0335447260921311,-0.011518577017452,0.0917211772791921,-0.0078428902800988,0.0273425196002369,-0.0458497098977501,-0.00406942346332648,-0.000307761724890751,0.065968553981969,0.0262070363105391,0.0466748605087168,-0.0425919132738283,0.072748725147521,0.0924886064716361,0.0806277786095007,-0.0262517055805895
"b_SI_PANEL",-0.0803381323448462,-0.0777535846397931,-0.0798047563005932,0.0532761680179721,0.0118279546544558,-0.0691435048069791,0.0890696354370192,0.0774807302982158,0.0360127355952044,0.0244948271222762,-0.075332008256607,0.0218094443194174,-0.0522440075986068,1,0.00988021877885847,0.00164415572023024,-0.00581631421526758,0.00765948918917677,-0.0303951262835265,-0.0404505244654544,-0.0186327219452927,-0.0446475359550938,3.89361377224994e-05,-0.0757671549702148,-0.0263146968421146,-0.062209165050947,-0.00300812628194755,-0.0381289403267837,0.0244130416560106,0.0108709046317046,-0.0879486334127231
"b_SI_ZER",0.013536491695205,0.0239811651648993,0.016891188672994,-0.0830110942846732,-0.00358798596665698,0.0845222981716883,-0.0284055806038591,-0.0204486402081666,-0.0234447293595426,-0.0762031777694013,-0.00972124959299267,-0.0628070925821257,0.0882759557218242,0.00988021877885847,1,0.0035405596349551,-0.0769743220289075,0.00959914084718622,-0.0480812232033595,-0.0138643795344924,0.0463726807894923,0.0645574421616869,-0.000117488093488772,-0.0166761025219798,-0.0262635873615693,0.0372083035125207,0.0498013205980476,0.024230120087974,0.0442540144729941,0.0655731172193384,0.0183821136874787
"b_CSECO",0.399715278882694,0.379533247954951,0.369783867081175,0.0992584131139668,-0.0935434499388615,-0.115085313073659,0.026726781597532,0.0719569682838736,0.103979510893643,0.0756461743911355,0.0323358197709455,-0.017805706468563,-0.0335447260921311,0.00164415572023024,0.0035405596349551,1,0.0276686298284979,-0.0256323963761397,0.0702101379438353,-0.0191812348113873,-0.202060571197994,0.0466998565775407,-4.10441507503968e-05,-0.0750165632346047,-0.0436674172333961,0.0256164730253217,0.0181169120713578,-0.0181932394567982,0.0598054497797179,0.05476164874253,0.015903975878981
"b_Hvalle",0.143224065546014,0.151871291045118,0.15165200226177,-0.0807227871302597,-0.0510416822402023,-0.0802459169510323,0.0239686612481828,0.0379427957650086,0.0377565337388667,0.0438767917327444,0.0274709642570865,-0.0781188440324851,-0.011518577017452,-0.00581631421526758,-0.0769743220289075,0.0276686298284979,1,-0.0349507800265181,0.0394590700042541,0.0322670198976305,-0.0708882761183769,0.0155302336411548,0.000191667604775465,0.0341908788761028,0.0574522220978005,0.0636335379744006,-0.0068859907438771,-0.114702547700039,-0.0371176903513225,-0.0161080376411742,0.0325626222600829
"b_Joven30",0.311642928919067,0.303160819867147,0.285515736926786,-0.00923464900512404,0.0495979419819981,0.171189764662823,-0.00411665251994333,0.0105024015114368,0.0214351456781278,0.014464199010591,0.062002312321987,0.0357883244641183,0.0917211772791921,0.00765948918917677,0.00959914084718622,-0.0256323963761397,-0.0349507800265181,1,0.50892776806449,0.468327405340692,0.00708111698789633,-0.146457279518918,-0.000907703687754224,-0.0310487452630104,-0.0312813999364094,-0.036440226150054,-0.318872748479771,0.0970670875479937,0.107071287124343,0.179511146826779,0.0864562032018829
"b_Adulto40",0.482889843646382,0.47166425631547,0.452523005637304,0.0675559233753628,0.0513539236247205,0.0913932851327332,0.0639723829296846,-0.0126093668071113,-0.0192599744984905,-0.0179389759750803,0.0959268589109621,0.0707493394435124,-0.0078428902800988,-0.0303951262835265,-0.0480812232033595,0.0702101379438353,0.0394590700042541,0.50892776806449,1,0.724178715764257,-0.0783087820610613,-0.240890469757073,-3.57575790616709e-05,-0.0244872953283375,-0.00403147189981933,-0.00900833616801275,-0.0598390230098859,0.0453383520840076,0.0454464102612626,0.16665145843043,0.123111749400678
"b_Adulto60",0.489102545702608,0.483723712199787,0.469373529295284,0.00257485686562792,0.0387197469200386,0.110022581793565,0.0247518920136852,-0.013203030001237,-0.0437934142771019,-0.0432046683897728,0.059729091434793,0.0210111602151738,0.0273425196002369,-0.0404505244654544,-0.0138643795344924,-0.0191812348113873,0.0322670198976305,0.468327405340692,0.724178715764257,1,-0.0903877357775152,-0.105242609856359,5.89267243648522e-05,0.0155991207511829,0.0438425991199769,-0.0345165728469963,0.0461553841098147,0.0312699787199172,0.0646744567634242,0.11429413107332,0.07245372560929
"b_USOCINTURON",0.231517227249074,0.243763836564435,0.247483162964624,-0.119439911420086,0.0310361677293108,0.142241411446571,0.0211794814118949,0.0066922381162593,-0.0496574599621975,-0.0657270244222221,0.075417845384755,-0.00347199048313246,-0.0458497098977501,-0.0186327219452927,0.0463726807894923,-0.202060571197994,-0.0708882761183769,0.00708111698789633,-0.0783087820610613,-0.0903877357775152,1,0.0705180354473729,-0.000130838753072347,0.0184175456587135,0.112499643645963,-0.165299249654676,-0.0316416450548514,-0.0360810543747911,-0.0196560355853019,-0.0298741041696805,0.0367658590414713
"b_USODISPMOB",0.113922944819322,0.100882981560774,0.0981962871447881,0.0419308298557011,0.0551091500340883,-0.0860895706438925,-0.0797014614503219,-0.0335370588105386,0.00595314853663048,-0.00220239909764624,0.0670753491857617,0.0276127665203602,-0.00406942346332648,-0.0446475359550938,0.0645574421616869,0.0466998565775407,0.0155302336411548,-0.146457279518918,-0.240890469757073,-0.105242609856359,0.0705180354473729,1,-0.000186795156344953,-0.0513645122501536,9.51005502031758e-05,0.0386546825838604,0.0120647273675631,-0.0438495010878396,0.0574525781106119,0.0341237578209489,-0.133210885530745
"b_HTRB_1",0.000152069302988291,0.000143833815088499,0.000152263603962533,0.000134260015262787,-1.78030887252206e-05,-0.000267229179148594,1.54187688499851e-05,-7.9804205241107e-06,-3.0846562554952e-05,-1.99624034048669e-05,-4.04759136216822e-05,-1.65852192765816e-05,-0.000307761724890751,3.89361377224994e-05,-0.000117488093488772,-4.10441507503968e-05,0.000191667604775465,-0.000907703687754224,-3.57575790616709e-05,5.89267243648522e-05,-0.000130838753072347,-0.000186795156344953,1,0.000258504312307242,0.000360084474086584,-0.000333100465705818,0.000770991419735455,0.000174187538787627,0.000279049234577289,0.000282546472667603,-0.00052089375549667
"b_HTRB_2",0.142165918785813,0.142175108267181,0.136691057288452,0.0882775493750222,-0.0839633694633735,-0.0370311841582068,0.0275391861943164,0.0665567577272478,-0.00613361724026577,0.0277135022425433,0.0435581815098834,-0.0167968328883519,0.065968553981969,-0.0757671549702148,-0.0166761025219798,-0.0750165632346047,0.0341908788761028,-0.0310487452630104,-0.0244872953283375,0.0155991207511829,0.0184175456587135,-0.0513645122501536,0.000258504312307242,1,0.311350272975147,0.0788719941400641,0.0562955846671731,0.0291191488998623,0.0911876498054292,0.0729478782180634,-0.100645891596629
"b_HTRB_3",0.307434342588574,0.305188864494255,0.287233081095878,0.0684094936910491,-0.0909806129447372,0.0691646831025328,0.0441743441168498,0.00722928414820683,0.0370143974717063,0.0736425510250152,0.00281668682982956,-0.0503252328925474,0.0262070363105391,-0.0263146968421146,-0.0262635873615693,-0.0436674172333961,0.0574522220978005,-0.0312813999364094,-0.00403147189981933,0.0438425991199769,0.112499643645963,9.51005502031758e-05,0.000360084474086584,0.311350272975147,1,0.0425865398817656,0.0272116124174617,0.00972281966789354,0.0878174207495325,0.0247054445996187,-0.0833735408202116
"b_EduSuperior",0.149268487463612,0.143766097591248,0.135157787409704,-0.0246875876374507,-0.0450816427692153,0.0383388251394618,0.026587084724087,0.0720602248097115,0.104822433954102,0.118683642138155,-0.0191059435010802,-0.0239645126345148,0.0466748605087168,-0.062209165050947,0.0372083035125207,0.0256164730253217,0.0636335379744006,-0.036440226150054,-0.00900833616801275,-0.0345165728469963,-0.165299249654676,0.0386546825838604,-0.000333100465705818,0.0788719941400641,0.0425865398817656,1,0.117779568370642,0.174799973398318,0.152765941797091,0.205110600553228,-0.0634382958272107
"b_Exper_2",0.308123241112896,0.296436013197453,0.292033666637793,0.0280189216121175,-0.0347432539490939,-0.00310267862078394,0.0221308831587141,0.0581819444409445,0.0620803242485132,0.0602794678609029,-0.0323941419995167,-0.00207568471943604,-0.0425919132738283,-0.00300812628194755,0.0498013205980476,0.0181169120713578,-0.0068859907438771,-0.318872748479771,-0.0598390230098859,0.0461553841098147,-0.0316416450548514,0.0120647273675631,0.000770991419735455,0.0562955846671731,0.0272116124174617,0.117779568370642,1,0.366710748283646,0.430472084629559,0.485135338638716,-0.103499668676033
"b_Exper_3",0.327757341083199,0.321486506710507,0.303490800355137,-0.00770430714573102,0.0027454144591778,0.104215260045497,0.0216263518230895,0.0340321037402656,0.0634762168832347,0.0847103422784466,-0.034533148824433,0.0112699419751192,0.072748725147521,-0.0381289403267837,0.024230120087974,-0.0181932394567982,-0.114702547700039,0.0970670875479937,0.0453383520840076,0.0312699787199172,-0.0360810543747911,-0.0438495010878396,0.000174187538787627,0.0291191488998623,0.00972281966789354,0.174799973398318,0.366710748283646,1,0.475948198005391,0.561629702362665,0.00386627686144288
"b_Exper_4",0.475051550117995,0.460360371065892,0.444097290945615,0.0421081736176113,-0.0211111603937589,0.0395525422566296,-0.017370750226394,0.0579524120262458,0.0536102221602607,0.0551739807134723,-0.0552160100005733,0.0260617086125537,0.0924886064716361,0.0244130416560106,0.0442540144729941,0.0598054497797179,-0.0371176903513225,0.107071287124343,0.0454464102612626,0.0646744567634242,-0.0196560355853019,0.0574525781106119,0.000279049234577289,0.0911876498054292,0.0878174207495325,0.152765941797091,0.430472084629559,0.475948198005391,1,0.655678386895668,-0.0625499452780027
"b_Exper_5",0.565970777642045,0.550981196723617,0.531556102969776,-0.0210794966977084,-0.004615567575993,0.0493562196563619,-0.0327309334092035,0.027813208324961,0.0597953519963969,0.083404567984039,0.0470908557734521,0.00533424873545284,0.0806277786095007,0.0108709046317046,0.0655731172193384,0.05476164874253,-0.0161080376411742,0.179511146826779,0.16665145843043,0.11429413107332,-0.0298741041696805,0.0341237578209489,0.000282546472667603,0.0729478782180634,0.0247054445996187,0.205110600553228,0.485135338638716,0.561629702362665,0.655678386895668,1,-0.0520647960295157
"b_Info_traf",0.0900719421118918,0.0975327770401674,0.0995780114941093,-0.0127001244905449,-0.0325868496710901,0.0495119141665473,0.0379378592733235,0.00440495413760889,-0.028000788537675,-0.0148371128053343,0.0334919768659292,0.00798300013723285,-0.0262517055805895,-0.0879486334127231,0.0183821136874787,0.015903975878981,0.0325626222600829,0.0864562032018829,0.123111749400678,0.07245372560929,0.0367658590414713,-0.133210885530745,-0.00052089375549667,-0.100645891596629,-0.0833735408202116,-0.0634382958272107,-0.103499668676033,0.00386627686144288,-0.0625499452780027,-0.0520647960295157,1
