Model run using Apollo for R, version 0.0.8 
www.ApolloChoiceModelling.com

Model name                       : MNL_Modelo_5
Model description                : MNL modelo 5
Model run at                     : 2020-02-29 21:10:53
Estimation method                : bfgs
Model diagnosis                  : successful convergence 
Number of individuals            : 282
Number of observations           : 282

Number of cores used             :  1 
Model without mixing

LL(start)                        : -390.935
LL(0)                            : -390.935
LL(final)                        : -287.6168
Rho-square (0)                   :  0.2643 
Adj.Rho-square (0)               :  0.185 
AIC                              :  637.23 
BIC                              :  750.13 
Estimated parameters             :  31
Time taken (hh:mm:ss)            :  00:01:17.33 
Iterations                       :  51 

Estimates:
                Estimate Std.err. t.ratio(0) Rob.std.err. Rob.t.ratio(0)
asc_ruta1        -0.4980   0.6904      -0.72       0.7398          -0.67
asc_ruta2        -1.5003   0.7022      -2.14       0.7556          -1.99
asc_ruta3        -2.1214   0.7144      -2.97       0.7360          -2.88
asc_rutaEC        0.0000       NA         NA           NA             NA
b_time            0.0703   0.0270       2.60       0.0352           2.00
b_dist           -0.3050   0.1187      -2.57       0.1158          -2.63
b_cong            0.0280   0.0871       0.32       0.0956           0.29
b_Sem_0           0.0000       NA         NA           NA             NA
b_Sem_1           0.2346   0.5175       0.45       0.4295           0.55
b_Sem_2           0.3688   0.3665       1.01       0.3172           1.16
b_Sem_3           0.5684   0.3644       1.56       0.2945           1.93
b_Sem_4           0.8700   0.4070       2.14       0.3144           2.77
b_ACC_0           0.0000       NA         NA           NA             NA
b_ACC_1          -0.4418   0.3175      -1.39       0.3365          -1.31
b_ACC_2          -3.0977   1.1871      -2.61       0.9875          -3.14
b_NO_CAMFD        0.0000       NA         NA           NA             NA
b_SI_CAMFD       -0.6718   0.2915      -2.30       0.2689          -2.50
b_NO_PANEL        0.0000       NA         NA           NA             NA
b_SI_PANEL       -0.4148   0.2196      -1.89       0.1884          -2.20
b_NO_ZER          0.0000       NA         NA           NA             NA
b_SI_ZER         -0.0373   0.2616      -0.14       0.2605          -0.14
b_CSECO           0.1897   0.3574       0.53       0.3663           0.52
b_CLLUVIA         0.0000       NA         NA           NA             NA
b_Hpico           0.0000       NA         NA           NA             NA
b_Hvalle          0.0607   0.2785       0.22       0.2815           0.22
b_Joven30        -1.9001   0.7462      -2.55       0.7256          -2.62
b_Adulto40       -0.6630   0.4764      -1.39       0.4989          -1.33
b_Adulto60       -0.5749   0.4059      -1.42       0.4311          -1.33
b_AdultoMayor     0.0000       NA         NA           NA             NA
b_USOCINTURON     0.0033   0.3331       0.01       0.3437           0.01
b_NOUSOCINTURON   0.0000       NA         NA           NA             NA
b_USODISPMOB     -0.2160   0.2943      -0.73       0.2840          -0.76
b_NOUSODISPMOB    0.0000       NA         NA           NA             NA
b_HTRB_1        -11.2576 575.8653      -0.02       1.2985          -8.67
b_HTRB_2          0.4696   0.5644       0.83       0.5539           0.85
b_HTRB_3          0.3051   0.2801       1.09       0.2837           1.08
b_HTRB_4          0.0000       NA         NA           NA             NA
b_EduBasica       0.0000       NA         NA           NA             NA
b_EduSuperior     0.1801   0.3646       0.49       0.3794           0.47
b_Exper_1         0.0000       NA         NA           NA             NA
b_Exper_2         0.8882   0.5546       1.60       0.5611           1.58
b_Exper_3        -0.1670   0.5578      -0.30       0.5469          -0.31
b_Exper_4        -0.1199   0.4816      -0.25       0.4701          -0.26
b_Exper_5        -0.4771   0.4109      -1.16       0.3961          -1.20
b_Info_traf       0.2134   0.3421       0.62       0.3615           0.59
b_NoInfo_traf     0.0000       NA         NA           NA             NA

Overview of choices for MNL model component:
                                  ruta1 ruta2  ruta3 rutaEC
Times available                  282.00 282.0 282.00 282.00
Times chosen                      83.00  33.0  18.00 148.00
Percentage chosen overall         29.43  11.7   6.38  52.48
Percentage chosen when available  29.43  11.7   6.38  52.48


Classical covariance matrix:
              asc_ruta1 asc_ruta2 asc_ruta3    b_time    b_dist    b_cong   b_Sem_1   b_Sem_2   b_Sem_3
asc_ruta1      0.476669  0.460637  0.452558  0.002539 -0.010362  0.004381  0.013850  0.019145  0.021539
asc_ruta2      0.460637  0.493125  0.456200  0.001664 -0.012548  0.005804  0.019298  0.015951  0.012721
asc_ruta3      0.452558  0.456200  0.510360  0.000717 -0.012279  0.005723  0.017151  0.019460  0.010822
b_time         0.002539  0.001664  0.000717  0.000730 -0.001042 -0.000948  0.001548  0.000301  0.000200
b_dist        -0.010362 -0.012548 -0.012279 -0.001042  0.014082  0.000714 -0.002618 -0.000384 -0.000657
b_cong         0.004381  0.005804  0.005723 -0.000948  0.000714  0.007585 -0.000515 -0.000132  0.001540
b_Sem_1        0.013850  0.019298  0.017151  0.001548 -0.002618 -0.000515  0.267847  0.123391  0.092729
b_Sem_2        0.019145  0.015951  0.019460  0.000301 -0.000384 -0.000132  0.123391  0.134315  0.093878
b_Sem_3        0.021539  0.012721  0.010822  0.000200 -0.000657  0.001540  0.092729  0.093878  0.132807
b_Sem_4        0.023885  0.011238  0.003183 -0.000065 -0.001528  0.000318  0.087794  0.090710  0.108937
b_ACC_1        0.022155  0.026406  0.027156 -0.000812  0.001438  0.001433 -0.007774 -0.001882 -0.006162
b_ACC_2       -0.004265 -0.014744 -0.035611  0.003679  0.036458 -0.001268  0.035740  0.010273 -0.010360
b_SI_CAMFD    -0.001916  0.003447  0.002973 -0.000624 -0.001783  0.000201  0.004114 -0.000071 -0.006381
b_SI_PANEL    -0.012182 -0.011992 -0.012522  0.000316  0.000308 -0.001323  0.010125  0.006237  0.002883
b_SI_ZER       0.002445  0.004406  0.003157 -0.000587 -0.000111  0.001926 -0.003846 -0.001961 -0.002235
b_CSECO        0.098636  0.095259  0.094420  0.000959 -0.003968 -0.003582  0.004944  0.009426  0.013544
b_Hvalle       0.027537  0.029700  0.030170 -0.000608 -0.001687 -0.001946  0.003454  0.003872  0.003832
b_Joven30      0.160561  0.158864  0.152210 -0.000186  0.004392  0.011126 -0.001590  0.002872  0.005829
b_Adulto40     0.158833  0.157796  0.154015  0.000870  0.002903  0.003792  0.015773 -0.002202 -0.003344
b_Adulto60     0.137054  0.137867  0.136095  0.000028  0.001865  0.003889  0.005199 -0.001964 -0.006477
b_USOCINTURON  0.053246  0.057022  0.058895 -0.001075  0.001227  0.004127  0.003651  0.000817 -0.006028
b_USODISPMOB   0.023145  0.020847  0.020643  0.000333  0.001924 -0.002206 -0.012138 -0.003617  0.000638
b_HTRB_1       0.060460  0.058165  0.062641  0.002090 -0.001217 -0.013402  0.004595 -0.001684 -0.006473
b_HTRB_2       0.055397  0.056349  0.055114  0.001347 -0.005623 -0.001820  0.008044  0.013767 -0.001262
b_HTRB_3       0.059448  0.060023  0.057471  0.000518 -0.003024  0.001687  0.006403  0.000742  0.003778
b_EduSuperior  0.037575  0.036809  0.035204 -0.000243 -0.001951  0.001217  0.005017  0.009629  0.013928
b_Exper_2      0.117974  0.115441  0.115697  0.000420 -0.002286 -0.000150  0.006352  0.011825  0.012546
b_Exper_3      0.126218  0.125922  0.120933 -0.000116  0.000182  0.005063  0.006243  0.006957  0.012903
b_Exper_4      0.157967  0.155702  0.152804  0.000548 -0.001207  0.001659 -0.004330  0.010229  0.009410
b_Exper_5      0.160567  0.158990  0.156042 -0.000234 -0.000225  0.001766 -0.006961  0.004189  0.008954
b_Info_traf    0.021277  0.023433  0.024339 -0.000117 -0.001323  0.001475  0.006718  0.000552 -0.003491
                b_Sem_4   b_ACC_1   b_ACC_2 b_SI_CAMFD b_SI_PANEL  b_SI_ZER   b_CSECO  b_Hvalle b_Joven30
asc_ruta1      0.023885  0.022155 -0.004265  -0.001916  -0.012182  0.002445  0.098636  0.027537  0.160561
asc_ruta2      0.011238  0.026406 -0.014744   0.003447  -0.011992  0.004406  0.095259  0.029700  0.158864
asc_ruta3      0.003183  0.027156 -0.035611   0.002973  -0.012522  0.003157  0.094420  0.030170  0.152210
b_time        -0.000065 -0.000812  0.003679  -0.000624   0.000316 -0.000587  0.000959 -0.000608 -0.000186
b_dist        -0.001528  0.001438  0.036458  -0.001783   0.000308 -0.000111 -0.003968 -0.001687  0.004392
b_cong         0.000318  0.001433 -0.001268   0.000201  -0.001323  0.001926 -0.003582 -0.001946  0.011126
b_Sem_1        0.087794 -0.007774  0.035740   0.004114   0.010125 -0.003846  0.004944  0.003454 -0.001590
b_Sem_2        0.090710 -0.001882  0.010273  -0.000071   0.006237 -0.001961  0.009426  0.003872  0.002872
b_Sem_3        0.108937 -0.006162 -0.010360  -0.006381   0.002883 -0.002235  0.013544  0.003832  0.005829
b_Sem_4        0.165664 -0.007453 -0.028213  -0.003437   0.002190 -0.008115  0.011005  0.004973  0.004393
b_ACC_1       -0.007453  0.100801  0.034031  -0.004878  -0.005253 -0.000807  0.003669  0.002429  0.014690
b_ACC_2       -0.028213  0.034031  1.409216  -0.012515   0.005686 -0.019507 -0.007555 -0.025825  0.031703
b_SI_CAMFD    -0.003437 -0.004878 -0.012515   0.084955  -0.003345  0.006732 -0.003495 -0.000935  0.019950
b_SI_PANEL     0.002190 -0.005253  0.005686  -0.003345   0.048240  0.000568  0.000129 -0.000356  0.001255
b_SI_ZER      -0.008115 -0.000807 -0.019507   0.006732   0.000568  0.068450  0.000331 -0.005608  0.001874
b_CSECO        0.011005  0.003669 -0.007555  -0.003495   0.000129  0.000331  0.127748  0.002754 -0.006837
b_Hvalle       0.004973  0.002429 -0.025825  -0.000935  -0.000356 -0.005608  0.002754  0.077552 -0.007263
b_Joven30      0.004393  0.014690  0.031703   0.019950   0.001255  0.001874 -0.006837 -0.007263  0.556864
b_Adulto40    -0.003479  0.014510  0.040013  -0.001089  -0.003180 -0.005993  0.011955  0.005235  0.180932
b_Adulto60    -0.007137  0.007697  0.010123   0.003235  -0.003606 -0.001472 -0.002783  0.003647  0.141843
b_USOCINTURON -0.008912  0.007976 -0.001373  -0.004452  -0.001363  0.004042 -0.024058 -0.006576  0.001760
b_USODISPMOB  -0.000264  0.006267  0.009646  -0.000349  -0.002886  0.004970  0.004912  0.001273 -0.032161
b_HTRB_1      -0.004679 -0.007400 -0.011338  -0.051657   0.004925 -0.017701 -0.008448  0.030737 -0.390067
b_HTRB_2       0.006366  0.007805 -0.011254   0.010852  -0.009392 -0.002462 -0.015133  0.005374 -0.013077
b_HTRB_3       0.008395  0.000250 -0.016732   0.002139  -0.001619 -0.001924 -0.004371  0.004481 -0.006538
b_EduSuperior  0.017613 -0.002212 -0.010372   0.004960  -0.004982  0.003549  0.003338  0.006461 -0.009915
b_Exper_2      0.013606 -0.005704 -0.001366  -0.006885  -0.000366  0.007226  0.003591 -0.001063 -0.131961
b_Exper_3      0.019231 -0.006115  0.007462   0.011827  -0.004671  0.003536 -0.003627 -0.017817  0.040403
b_Exper_4      0.010816 -0.008443  0.014901   0.012984   0.002583  0.005576  0.010295 -0.004978  0.038483
b_Exper_5      0.013949  0.006144  0.002602   0.009657   0.000981  0.007050  0.008043 -0.001843  0.055045
b_Info_traf   -0.002066  0.003638  0.003242  -0.002618  -0.006609  0.001645  0.001945  0.003103  0.022074
              b_Adulto40 b_Adulto60 b_USOCINTURON b_USODISPMOB      b_HTRB_1  b_HTRB_2  b_HTRB_3
asc_ruta1       0.158833   0.137054      0.053246     0.023145      0.060460  0.055397  0.059448
asc_ruta2       0.157796   0.137867      0.057022     0.020847      0.058165  0.056349  0.060023
asc_ruta3       0.154015   0.136095      0.058895     0.020643      0.062641  0.055114  0.057471
b_time          0.000870   0.000028     -0.001075     0.000333      0.002090  0.001347  0.000518
b_dist          0.002903   0.001865      0.001227     0.001924     -0.001217 -0.005623 -0.003024
b_cong          0.003792   0.003889      0.004127    -0.002206     -0.013402 -0.001820  0.001687
b_Sem_1         0.015773   0.005199      0.003651    -0.012138      0.004595  0.008044  0.006403
b_Sem_2        -0.002202  -0.001964      0.000817    -0.003617     -0.001684  0.013767  0.000742
b_Sem_3        -0.003344  -0.006477     -0.006028     0.000638     -0.006473 -0.001262  0.003778
b_Sem_4        -0.003479  -0.007137     -0.008912    -0.000264     -0.004679  0.006366  0.008395
b_ACC_1         0.014510   0.007697      0.007976     0.006267     -0.007400  0.007805  0.000250
b_ACC_2         0.040013   0.010123     -0.001373     0.009646     -0.011338 -0.011254 -0.016732
b_SI_CAMFD     -0.001089   0.003235     -0.004452    -0.000349     -0.051657  0.010852  0.002139
b_SI_PANEL     -0.003180  -0.003606     -0.001363    -0.002886      0.004925 -0.009392 -0.001619
b_SI_ZER       -0.005993  -0.001472      0.004042     0.004970     -0.017701 -0.002462 -0.001924
b_CSECO         0.011955  -0.002783     -0.024058     0.004912     -0.008448 -0.015133 -0.004371
b_Hvalle        0.005235   0.003647     -0.006576     0.001273      0.030737  0.005374  0.004481
b_Joven30       0.180932   0.141843      0.001760    -0.032161     -0.390067 -0.013077 -0.006538
b_Adulto40      0.226971   0.140028     -0.012428    -0.033772     -0.009810 -0.006584 -0.000538
b_Adulto60      0.140028   0.164729     -0.012220    -0.012570      0.013773  0.003573  0.004984
b_USOCINTURON  -0.012428  -0.012220      0.110965     0.006913     -0.025099  0.003463  0.010496
b_USODISPMOB   -0.033772  -0.012570      0.006913     0.086595     -0.031654 -0.008531  0.000008
b_HTRB_1       -0.009810   0.013773     -0.025099    -0.031654 331620.840350  0.084018  0.058076
b_HTRB_2       -0.006584   0.003573      0.003463    -0.008531      0.084018  0.318540  0.049216
b_HTRB_3       -0.000538   0.004984      0.010496     0.000008      0.058076  0.049216  0.078442
b_EduSuperior  -0.001565  -0.005108     -0.020076     0.004147     -0.069938  0.016230  0.004349
b_Exper_2      -0.015810   0.010389     -0.005845     0.001969      0.246219  0.017620  0.004226
b_Exper_3       0.012048   0.007079     -0.006704    -0.007197      0.055950  0.009167  0.001519
b_Exper_4       0.010428   0.012643     -0.003154     0.008143      0.077396  0.024788  0.011846
b_Exper_5       0.032625   0.019062     -0.004089     0.004126      0.066860  0.016918  0.002843
b_Info_traf     0.020067   0.010061      0.004190    -0.013412     -0.102630 -0.019435 -0.007989
              b_EduSuperior b_Exper_2 b_Exper_3 b_Exper_4 b_Exper_5 b_Info_traf
asc_ruta1          0.037575  0.117974  0.126218  0.157967  0.160567    0.021277
asc_ruta2          0.036809  0.115441  0.125922  0.155702  0.158990    0.023433
asc_ruta3          0.035204  0.115697  0.120933  0.152804  0.156042    0.024339
b_time            -0.000243  0.000420 -0.000116  0.000548 -0.000234   -0.000117
b_dist            -0.001951 -0.002286  0.000182 -0.001207 -0.000225   -0.001323
b_cong             0.001217 -0.000150  0.005063  0.001659  0.001766    0.001475
b_Sem_1            0.005017  0.006352  0.006243 -0.004330 -0.006961    0.006718
b_Sem_2            0.009629  0.011825  0.006957  0.010229  0.004189    0.000552
b_Sem_3            0.013928  0.012546  0.012903  0.009410  0.008954   -0.003491
b_Sem_4            0.017613  0.013606  0.019231  0.010816  0.013949   -0.002066
b_ACC_1           -0.002212 -0.005704 -0.006115 -0.008443  0.006144    0.003638
b_ACC_2           -0.010372 -0.001366  0.007462  0.014901  0.002602    0.003242
b_SI_CAMFD         0.004960 -0.006885  0.011827  0.012984  0.009657   -0.002618
b_SI_PANEL        -0.004982 -0.000366 -0.004671  0.002583  0.000981   -0.006609
b_SI_ZER           0.003549  0.007226  0.003536  0.005576  0.007050    0.001645
b_CSECO            0.003338  0.003591 -0.003627  0.010295  0.008043    0.001945
b_Hvalle           0.006461 -0.001063 -0.017817 -0.004978 -0.001843    0.003103
b_Joven30         -0.009915 -0.131961  0.040403  0.038483  0.055045    0.022074
b_Adulto40        -0.001565 -0.015810  0.012048  0.010428  0.032625    0.020067
b_Adulto60        -0.005108  0.010389  0.007079  0.012643  0.019062    0.010061
b_USOCINTURON     -0.020076 -0.005845 -0.006704 -0.003154 -0.004089    0.004190
b_USODISPMOB       0.004147  0.001969 -0.007197  0.008143  0.004126   -0.013412
b_HTRB_1          -0.069938  0.246219  0.055950  0.077396  0.066860   -0.102630
b_HTRB_2           0.016230  0.017620  0.009167  0.024788  0.016918   -0.019435
b_HTRB_3           0.004349  0.004226  0.001519  0.011846  0.002843   -0.007989
b_EduSuperior      0.132934  0.023814  0.035549  0.026826  0.030730   -0.007914
b_Exper_2          0.023814  0.307542  0.113433  0.114978  0.110553   -0.019638
b_Exper_3          0.035549  0.113433  0.311117  0.127862  0.128726    0.000738
b_Exper_4          0.026826  0.114978  0.127862  0.231973  0.129767   -0.010307
b_Exper_5          0.030730  0.110553  0.128726  0.129767  0.168853   -0.007320
b_Info_traf       -0.007914 -0.019638  0.000738 -0.010307 -0.007320    0.117060

Robust covariance matrix:
              asc_ruta1 asc_ruta2 asc_ruta3    b_time    b_dist    b_cong   b_Sem_1   b_Sem_2   b_Sem_3
asc_ruta1      0.547256  0.534135  0.496377  0.005357 -0.021285  0.010071  0.020739  0.008969  0.023226
asc_ruta2      0.534135  0.570894  0.506224  0.003921 -0.022728  0.011762  0.016301  0.003697  0.012818
asc_ruta3      0.496377  0.506224  0.541663  0.000269 -0.017779  0.011377  0.012142  0.010500  0.014083
b_time         0.005357  0.003921  0.000269  0.001237 -0.001732 -0.001461  0.003317  0.001411  0.000751
b_dist        -0.021285 -0.022728 -0.017779 -0.001732  0.013408  0.000647 -0.009738 -0.006371 -0.003430
b_cong         0.010071  0.011762  0.011377 -0.001461  0.000647  0.009132 -0.001691 -0.000751  0.000385
b_Sem_1        0.020739  0.016301  0.012142  0.003317 -0.009738 -0.001691  0.184504  0.092487  0.068171
b_Sem_2        0.008969  0.003697  0.010500  0.001411 -0.006371 -0.000751  0.092487  0.100594  0.067318
b_Sem_3        0.023226  0.012818  0.014083  0.000751 -0.003430  0.000385  0.068171  0.067318  0.086706
b_Sem_4        0.021387  0.008039  0.010704 -0.000889 -0.004266 -0.000057  0.055728  0.056767  0.062642
b_ACC_1        0.052206  0.060018  0.045788  0.001511 -0.003041  0.001343 -0.000045 -0.007863 -0.011315
b_ACC_2        0.055105  0.025247 -0.020268  0.009248  0.043998  0.006687  0.050596  0.002106  0.006186
b_SI_CAMFD    -0.024095 -0.015404 -0.009286 -0.002012  0.000482 -0.001056 -0.001633 -0.001907 -0.002749
b_SI_PANEL    -0.021131 -0.022278 -0.019514 -0.000272  0.003349 -0.001986  0.007577  0.009074  0.005532
b_SI_ZER       0.002278  0.001405  0.001134 -0.000997 -0.000532  0.004547 -0.002090 -0.000519  0.000140
b_CSECO        0.114470  0.118760  0.111025  0.000787 -0.006323 -0.002900  0.004902  0.008572  0.021349
b_Hvalle       0.035301  0.033744  0.034451  0.000508 -0.002245 -0.003700  0.006651  0.001255  0.000647
b_Joven30      0.191277  0.202487  0.173802  0.000715  0.000194  0.008902 -0.005789 -0.006970 -0.003120
b_Adulto40     0.194490  0.188299  0.174285  0.002201  0.000832  0.005011  0.007705 -0.010538 -0.011911
b_Adulto60     0.172680  0.167155  0.155696  0.000862  0.000688  0.006104 -0.002529 -0.011404 -0.018820
b_USOCINTURON  0.057273  0.065425  0.059787 -0.001631  0.000392  0.008279  0.008266  0.006111 -0.002332
b_USODISPMOB   0.017405  0.017963  0.017673  0.001013  0.001455 -0.003078 -0.004219 -0.002973  0.002539
b_HTRB_1       0.043609  0.042423  0.052953  0.002893  0.003636 -0.012140  0.009149  0.000762 -0.007888
b_HTRB_2       0.058045  0.063993  0.063713  0.001792 -0.008046 -0.001775 -0.000315  0.005557 -0.004372
b_HTRB_3       0.073596  0.071104  0.065439  0.001225 -0.005392  0.002392  0.014341 -0.000681  0.004991
b_EduSuperior  0.039896  0.032613  0.040754 -0.000705  0.000974  0.002046  0.001079  0.003611  0.014919
b_Exper_2      0.104482  0.091045  0.102968  0.000352 -0.004183  0.001907  0.011239  0.007198  0.010190
b_Exper_3      0.120767  0.119832  0.127596 -0.001191  0.000538  0.007007  0.000872  0.003563  0.016658
b_Exper_4      0.149333  0.151431  0.144783 -0.000651 -0.000254  0.004005 -0.004140  0.011122  0.022150
b_Exper_5      0.163567  0.165986  0.157857  0.000110 -0.000563  0.001445 -0.013615 -0.008657  0.004266
b_Info_traf    0.038615  0.033151  0.035342  0.000415 -0.003648  0.003242 -0.003306 -0.006001 -0.010486
                b_Sem_4   b_ACC_1   b_ACC_2 b_SI_CAMFD b_SI_PANEL  b_SI_ZER   b_CSECO  b_Hvalle b_Joven30
asc_ruta1      0.021387  0.052206  0.055105  -0.024095  -0.021131  0.002278  0.114470  0.035301  0.191277
asc_ruta2      0.008039  0.060018  0.025247  -0.015404  -0.022278  0.001405  0.118760  0.033744  0.202487
asc_ruta3      0.010704  0.045788 -0.020268  -0.009286  -0.019514  0.001134  0.111025  0.034451  0.173802
b_time        -0.000889  0.001511  0.009248  -0.002012  -0.000272 -0.000997  0.000787  0.000508  0.000715
b_dist        -0.004266 -0.003041  0.043998   0.000482   0.003349 -0.000532 -0.006323 -0.002245  0.000194
b_cong        -0.000057  0.001343  0.006687  -0.001056  -0.001986  0.004547 -0.002900 -0.003700  0.008902
b_Sem_1        0.055728 -0.000045  0.050596  -0.001633   0.007577 -0.002090  0.004902  0.006651 -0.005789
b_Sem_2        0.056767 -0.007863  0.002106  -0.001907   0.009074 -0.000519  0.008572  0.001255 -0.006970
b_Sem_3        0.062642 -0.011315  0.006186  -0.002749   0.005532  0.000140  0.021349  0.000647 -0.003120
b_Sem_4        0.098852 -0.001455 -0.075037   0.003073   0.002223 -0.007535  0.013183 -0.003769 -0.007391
b_ACC_1       -0.001455  0.113201  0.029179  -0.016286  -0.011551 -0.009114  0.001143  0.008489  0.022298
b_ACC_2       -0.075037  0.029179  0.975231  -0.027016  -0.008830 -0.021031 -0.023862 -0.000686  0.068080
b_SI_CAMFD     0.003073 -0.016286 -0.027016   0.072294   0.002884  0.003570 -0.008051 -0.002222  0.022176
b_SI_PANEL     0.002223 -0.011551 -0.008830   0.002884   0.035478 -0.004795  0.001061 -0.000565  0.014748
b_SI_ZER      -0.007535 -0.009114 -0.021031   0.003570  -0.004795  0.067867  0.000203 -0.004478  0.006321
b_CSECO        0.013183  0.001143 -0.023862  -0.008051   0.001061  0.000203  0.134153  0.008746 -0.001043
b_Hvalle      -0.003769  0.008489 -0.000686  -0.002222  -0.000565 -0.004478  0.008746  0.079229 -0.000767
b_Joven30     -0.007391  0.022298  0.068080   0.022176   0.014748  0.006321 -0.001043 -0.000767  0.526499
b_Adulto40    -0.010254  0.037635  0.088165  -0.007224  -0.004317 -0.009257  0.011000  0.010366  0.199122
b_Adulto60    -0.013441  0.025317  0.063894  -0.001921  -0.006356  0.006107 -0.004611  0.004685  0.172002
b_USOCINTURON -0.003115  0.009888  0.006300  -0.007791  -0.003283  0.005209 -0.025018 -0.006827  0.003584
b_USODISPMOB  -0.000633 -0.000423  0.002641   0.001023  -0.001303  0.000129  0.003223 -0.001515 -0.015695
b_HTRB_1      -0.008164  0.009381  0.040396  -0.088699  -0.015130 -0.020831 -0.002104  0.031157 -0.346339
b_HTRB_2       0.002269  0.002813 -0.023632   0.005863  -0.014845 -0.000996 -0.009775  0.015988 -0.021527
b_HTRB_3       0.008444  0.000357  0.002712   0.000738  -0.004346  0.003899  0.005860  0.004403 -0.014287
b_EduSuperior  0.012486 -0.006136 -0.022046   0.002444  -0.003318  0.005711  0.013685  0.001114 -0.033136
b_Exper_2      0.015978 -0.001450 -0.000612  -0.005852  -0.011929  0.009386  0.011108 -0.015924 -0.135657
b_Exper_3      0.025432  0.000855 -0.000139   0.006508  -0.001753 -0.004227  0.000196 -0.027995  0.034342
b_Exper_4      0.018275 -0.008422  0.011718   0.014912   0.001056 -0.001140  0.021350 -0.008439  0.040987
b_Exper_5      0.013194  0.015219  0.018401   0.004609  -0.003301 -0.002894  0.012888  0.000416  0.058815
b_Info_traf   -0.000048  0.023534  0.008012  -0.005014  -0.008840 -0.003113 -0.008408  0.005573  0.029455
              b_Adulto40 b_Adulto60 b_USOCINTURON b_USODISPMOB  b_HTRB_1  b_HTRB_2  b_HTRB_3 b_EduSuperior
asc_ruta1       0.194490   0.172680      0.057273     0.017405  0.043609  0.058045  0.073596      0.039896
asc_ruta2       0.188299   0.167155      0.065425     0.017963  0.042423  0.063993  0.071104      0.032613
asc_ruta3       0.174285   0.155696      0.059787     0.017673  0.052953  0.063713  0.065439      0.040754
b_time          0.002201   0.000862     -0.001631     0.001013  0.002893  0.001792  0.001225     -0.000705
b_dist          0.000832   0.000688      0.000392     0.001455  0.003636 -0.008046 -0.005392      0.000974
b_cong          0.005011   0.006104      0.008279    -0.003078 -0.012140 -0.001775  0.002392      0.002046
b_Sem_1         0.007705  -0.002529      0.008266    -0.004219  0.009149 -0.000315  0.014341      0.001079
b_Sem_2        -0.010538  -0.011404      0.006111    -0.002973  0.000762  0.005557 -0.000681      0.003611
b_Sem_3        -0.011911  -0.018820     -0.002332     0.002539 -0.007888 -0.004372  0.004991      0.014919
b_Sem_4        -0.010254  -0.013441     -0.003115    -0.000633 -0.008164  0.002269  0.008444      0.012486
b_ACC_1         0.037635   0.025317      0.009888    -0.000423  0.009381  0.002813  0.000357     -0.006136
b_ACC_2         0.088165   0.063894      0.006300     0.002641  0.040396 -0.023632  0.002712     -0.022046
b_SI_CAMFD     -0.007224  -0.001921     -0.007791     0.001023 -0.088699  0.005863  0.000738      0.002444
b_SI_PANEL     -0.004317  -0.006356     -0.003283    -0.001303 -0.015130 -0.014845 -0.004346     -0.003318
b_SI_ZER       -0.009257   0.006107      0.005209     0.000129 -0.020831 -0.000996  0.003899      0.005711
b_CSECO         0.011000  -0.004611     -0.025018     0.003223 -0.002104 -0.009775  0.005860      0.013685
b_Hvalle        0.010366   0.004685     -0.006827    -0.001515  0.031157  0.015988  0.004403      0.001114
b_Joven30       0.199122   0.172002      0.003584    -0.015695 -0.346339 -0.021527 -0.014287     -0.033136
b_Adulto40      0.248867   0.162326     -0.006880    -0.025278 -0.029193 -0.003291  0.002295     -0.003973
b_Adulto60      0.162326   0.185840     -0.008335    -0.009419 -0.007556  0.008280  0.003386     -0.010858
b_USOCINTURON  -0.006880  -0.008335      0.118098     0.002515 -0.019018  0.003196  0.005944     -0.018070
b_USODISPMOB   -0.025278  -0.009419      0.002515     0.080682 -0.044951 -0.002774 -0.005253      0.006024
b_HTRB_1       -0.029193  -0.007556     -0.019018    -0.044951  1.686168  0.080670  0.065223     -0.065122
b_HTRB_2       -0.003291   0.008280      0.003196    -0.002774  0.080670  0.306807  0.049767      0.012436
b_HTRB_3        0.002295   0.003386      0.005944    -0.005253  0.065223  0.049767  0.080477      0.008970
b_EduSuperior  -0.003973  -0.010858     -0.018070     0.006024 -0.065122  0.012436  0.008970      0.143975
b_Exper_2      -0.032891   0.000491     -0.015251     0.000410  0.220751  0.003932  0.019445      0.037587
b_Exper_3       0.005180   0.018743     -0.005897    -0.003404  0.045914 -0.008665  0.008336      0.031260
b_Exper_4      -0.000857   0.020234     -0.007332     0.006635  0.056587  0.014394  0.014916      0.023731
b_Exper_5       0.033715   0.028434     -0.002788     0.003959  0.055603  0.007589  0.011103      0.026336
b_Info_traf     0.042407   0.030953     -0.001596    -0.011184 -0.089809 -0.016787 -0.005293     -0.014994
              b_Exper_2 b_Exper_3 b_Exper_4 b_Exper_5 b_Info_traf
asc_ruta1      0.104482  0.120767  0.149333  0.163567    0.038615
asc_ruta2      0.091045  0.119832  0.151431  0.165986    0.033151
asc_ruta3      0.102968  0.127596  0.144783  0.157857    0.035342
b_time         0.000352 -0.001191 -0.000651  0.000110    0.000415
b_dist        -0.004183  0.000538 -0.000254 -0.000563   -0.003648
b_cong         0.001907  0.007007  0.004005  0.001445    0.003242
b_Sem_1        0.011239  0.000872 -0.004140 -0.013615   -0.003306
b_Sem_2        0.007198  0.003563  0.011122 -0.008657   -0.006001
b_Sem_3        0.010190  0.016658  0.022150  0.004266   -0.010486
b_Sem_4        0.015978  0.025432  0.018275  0.013194   -0.000048
b_ACC_1       -0.001450  0.000855 -0.008422  0.015219    0.023534
b_ACC_2       -0.000612 -0.000139  0.011718  0.018401    0.008012
b_SI_CAMFD    -0.005852  0.006508  0.014912  0.004609   -0.005014
b_SI_PANEL    -0.011929 -0.001753  0.001056 -0.003301   -0.008840
b_SI_ZER       0.009386 -0.004227 -0.001140 -0.002894   -0.003113
b_CSECO        0.011108  0.000196  0.021350  0.012888   -0.008408
b_Hvalle      -0.015924 -0.027995 -0.008439  0.000416    0.005573
b_Joven30     -0.135657  0.034342  0.040987  0.058815    0.029455
b_Adulto40    -0.032891  0.005180 -0.000857  0.033715    0.042407
b_Adulto60     0.000491  0.018743  0.020234  0.028434    0.030953
b_USOCINTURON -0.015251 -0.005897 -0.007332 -0.002788   -0.001596
b_USODISPMOB   0.000410 -0.003404  0.006635  0.003959   -0.011184
b_HTRB_1       0.220751  0.045914  0.056587  0.055603   -0.089809
b_HTRB_2       0.003932 -0.008665  0.014394  0.007589   -0.016787
b_HTRB_3       0.019445  0.008336  0.014916  0.011103   -0.005293
b_EduSuperior  0.037587  0.031260  0.023731  0.026336   -0.014994
b_Exper_2      0.314802  0.112672  0.108247  0.098631   -0.019708
b_Exper_3      0.112672  0.299086  0.118521  0.115044    0.004897
b_Exper_4      0.108247  0.118521  0.221002  0.116398   -0.010659
b_Exper_5      0.098631  0.115044  0.116398  0.156907   -0.001467
b_Info_traf   -0.019708  0.004897 -0.010659 -0.001467    0.130692

Classical correlation matrix:
              asc_ruta1 asc_ruta2 asc_ruta3    b_time    b_dist    b_cong   b_Sem_1   b_Sem_2   b_Sem_3
asc_ruta1      1.000000  0.950105  0.917545  0.136084 -0.126480  0.072858  0.038761  0.075664  0.085607
asc_ruta2      0.950105  1.000000  0.909364  0.087689 -0.150582  0.094907  0.053099  0.061978  0.049708
asc_ruta3      0.917545  0.909364  1.000000  0.037122 -0.144842  0.091991  0.046387  0.074325  0.041567
b_time         0.136084  0.087689  0.037122  1.000000 -0.324786 -0.402621  0.110688  0.030390  0.020277
b_dist        -0.126480 -0.150582 -0.144842 -0.324786  1.000000  0.069065 -0.042629 -0.008836 -0.015186
b_cong         0.072858  0.094907  0.091991 -0.402621  0.069065  1.000000 -0.011433 -0.004135  0.048521
b_Sem_1        0.038761  0.053099  0.046387  0.110688 -0.042629 -0.011433  1.000000  0.650544  0.491655
b_Sem_2        0.075664  0.061978  0.074325  0.030390 -0.008836 -0.004135  0.650544  1.000000  0.702892
b_Sem_3        0.085607  0.049708  0.041567  0.020277 -0.015186  0.048521  0.491655  0.702892  1.000000
b_Sem_4        0.084998  0.039318  0.010948 -0.005890 -0.031631  0.008977  0.416782  0.608103  0.734433
b_ACC_1        0.101072  0.118437  0.119728 -0.094630  0.038155  0.051843 -0.047311 -0.016175 -0.053254
b_ACC_2       -0.005204 -0.017687 -0.041991  0.114660  0.258802 -0.012264  0.058173  0.023614 -0.023948
b_SI_CAMFD    -0.009520  0.016843  0.014276 -0.079162 -0.051545  0.007906  0.027271 -0.000669 -0.060071
b_SI_PANEL    -0.080338 -0.077754 -0.079805  0.053276  0.011828 -0.069144  0.089070  0.077481  0.036013
b_SI_ZER       0.013536  0.023981  0.016891 -0.083011 -0.003588  0.084522 -0.028406 -0.020449 -0.023445
b_CSECO        0.399715  0.379533  0.369784  0.099258 -0.093543 -0.115085  0.026727  0.071957  0.103980
b_Hvalle       0.143224  0.151871  0.151652 -0.080723 -0.051042 -0.080246  0.023969  0.037943  0.037757
b_Joven30      0.311643  0.303161  0.285516 -0.009235  0.049598  0.171190 -0.004117  0.010502  0.021435
b_Adulto40     0.482890  0.471664  0.452523  0.067556  0.051354  0.091393  0.063972 -0.012609 -0.019260
b_Adulto60     0.489103  0.483724  0.469374  0.002575  0.038720  0.110023  0.024752 -0.013203 -0.043793
b_USOCINTURON  0.231517  0.243764  0.247483 -0.119440  0.031036  0.142241  0.021179  0.006692 -0.049657
b_USODISPMOB   0.113923  0.100883  0.098196  0.041931  0.055109 -0.086090 -0.079701 -0.033537  0.005953
b_HTRB_1       0.000152  0.000144  0.000152  0.000134 -0.000018 -0.000267  0.000015 -0.000008 -0.000031
b_HTRB_2       0.142166  0.142175  0.136691  0.088278 -0.083963 -0.037031  0.027539  0.066557 -0.006134
b_HTRB_3       0.307434  0.305189  0.287233  0.068409 -0.090981  0.069165  0.044174  0.007229  0.037014
b_EduSuperior  0.149268  0.143766  0.135158 -0.024688 -0.045082  0.038339  0.026587  0.072060  0.104822
b_Exper_2      0.308123  0.296436  0.292034  0.028019 -0.034743 -0.003103  0.022131  0.058182  0.062080
b_Exper_3      0.327757  0.321487  0.303491 -0.007704  0.002745  0.104215  0.021626  0.034032  0.063476
b_Exper_4      0.475052  0.460360  0.444097  0.042108 -0.021111  0.039553 -0.017371  0.057952  0.053610
b_Exper_5      0.565971  0.550981  0.531556 -0.021079 -0.004616  0.049356 -0.032731  0.027813  0.059795
b_Info_traf    0.090072  0.097533  0.099578 -0.012700 -0.032587  0.049512  0.037938  0.004405 -0.028001
                b_Sem_4   b_ACC_1   b_ACC_2 b_SI_CAMFD b_SI_PANEL  b_SI_ZER   b_CSECO  b_Hvalle b_Joven30
asc_ruta1      0.084998  0.101072 -0.005204  -0.009520  -0.080338  0.013536  0.399715  0.143224  0.311643
asc_ruta2      0.039318  0.118437 -0.017687   0.016843  -0.077754  0.023981  0.379533  0.151871  0.303161
asc_ruta3      0.010948  0.119728 -0.041991   0.014276  -0.079805  0.016891  0.369784  0.151652  0.285516
b_time        -0.005890 -0.094630  0.114660  -0.079162   0.053276 -0.083011  0.099258 -0.080723 -0.009235
b_dist        -0.031631  0.038155  0.258802  -0.051545   0.011828 -0.003588 -0.093543 -0.051042  0.049598
b_cong         0.008977  0.051843 -0.012264   0.007906  -0.069144  0.084522 -0.115085 -0.080246  0.171190
b_Sem_1        0.416782 -0.047311  0.058173   0.027271   0.089070 -0.028406  0.026727  0.023969 -0.004117
b_Sem_2        0.608103 -0.016175  0.023614  -0.000669   0.077481 -0.020449  0.071957  0.037943  0.010502
b_Sem_3        0.734433 -0.053254 -0.023948  -0.060071   0.036013 -0.023445  0.103980  0.037757  0.021435
b_Sem_4        1.000000 -0.057676 -0.058391  -0.028971   0.024495 -0.076203  0.075646  0.043877  0.014464
b_ACC_1       -0.057676  1.000000  0.090294  -0.052718  -0.075332 -0.009721  0.032336  0.027471  0.062002
b_ACC_2       -0.058391  0.090294  1.000000  -0.036169   0.021809 -0.062807 -0.017806 -0.078119  0.035788
b_SI_CAMFD    -0.028971 -0.052718 -0.036169   1.000000  -0.052244  0.088276 -0.033545 -0.011519  0.091721
b_SI_PANEL     0.024495 -0.075332  0.021809  -0.052244   1.000000  0.009880  0.001644 -0.005816  0.007659
b_SI_ZER      -0.076203 -0.009721 -0.062807   0.088276   0.009880  1.000000  0.003541 -0.076974  0.009599
b_CSECO        0.075646  0.032336 -0.017806  -0.033545   0.001644  0.003541  1.000000  0.027669 -0.025632
b_Hvalle       0.043877  0.027471 -0.078119  -0.011519  -0.005816 -0.076974  0.027669  1.000000 -0.034951
b_Joven30      0.014464  0.062002  0.035788   0.091721   0.007659  0.009599 -0.025632 -0.034951  1.000000
b_Adulto40    -0.017939  0.095927  0.070749  -0.007843  -0.030395 -0.048081  0.070210  0.039459  0.508928
b_Adulto60    -0.043205  0.059729  0.021011   0.027343  -0.040451 -0.013864 -0.019181  0.032267  0.468327
b_USOCINTURON -0.065727  0.075418 -0.003472  -0.045850  -0.018633  0.046373 -0.202061 -0.070888  0.007081
b_USODISPMOB  -0.002202  0.067075  0.027613  -0.004069  -0.044648  0.064557  0.046700  0.015530 -0.146457
b_HTRB_1      -0.000020 -0.000040 -0.000017  -0.000308   0.000039 -0.000117 -0.000041  0.000192 -0.000908
b_HTRB_2       0.027714  0.043558 -0.016797   0.065969  -0.075767 -0.016676 -0.075017  0.034191 -0.031049
b_HTRB_3       0.073643  0.002817 -0.050325   0.026207  -0.026315 -0.026264 -0.043667  0.057452 -0.031281
b_EduSuperior  0.118684 -0.019106 -0.023965   0.046675  -0.062209  0.037208  0.025616  0.063634 -0.036440
b_Exper_2      0.060279 -0.032394 -0.002076  -0.042592  -0.003008  0.049801  0.018117 -0.006886 -0.318873
b_Exper_3      0.084710 -0.034533  0.011270   0.072749  -0.038129  0.024230 -0.018193 -0.114703  0.097067
b_Exper_4      0.055174 -0.055216  0.026062   0.092489   0.024413  0.044254  0.059805 -0.037118  0.107071
b_Exper_5      0.083405  0.047091  0.005334   0.080628   0.010871  0.065573  0.054762 -0.016108  0.179511
b_Info_traf   -0.014837  0.033492  0.007983  -0.026252  -0.087949  0.018382  0.015904  0.032563  0.086456
              b_Adulto40 b_Adulto60 b_USOCINTURON b_USODISPMOB  b_HTRB_1  b_HTRB_2  b_HTRB_3 b_EduSuperior
asc_ruta1       0.482890   0.489103      0.231517     0.113923  0.000152  0.142166  0.307434      0.149268
asc_ruta2       0.471664   0.483724      0.243764     0.100883  0.000144  0.142175  0.305189      0.143766
asc_ruta3       0.452523   0.469374      0.247483     0.098196  0.000152  0.136691  0.287233      0.135158
b_time          0.067556   0.002575     -0.119440     0.041931  0.000134  0.088278  0.068409     -0.024688
b_dist          0.051354   0.038720      0.031036     0.055109 -0.000018 -0.083963 -0.090981     -0.045082
b_cong          0.091393   0.110023      0.142241    -0.086090 -0.000267 -0.037031  0.069165      0.038339
b_Sem_1         0.063972   0.024752      0.021179    -0.079701  0.000015  0.027539  0.044174      0.026587
b_Sem_2        -0.012609  -0.013203      0.006692    -0.033537 -0.000008  0.066557  0.007229      0.072060
b_Sem_3        -0.019260  -0.043793     -0.049657     0.005953 -0.000031 -0.006134  0.037014      0.104822
b_Sem_4        -0.017939  -0.043205     -0.065727    -0.002202 -0.000020  0.027714  0.073643      0.118684
b_ACC_1         0.095927   0.059729      0.075418     0.067075 -0.000040  0.043558  0.002817     -0.019106
b_ACC_2         0.070749   0.021011     -0.003472     0.027613 -0.000017 -0.016797 -0.050325     -0.023965
b_SI_CAMFD     -0.007843   0.027343     -0.045850    -0.004069 -0.000308  0.065969  0.026207      0.046675
b_SI_PANEL     -0.030395  -0.040451     -0.018633    -0.044648  0.000039 -0.075767 -0.026315     -0.062209
b_SI_ZER       -0.048081  -0.013864      0.046373     0.064557 -0.000117 -0.016676 -0.026264      0.037208
b_CSECO         0.070210  -0.019181     -0.202061     0.046700 -0.000041 -0.075017 -0.043667      0.025616
b_Hvalle        0.039459   0.032267     -0.070888     0.015530  0.000192  0.034191  0.057452      0.063634
b_Joven30       0.508928   0.468327      0.007081    -0.146457 -0.000908 -0.031049 -0.031281     -0.036440
b_Adulto40      1.000000   0.724179     -0.078309    -0.240890 -0.000036 -0.024487 -0.004031     -0.009008
b_Adulto60      0.724179   1.000000     -0.090388    -0.105243  0.000059  0.015599  0.043843     -0.034517
b_USOCINTURON  -0.078309  -0.090388      1.000000     0.070518 -0.000131  0.018418  0.112500     -0.165299
b_USODISPMOB   -0.240890  -0.105243      0.070518     1.000000 -0.000187 -0.051365  0.000095      0.038655
b_HTRB_1       -0.000036   0.000059     -0.000131    -0.000187  1.000000  0.000259  0.000360     -0.000333
b_HTRB_2       -0.024487   0.015599      0.018418    -0.051365  0.000259  1.000000  0.311350      0.078872
b_HTRB_3       -0.004031   0.043843      0.112500     0.000095  0.000360  0.311350  1.000000      0.042587
b_EduSuperior  -0.009008  -0.034517     -0.165299     0.038655 -0.000333  0.078872  0.042587      1.000000
b_Exper_2      -0.059839   0.046155     -0.031642     0.012065  0.000771  0.056296  0.027212      0.117780
b_Exper_3       0.045338   0.031270     -0.036081    -0.043850  0.000174  0.029119  0.009723      0.174800
b_Exper_4       0.045446   0.064674     -0.019656     0.057453  0.000279  0.091188  0.087817      0.152766
b_Exper_5       0.166651   0.114294     -0.029874     0.034124  0.000283  0.072948  0.024705      0.205111
b_Info_traf     0.123112   0.072454      0.036766    -0.133211 -0.000521 -0.100646 -0.083374     -0.063438
              b_Exper_2 b_Exper_3 b_Exper_4 b_Exper_5 b_Info_traf
asc_ruta1      0.308123  0.327757  0.475052  0.565971    0.090072
asc_ruta2      0.296436  0.321487  0.460360  0.550981    0.097533
asc_ruta3      0.292034  0.303491  0.444097  0.531556    0.099578
b_time         0.028019 -0.007704  0.042108 -0.021079   -0.012700
b_dist        -0.034743  0.002745 -0.021111 -0.004616   -0.032587
