Model run using Apollo for R, version 0.0.8 
www.ApolloChoiceModelling.com

Model name                       : MNL_ModVSG
Model description                : MNL model con variación sistematica de gustos
Model run at                     : 2020-02-26 16:31:05
Estimation method                : bfgs
Model diagnosis                  : successful convergence 
Number of individuals            : 348
Number of observations           : 348

Number of cores used             :  1 
Model without mixing

LL(start)                        : -419.0371
LL(0)                            : -482.4304
LL(final)                        : -370.3635
Rho-square (0)                   :  0.2323 
Adj.Rho-square (0)               :  0.1867 
AIC                              :  784.73 
BIC                              :  869.48 
Estimated parameters             :  22
Time taken (hh:mm:ss)            :  00:00:35.64 
Iterations                       :  35 

Estimates:
              Estimate Std.err. t.ratio(0) Rob.std.err. Rob.t.ratio(0)
asc_ruta1       0.0000       NA         NA           NA             NA
asc_ruta2      -0.9459   0.1917      -4.93       0.1956          -4.84
asc_ruta3      -1.6706   0.2573      -6.49       0.2808          -5.95
asc_rutaEC      0.9260   0.8201       1.13       0.8702           1.06
b_time          0.0795   0.0259       3.07       0.0309           2.57
b_dist         -0.4155   0.1123      -3.70       0.1105          -3.76
b_semaf         0.0006   0.0038       0.16       0.0015           0.39
b_CamFD         0.0032   0.0086       0.38       0.0020           1.62
b_ZER          -0.0406   0.0657      -0.62       0.0603          -0.67
b_MtrP          0.1475   0.1373       1.07       0.1207           1.22
b_Acc          -0.4325   0.2496      -1.73       0.2538          -1.70
b_Panel        -0.1648   0.1553      -1.06       0.1321          -1.25
b_clima        -0.1344   0.2962      -0.45       0.3085          -0.44
b_cong         -0.0036   0.0102      -0.35       0.0111          -0.32
b_Hpico         0.0000       NA         NA           NA             NA
b_Hvalle        0.1248   0.2386       0.52       0.2389           0.52
b_T_prof       -0.0092   0.0129      -0.72       0.0134          -0.69
b_Hor_trab     -0.0084   0.0548      -0.15       0.0561          -0.15
b_EduBasica    -0.0149   0.2379      -0.06       0.2429          -0.06
b_EduSuperior   0.0000       NA         NA           NA             NA
b_Info_traf     0.0432   0.0443       0.98       0.0473           0.91
b_usodisp      -0.0286   0.0437      -0.66       0.0442          -0.65
b_Joven30      -1.4309   0.5782      -2.47       0.5784          -2.47
b_Adulto40     -0.4954   0.4189      -1.18       0.4254          -1.16
b_Adulto60     -0.5968   0.3577      -1.67       0.3669          -1.63
b_AdultoMayor   0.0000       NA         NA           NA             NA

Overview of choices for MNL model component:
                                  ruta1  ruta2  ruta3 rutaEC
Times available                  348.00 348.00 348.00 348.00
Times chosen                     113.00  42.00  21.00 172.00
Percentage chosen overall         32.47  12.07   6.03  49.43
Percentage chosen when available  32.47  12.07   6.03  49.43


Classical covariance matrix:
            asc_ruta2 asc_ruta3 asc_rutaEC    b_time    b_dist   b_semaf   b_CamFD     b_ZER    b_MtrP
asc_ruta2    0.036744  0.014181   0.006578 -0.001060 -0.002335 -0.000005  0.000009  0.001009  0.000480
asc_ruta3    0.014181  0.066197   0.005635 -0.002011 -0.001625 -0.000010  0.000006  0.001107 -0.002652
asc_rutaEC   0.006578  0.005635   0.672612  0.001760 -0.006179  0.000038 -0.000081  0.001636 -0.003814
b_time      -0.001060 -0.002011   0.001760  0.000668 -0.000844  0.000006 -0.000007 -0.000237 -0.000214
b_dist      -0.002335 -0.001625  -0.006179 -0.000844  0.012604 -0.000046  0.000044  0.000098 -0.000215
b_semaf     -0.000005 -0.000010   0.000038  0.000006 -0.000046  0.000014 -0.000014 -0.000007 -0.000037
b_CamFD      0.000009  0.000006  -0.000081 -0.000007  0.000044 -0.000014  0.000074  0.000003  0.000028
b_ZER        0.001009  0.001107   0.001636 -0.000237  0.000098 -0.000007  0.000003  0.004312  0.000302
b_MtrP       0.000480 -0.002652  -0.003814 -0.000214 -0.000215 -0.000037  0.000028  0.000302  0.018853
b_Acc        0.004257  0.003151  -0.007060 -0.000546 -0.000139 -0.000119  0.000112  0.000346  0.000773
b_Panel     -0.000247 -0.000306   0.002616  0.000069 -0.001004  0.000003 -0.000006  0.000332 -0.001410
b_clima      0.001132  0.000703  -0.085828 -0.000280  0.002028  0.000058 -0.000040 -0.000438  0.002660
b_cong       0.000258  0.000447  -0.000708 -0.000140  0.000118 -0.000002  0.000003  0.000023  0.000063
b_Hvalle     0.002384  0.001636  -0.001544 -0.000507 -0.001475 -0.000016  0.000030 -0.000520  0.002570
b_T_prof    -0.000061 -0.000110  -0.002297  0.000010  0.000074 -0.000002  0.000005 -0.000031  0.000100
b_Hor_trab   0.000223  0.000531  -0.034065 -0.000178  0.000371 -0.000002  0.000001  0.000027 -0.000211
b_EduBasica -0.000309  0.000161   0.000520 -0.000207  0.001273 -0.000034 -0.000010  0.000896 -0.000406
b_Info_traf  0.000335  0.000421  -0.005584 -0.000060 -0.000266 -0.000003  0.000003  0.000071  0.000480
b_usodisp   -0.000296 -0.000387  -0.001346  0.000157  0.000038  0.000000 -0.000004  0.000104 -0.000174
b_Joven30   -0.002803 -0.003515  -0.149282  0.000008  0.005212 -0.000056  0.000131 -0.000513 -0.003033
b_Adulto40  -0.001745 -0.003313  -0.110909 -0.000042  0.005146 -0.000078  0.000114 -0.001153  0.003879
b_Adulto60  -0.000927 -0.001263  -0.091153 -0.000142  0.002834 -0.000025  0.000027 -0.000100  0.000433
                b_Acc   b_Panel   b_clima    b_cong  b_Hvalle  b_T_prof b_Hor_trab b_EduBasica b_Info_traf
asc_ruta2    0.004257 -0.000247  0.001132  0.000258  0.002384 -0.000061   0.000223   -0.000309    0.000335
asc_ruta3    0.003151 -0.000306  0.000703  0.000447  0.001636 -0.000110   0.000531    0.000161    0.000421
asc_rutaEC  -0.007060  0.002616 -0.085828 -0.000708 -0.001544 -0.002297  -0.034065    0.000520   -0.005584
b_time      -0.000546  0.000069 -0.000280 -0.000140 -0.000507  0.000010  -0.000178   -0.000207   -0.000060
b_dist      -0.000139 -0.001004  0.002028  0.000118 -0.001475  0.000074   0.000371    0.001273   -0.000266
b_semaf     -0.000119  0.000003  0.000058 -0.000002 -0.000016 -0.000002  -0.000002   -0.000034   -0.000003
b_CamFD      0.000112 -0.000006 -0.000040  0.000003  0.000030  0.000005   0.000001   -0.000010    0.000003
b_ZER        0.000346  0.000332 -0.000438  0.000023 -0.000520 -0.000031   0.000027    0.000896    0.000071
b_MtrP       0.000773 -0.001410  0.002660  0.000063  0.002570  0.000100  -0.000211   -0.000406    0.000480
b_Acc        0.062322  0.000283  0.001518  0.000340  0.001147  0.000115  -0.000212   -0.002404    0.000445
b_Panel      0.000283  0.024108  0.000452  0.000007 -0.001023  0.000081   0.000099   -0.000381   -0.000648
b_clima      0.001518  0.000452  0.087709 -0.000092 -0.002891  0.000011  -0.000231   -0.012159   -0.000442
b_cong       0.000340  0.000007 -0.000092  0.000103 -0.000082 -0.000007   0.000006    0.000298   -0.000006
b_Hvalle     0.001147 -0.001023 -0.002891 -0.000082  0.056928 -0.000011  -0.001440    0.002247    0.000446
b_T_prof     0.000115  0.000081  0.000011 -0.000007 -0.000011  0.000166  -0.000051   -0.000400    0.000007
b_Hor_trab  -0.000212  0.000099 -0.000231  0.000006 -0.001440 -0.000051   0.003002   -0.001154    0.000305
b_EduBasica -0.002404 -0.000381 -0.012159  0.000298  0.002247 -0.000400  -0.001154    0.056578   -0.000339
b_Info_traf  0.000445 -0.000648 -0.000442 -0.000006  0.000446  0.000007   0.000305   -0.000339    0.001967
b_usodisp    0.000114  0.000143 -0.000007 -0.000091  0.000072 -0.000021   0.000062   -0.000393   -0.000310
b_Joven30    0.007600 -0.001676 -0.001987  0.000538 -0.004391  0.002577   0.000212   -0.002932    0.000398
b_Adulto40   0.010308 -0.002353 -0.007630  0.000559  0.002693  0.001758  -0.001392   -0.003509    0.001166
b_Adulto60   0.005543 -0.001755 -0.003489  0.000294  0.002147  0.000780  -0.001779    0.000246    0.000368
            b_usodisp b_Joven30 b_Adulto40 b_Adulto60
asc_ruta2   -0.000296 -0.002803  -0.001745  -0.000927
asc_ruta3   -0.000387 -0.003515  -0.003313  -0.001263
asc_rutaEC  -0.001346 -0.149282  -0.110909  -0.091153
b_time       0.000157  0.000008  -0.000042  -0.000142
b_dist       0.000038  0.005212   0.005146   0.002834
b_semaf      0.000000 -0.000056  -0.000078  -0.000025
b_CamFD     -0.000004  0.000131   0.000114   0.000027
b_ZER        0.000104 -0.000513  -0.001153  -0.000100
b_MtrP      -0.000174 -0.003033   0.003879   0.000433
b_Acc        0.000114  0.007600   0.010308   0.005543
b_Panel      0.000143 -0.001676  -0.002353  -0.001755
b_clima     -0.000007 -0.001987  -0.007630  -0.003489
b_cong      -0.000091  0.000538   0.000559   0.000294
b_Hvalle     0.000072 -0.004391   0.002693   0.002147
b_T_prof    -0.000021  0.002577   0.001758   0.000780
b_Hor_trab   0.000062  0.000212  -0.001392  -0.001779
b_EduBasica -0.000393 -0.002932  -0.003509   0.000246
b_Info_traf -0.000310  0.000398   0.001166   0.000368
b_usodisp    0.001909 -0.003026  -0.003248  -0.000894
b_Joven30   -0.003026  0.334335   0.134319   0.113273
b_Adulto40  -0.003248  0.134319   0.175462   0.111191
b_Adulto60  -0.000894  0.113273   0.111191   0.127928

Robust covariance matrix:
            asc_ruta2 asc_ruta3 asc_rutaEC    b_time    b_dist   b_semaf   b_CamFD     b_ZER    b_MtrP
asc_ruta2    0.038259  0.017781   0.021007 -0.001673 -0.003129 -0.000032  0.000036  0.001698  0.000282
asc_ruta3    0.017781  0.078849   0.026004 -0.004591  0.001528  0.000002  0.000003  0.001353 -0.004254
asc_rutaEC   0.021007  0.026004   0.757291  0.000764 -0.005376  0.000053 -0.000127  0.007539 -0.007863
b_time      -0.001673 -0.004591   0.000764  0.000956 -0.001107  0.000007 -0.000009 -0.000316 -0.000321
b_dist      -0.003129  0.001528  -0.005376 -0.001107  0.012208 -0.000042  0.000042 -0.000480  0.001941
b_semaf     -0.000032  0.000002   0.000053  0.000007 -0.000042  0.000002 -0.000002 -0.000003 -0.000038
b_CamFD      0.000036  0.000003  -0.000127 -0.000009  0.000042 -0.000002  0.000004 -0.000001  0.000043
b_ZER        0.001698  0.001353   0.007539 -0.000316 -0.000480 -0.000003 -0.000001  0.003631  0.000207
b_MtrP       0.000282 -0.004254  -0.007863 -0.000321  0.001941 -0.000038  0.000043  0.000207  0.014567
b_Acc        0.007582 -0.004986  -0.002297  0.000608 -0.002510 -0.000186  0.000182  0.000646  0.003230
b_Panel     -0.001404 -0.000821  -0.000515  0.000014  0.000981  0.000021 -0.000022 -0.000117 -0.000882
b_clima     -0.008950 -0.007502  -0.105073  0.000459  0.003619  0.000135 -0.000115 -0.002078  0.002434
b_cong       0.000292  0.000284  -0.001285 -0.000162  0.000047 -0.000004  0.000004  0.000074  0.000137
b_Hvalle    -0.000090 -0.000972  -0.003395  0.000033 -0.002038 -0.000053  0.000080 -0.000435  0.001314
b_T_prof     0.000113 -0.000143  -0.002178  0.000032  0.000053 -0.000004  0.000007 -0.000024  0.000198
b_Hor_trab   0.000178  0.000695  -0.036858 -0.000252  0.000487 -0.000001  0.000003 -0.000345 -0.000070
b_EduBasica  0.000766  0.002303  -0.001180 -0.000500  0.000804 -0.000070  0.000033  0.000752  0.000531
b_Info_traf  0.000016  0.000909  -0.008432 -0.000213 -0.000284 -0.000008  0.000011  0.000031  0.000542
b_usodisp   -0.000099  0.000145  -0.003385  0.000176 -0.000029  0.000000 -0.000007 -0.000001 -0.000046
b_Joven30   -0.002565 -0.007675  -0.140681  0.000381  0.001864 -0.000109  0.000134  0.001935  0.000221
b_Adulto40  -0.005672 -0.011982  -0.112294  0.000169  0.005625 -0.000142  0.000173 -0.001155  0.006126
b_Adulto60  -0.005935 -0.009656  -0.101060 -0.000150  0.003696 -0.000042  0.000037  0.001471  0.001567
                b_Acc   b_Panel   b_clima    b_cong  b_Hvalle  b_T_prof b_Hor_trab b_EduBasica b_Info_traf
asc_ruta2    0.007582 -0.001404 -0.008950  0.000292 -0.000090  0.000113   0.000178    0.000766    0.000016
asc_ruta3   -0.004986 -0.000821 -0.007502  0.000284 -0.000972 -0.000143   0.000695    0.002303    0.000909
asc_rutaEC  -0.002297 -0.000515 -0.105073 -0.001285 -0.003395 -0.002178  -0.036858   -0.001180   -0.008432
b_time       0.000608  0.000014  0.000459 -0.000162  0.000033  0.000032  -0.000252   -0.000500   -0.000213
b_dist      -0.002510  0.000981  0.003619  0.000047 -0.002038  0.000053   0.000487    0.000804   -0.000284
b_semaf     -0.000186  0.000021  0.000135 -0.000004 -0.000053 -0.000004  -0.000001   -0.000070   -0.000008
b_CamFD      0.000182 -0.000022 -0.000115  0.000004  0.000080  0.000007   0.000003    0.000033    0.000011
b_ZER        0.000646 -0.000117 -0.002078  0.000074 -0.000435 -0.000024  -0.000345    0.000752    0.000031
b_MtrP       0.003230 -0.000882  0.002434  0.000137  0.001314  0.000198  -0.000070    0.000531    0.000542
b_Acc        0.064396 -0.002102 -0.006149  0.000567  0.003907  0.000385  -0.001291   -0.000308    0.001637
b_Panel     -0.002102  0.017455 -0.000507 -0.000010  0.000089  0.000046   0.000334   -0.000035   -0.000699
b_clima     -0.006149 -0.000507  0.095158 -0.000148 -0.003627 -0.000154   0.000604   -0.014287   -0.000091
b_cong       0.000567 -0.000010 -0.000148  0.000123 -0.000069 -0.000007   0.000008    0.000338    0.000077
b_Hvalle     0.003907  0.000089 -0.003627 -0.000069  0.057080  0.000079  -0.001547    0.003152    0.000650
b_T_prof     0.000385  0.000046 -0.000154 -0.000007  0.000079  0.000181  -0.000068   -0.000337    0.000015
b_Hor_trab  -0.001291  0.000334  0.000604  0.000008 -0.001547 -0.000068   0.003148   -0.001023    0.000288
b_EduBasica -0.000308 -0.000035 -0.014287  0.000338  0.003152 -0.000337  -0.001023    0.058995    0.000331
b_Info_traf  0.001637 -0.000699 -0.000091  0.000077  0.000650  0.000015   0.000288    0.000331    0.002239
b_usodisp   -0.000556  0.000483  0.000556 -0.000064  0.000131 -0.000046   0.000181   -0.000070   -0.000300
b_Joven30    0.018908 -0.003472 -0.007509  0.000865 -0.010809  0.002673  -0.000651    0.003296    0.000433
b_Adulto40   0.020104 -0.000909 -0.010828  0.000864  0.002509  0.001918  -0.001755   -0.005961    0.002511
b_Adulto60   0.013191 -0.001145 -0.002334  0.000675  0.001143  0.000873  -0.001921   -0.000407    0.002194
            b_usodisp b_Joven30 b_Adulto40 b_Adulto60
asc_ruta2   -0.000099 -0.002565  -0.005672  -0.005935
asc_ruta3    0.000145 -0.007675  -0.011982  -0.009656
asc_rutaEC  -0.003385 -0.140681  -0.112294  -0.101060
b_time       0.000176  0.000381   0.000169  -0.000150
b_dist      -0.000029  0.001864   0.005625   0.003696
b_semaf      0.000000 -0.000109  -0.000142  -0.000042
b_CamFD     -0.000007  0.000134   0.000173   0.000037
b_ZER       -0.000001  0.001935  -0.001155   0.001471
b_MtrP      -0.000046  0.000221   0.006126   0.001567
b_Acc       -0.000556  0.018908   0.020104   0.013191
b_Panel      0.000483 -0.003472  -0.000909  -0.001145
b_clima      0.000556 -0.007509  -0.010828  -0.002334
b_cong      -0.000064  0.000865   0.000864   0.000675
b_Hvalle     0.000131 -0.010809   0.002509   0.001143
b_T_prof    -0.000046  0.002673   0.001918   0.000873
b_Hor_trab   0.000181 -0.000651  -0.001755  -0.001921
b_EduBasica -0.000070  0.003296  -0.005961  -0.000407
b_Info_traf -0.000300  0.000433   0.002511   0.002194
b_usodisp    0.001955 -0.003483  -0.003330  -0.000907
b_Joven30   -0.003483  0.334507   0.137709   0.117906
b_Adulto40  -0.003330  0.137709   0.180947   0.116583
b_Adulto60  -0.000907  0.117906   0.116583   0.134588

Classical correlation matrix:
            asc_ruta2 asc_ruta3 asc_rutaEC    b_time    b_dist   b_semaf   b_CamFD     b_ZER    b_MtrP
asc_ruta2    1.000000  0.287539   0.041845 -0.213825 -0.108512 -0.006254  0.005760  0.080191  0.018225
asc_ruta3    0.287539  1.000000   0.026705 -0.302279 -0.056247 -0.010548  0.002722  0.065523 -0.075080
asc_rutaEC   0.041845  0.026705   1.000000  0.083019 -0.067103  0.012150 -0.011552  0.030373 -0.033874
b_time      -0.213825 -0.302279   0.083019  1.000000 -0.290918  0.056338 -0.031090 -0.139644 -0.060246
b_dist      -0.108512 -0.056247  -0.067103 -0.290918  1.000000 -0.108663  0.045743  0.013280 -0.013967
b_semaf     -0.006254 -0.010548   0.012150  0.056338 -0.108663  1.000000 -0.442459 -0.026394 -0.070192
b_CamFD      0.005760  0.002722  -0.011552 -0.031090  0.045743 -0.442459  1.000000  0.005294  0.023348
b_ZER        0.080191  0.065523   0.030373 -0.139644  0.013280 -0.026394  0.005294  1.000000  0.033542
b_MtrP       0.018225 -0.075080  -0.033874 -0.060246 -0.013967 -0.070192  0.023348  0.033542  1.000000
b_Acc        0.088955  0.049054  -0.034484 -0.084555 -0.004970 -0.125605  0.052135  0.021126  0.022560
b_Panel     -0.008314 -0.007651   0.020545  0.017212 -0.057584  0.005164 -0.004734  0.032573 -0.066150
b_clima      0.019933  0.009225  -0.353369 -0.036582  0.061000  0.051963 -0.015523 -0.022515  0.065419
b_cong       0.132380  0.170913  -0.084854 -0.533976  0.103348 -0.063327  0.031424  0.034305  0.044816
b_Hvalle     0.052136  0.026650  -0.007890 -0.082116 -0.055081 -0.017957  0.014850 -0.033196  0.078462
b_T_prof    -0.024499 -0.033164  -0.217133  0.029668  0.051191 -0.038139  0.046431 -0.036545  0.056522
b_Hor_trab   0.021193  0.037700  -0.758026 -0.125992  0.060246 -0.009218  0.002534  0.007450 -0.028010
b_EduBasica -0.006779  0.002630   0.002667 -0.033710  0.047669 -0.037819 -0.004858  0.057384 -0.012424
b_Info_traf  0.039366  0.036923  -0.153547 -0.052722 -0.053441 -0.015616  0.008670  0.024476  0.078846
b_usodisp   -0.035402 -0.034459  -0.037561  0.139388  0.007741 -0.000530 -0.009907  0.036327 -0.028944
b_Joven30   -0.025286 -0.023629  -0.314800  0.000514  0.080284 -0.025521  0.026325 -0.013512 -0.038204
b_Adulto40  -0.021727 -0.030745  -0.322845 -0.003873  0.109428 -0.049008  0.031728 -0.041900  0.067445
b_Adulto60  -0.013518 -0.013725  -0.310747 -0.015341  0.070577 -0.018659  0.008845 -0.004243  0.008811
                b_Acc   b_Panel   b_clima    b_cong  b_Hvalle  b_T_prof b_Hor_trab b_EduBasica b_Info_traf
asc_ruta2    0.088955 -0.008314  0.019933  0.132380  0.052136 -0.024499   0.021193   -0.006779    0.039366
asc_ruta3    0.049054 -0.007651  0.009225  0.170913  0.026650 -0.033164   0.037700    0.002630    0.036923
asc_rutaEC  -0.034484  0.020545 -0.353369 -0.084854 -0.007890 -0.217133  -0.758026    0.002667   -0.153547
b_time      -0.084555  0.017212 -0.036582 -0.533976 -0.082116  0.029668  -0.125992   -0.033710   -0.052722
b_dist      -0.004970 -0.057584  0.061000  0.103348 -0.055081  0.051191   0.060246    0.047669   -0.053441
b_semaf     -0.125605  0.005164  0.051963 -0.063327 -0.017957 -0.038139  -0.009218   -0.037819   -0.015616
b_CamFD      0.052135 -0.004734 -0.015523  0.031424  0.014850  0.046431   0.002534   -0.004858    0.008670
b_ZER        0.021126  0.032573 -0.022515  0.034305 -0.033196 -0.036545   0.007450    0.057384    0.024476
b_MtrP       0.022560 -0.066150  0.065419  0.044816  0.078462  0.056522  -0.028010   -0.012424    0.078846
b_Acc        1.000000  0.007291  0.020535  0.133825  0.019261  0.035661  -0.015529   -0.040484    0.040225
b_Panel      0.007291  1.000000  0.009831  0.004125 -0.027624  0.040373   0.011674   -0.010313   -0.094083
b_clima      0.020535  0.009831  1.000000 -0.030386 -0.040910  0.002865  -0.014249   -0.172611   -0.033648
b_cong       0.133825  0.004125 -0.030386  1.000000 -0.033962 -0.050587   0.011559    0.123321   -0.013088
b_Hvalle     0.019261 -0.027624 -0.040910 -0.033962  1.000000 -0.003470  -0.110107    0.039594    0.042165
b_T_prof     0.035661  0.040373  0.002865 -0.050587 -0.003470  1.000000  -0.072397   -0.130344    0.012069
b_Hor_trab  -0.015529  0.011674 -0.014249  0.011559 -0.110107 -0.072397   1.000000   -0.088531    0.125534
b_EduBasica -0.040484 -0.010313 -0.172611  0.123321  0.039594 -0.130344  -0.088531    1.000000   -0.032113
b_Info_traf  0.040225 -0.094083 -0.033648 -0.013088  0.042165  0.012069   0.125534   -0.032113    1.000000
b_usodisp    0.010407  0.021053 -0.000560 -0.204155  0.006902 -0.037483   0.026100   -0.037777   -0.160252
b_Joven30    0.052653 -0.018666 -0.011602  0.091578 -0.031829  0.345527   0.006687   -0.021319    0.015505
b_Adulto40   0.098578 -0.036176 -0.061509  0.131222  0.026947  0.325264  -0.060628   -0.035215    0.062774
b_Adulto60   0.062081 -0.031609 -0.032934  0.080898  0.025153  0.168954  -0.090788    0.002888    0.023215
            b_usodisp b_Joven30 b_Adulto40 b_Adulto60
asc_ruta2   -0.035402 -0.025286  -0.021727  -0.013518
asc_ruta3   -0.034459 -0.023629  -0.030745  -0.013725
asc_rutaEC  -0.037561 -0.314800  -0.322845  -0.310747
b_time       0.139388  0.000514  -0.003873  -0.015341
b_dist       0.007741  0.080284   0.109428   0.070577
b_semaf     -0.000530 -0.025521  -0.049008  -0.018659
b_CamFD     -0.009907  0.026325   0.031728   0.008845
b_ZER        0.036327 -0.013512  -0.041900  -0.004243
b_MtrP      -0.028944 -0.038204   0.067445   0.008811
b_Acc        0.010407  0.052653   0.098578   0.062081
b_Panel      0.021053 -0.018666  -0.036176  -0.031609
b_clima     -0.000560 -0.011602  -0.061509  -0.032934
b_cong      -0.204155  0.091578   0.131222   0.080898
b_Hvalle     0.006902 -0.031829   0.026947   0.025153
b_T_prof    -0.037483  0.345527   0.325264   0.168954
b_Hor_trab   0.026100  0.006687  -0.060628  -0.090788
b_EduBasica -0.037777 -0.021319  -0.035215   0.002888
b_Info_traf -0.160252  0.015505   0.062774   0.023215
b_usodisp    1.000000 -0.119779  -0.177477  -0.057202
b_Joven30   -0.119779  1.000000   0.554571   0.547712
b_Adulto40  -0.177477  0.554571   1.000000   0.742159
b_Adulto60  -0.057202  0.547712   0.742159   1.000000

Robust correlation matrix:
            asc_ruta2 asc_ruta3 asc_rutaEC    b_time    b_dist   b_semaf   b_CamFD     b_ZER    b_MtrP
asc_ruta2    1.000000  0.323737   0.123416 -0.276641 -0.144765 -0.105490  0.092280  0.144024  0.011946
asc_ruta3    0.323737  1.000000   0.106416 -0.528640  0.049234  0.004669  0.004804  0.079931 -0.125532
asc_rutaEC   0.123416  0.106416   1.000000  0.028391 -0.055916  0.039533 -0.073290  0.143763 -0.074861
b_time      -0.276641 -0.528640   0.028391  1.000000 -0.324024  0.146131 -0.145152 -0.169576 -0.085884
b_dist      -0.144765  0.049234  -0.055916 -0.324024  1.000000 -0.243340  0.189370 -0.072105  0.145559
b_semaf     -0.105490  0.004669   0.039533  0.146131 -0.243340  1.000000 -0.783451 -0.031810 -0.206500
b_CamFD      0.092280  0.004804  -0.073290 -0.145152  0.189370 -0.783451  1.000000 -0.004624  0.178043
b_ZER        0.144024  0.079931   0.143763 -0.169576 -0.072105 -0.031810 -0.004624  1.000000  0.028417
b_MtrP       0.011946 -0.125532  -0.074861 -0.085884  0.145559 -0.206500  0.178043  0.028417  1.000000
b_Acc        0.152760 -0.069971  -0.010403  0.077458 -0.089518 -0.474982  0.359991  0.042223  0.105448
b_Panel     -0.054329 -0.022128  -0.004483  0.003404  0.067173  0.102003 -0.082952 -0.014711 -0.055334
b_clima     -0.148325 -0.086602  -0.391415  0.048161  0.106167  0.283634 -0.187150 -0.111780  0.065369
b_cong       0.134597  0.090958  -0.132938 -0.470108  0.038012 -0.252730  0.180346  0.110734  0.101910
b_Hvalle    -0.001937 -0.014485  -0.016329  0.004473 -0.077212 -0.143945  0.167214 -0.030185  0.045556
b_T_prof     0.042915 -0.037990  -0.186065  0.076724  0.035489 -0.204459  0.258011 -0.029445  0.122079
b_Hor_trab   0.016196  0.044142  -0.754897 -0.145052  0.078510 -0.010325  0.026657 -0.102080 -0.010300
b_EduBasica  0.016131  0.033761  -0.005580 -0.066513  0.029964 -0.187363  0.067189  0.051400  0.018118
b_Info_traf  0.001758  0.068404  -0.204756 -0.145535 -0.054284 -0.109449  0.114542  0.011016  0.094950
b_usodisp   -0.011458  0.011688  -0.087988  0.128663 -0.005885  0.001677 -0.082654 -0.000202 -0.008604
b_Joven30   -0.022671 -0.047256  -0.279512  0.021283  0.029167 -0.122400  0.116071  0.055525  0.003164
b_Adulto40  -0.068173 -0.100314  -0.303354  0.012859  0.119677 -0.216939  0.204364 -0.045054  0.119315
b_Adulto60  -0.082711 -0.093735  -0.316551 -0.013199  0.091195 -0.074062  0.050717  0.066547  0.035384
                b_Acc   b_Panel   b_clima    b_cong  b_Hvalle  b_T_prof b_Hor_trab b_EduBasica b_Info_traf
asc_ruta2    0.152760 -0.054329 -0.148325  0.134597 -0.001937  0.042915   0.016196    0.016131    0.001758
asc_ruta3   -0.069971 -0.022128 -0.086602  0.090958 -0.014485 -0.037990   0.044142    0.033761    0.068404
asc_rutaEC  -0.010403 -0.004483 -0.391415 -0.132938 -0.016329 -0.186065  -0.754897   -0.005580   -0.204756
b_time       0.077458  0.003404  0.048161 -0.470108  0.004473  0.076724  -0.145052   -0.066513   -0.145535
b_dist      -0.089518  0.067173  0.106167  0.038012 -0.077212  0.035489   0.078510    0.029964   -0.054284
b_semaf     -0.474982  0.102003  0.283634 -0.252730 -0.143945 -0.204459  -0.010325   -0.187363   -0.109449
b_CamFD      0.359991 -0.082952 -0.187150  0.180346  0.167214  0.258011   0.026657    0.067189    0.114542
b_ZER        0.042223 -0.014711 -0.111780  0.110734 -0.030185 -0.029445  -0.102080    0.051400    0.011016
b_MtrP       0.105448 -0.055334  0.065369  0.101910  0.045556  0.122079  -0.010300    0.018118    0.094950
b_Acc        1.000000 -0.062683 -0.078554  0.201130  0.064437  0.112780  -0.090640   -0.005003    0.136317
b_Panel     -0.062683  1.000000 -0.012442 -0.006811  0.002822  0.026153   0.045016   -0.001093   -0.111725
b_clima     -0.078554 -0.012442  1.000000 -0.043163 -0.049214 -0.037027   0.034926   -0.190688   -0.006266
b_cong       0.201130 -0.006811 -0.043163  1.000000 -0.025919 -0.046540   0.012275    0.125324    0.146541
b_Hvalle     0.064437  0.002822 -0.049214 -0.025919  1.000000  0.024436  -0.115441    0.054317    0.057533
b_T_prof     0.112780  0.026153 -0.037027 -0.046540  0.024436  1.000000  -0.090091   -0.103021    0.023496
b_Hor_trab  -0.090640  0.045016  0.034926  0.012275 -0.115441 -0.090091   1.000000   -0.075033    0.108445
b_EduBasica -0.005003 -0.001093 -0.190688  0.125324  0.054317 -0.103021  -0.075033    1.000000    0.028759
b_Info_traf  0.136317 -0.111725 -0.006266  0.146541  0.057533  0.023496   0.108445    0.028759    1.000000
b_usodisp   -0.049589  0.082711  0.040744 -0.130987  0.012410 -0.078012   0.072902   -0.006511   -0.143264
b_Joven30    0.128832 -0.045440 -0.042091  0.134655 -0.078223  0.343644  -0.020067    0.023465    0.015817
b_Adulto40   0.186241 -0.016167 -0.082518  0.182836  0.024691  0.335179  -0.073540   -0.057699    0.124744
b_Adulto60   0.141689 -0.023631 -0.020625  0.165565  0.013036  0.176877  -0.093308   -0.004563    0.126358
            b_usodisp b_Joven30 b_Adulto40 b_Adulto60
asc_ruta2   -0.011458 -0.022671  -0.068173  -0.082711
asc_ruta3    0.011688 -0.047256  -0.100314  -0.093735
asc_rutaEC  -0.087988 -0.279512  -0.303354  -0.316551
b_time       0.128663  0.021283   0.012859  -0.013199
b_dist      -0.005885  0.029167   0.119677   0.091195
b_semaf      0.001677 -0.122400  -0.216939  -0.074062
b_CamFD     -0.082654  0.116071   0.204364   0.050717
b_ZER       -0.000202  0.055525  -0.045054   0.066547
b_MtrP      -0.008604  0.003164   0.119315   0.035384
b_Acc       -0.049589  0.128832   0.186241   0.141689
b_Panel      0.082711 -0.045440  -0.016167  -0.023631
b_clima      0.040744 -0.042091  -0.082518  -0.020625
b_cong      -0.130987  0.134655   0.182836   0.165565
b_Hvalle     0.012410 -0.078223   0.024691   0.013036
b_T_prof    -0.078012  0.343644   0.335179   0.176877
b_Hor_trab   0.072902 -0.020067  -0.073540  -0.093308
b_EduBasica -0.006511  0.023465  -0.057699  -0.004563
b_Info_traf -0.143264  0.015817   0.124744   0.126358
b_usodisp    1.000000 -0.136223  -0.177053  -0.055943
b_Joven30   -0.136223  1.000000   0.559736   0.555687
b_Adulto40  -0.177053  0.559736   1.000000   0.747063
b_Adulto60  -0.055943  0.555687   0.747063   1.000000

 20 worst outliers in terms of lowest average per choice prediction:
                                     ID Avg prob per choice
 {0C1D8C2A-12E2-E811-8FB7-74867AD5B714}          0.01509539
 {AA6A7427-7FDC-E811-8FB7-74867AD5B714}          0.03467325
 {01023F7A-67C3-E811-914C-74867AD5B714}          0.03518251
 {16644C52-46C0-E811-914C-74867AD5B714}          0.03753789
 {B780DF7F-0DD7-E811-8FB7-74867AD5B714}          0.03957301
 {04B1F452-BDC5-E811-914C-74867AD5B714}          0.04983372
 {A5C8A79C-89C2-E811-914C-74867AD5B714}          0.05285815
 {5EC39CAF-B5CC-E811-914C-74867AD5B714}          0.05843966
 {8048E4FB-D9C8-E811-914C-74867AD5B714}          0.05954351
 {9CE74908-B4CC-E811-914C-74867AD5B714}          0.06037523
 {116C5EFA-C6C5-E811-914C-74867AD5B714}          0.06415964
 {C301E37A-15CC-E811-914C-74867AD5B714}          0.06591068
 {D9161238-0FDD-E811-8FB7-74867AD5B714}          0.06680857
 {93122F95-D9DE-E811-8FB7-74867AD5B714}          0.06972590
 {42F5F39B-A9CC-E811-914C-74867AD5B714}          0.07058513
 {375E5517-97C6-E811-914C-74867AD5B714}          0.07583846
 {E0281A50-3DC0-E811-914C-74867AD5B714}          0.07727030
 {0B4811D4-93C6-E811-914C-74867AD5B714}          0.07838887
 {18C72602-3CDC-E811-8FB7-74867AD5B714}          0.08087050
 {FF2FE1DC-5CD1-E811-8FB7-74867AD5B714}          0.08263822

Changes in parameter estimates from starting values:
              Initial Estimate Difference
asc_ruta1      0.0000   0.0000     0.0000
asc_ruta2     -0.9344  -0.9459    -0.0114
asc_ruta3     -1.6531  -1.6706    -0.0175
asc_rutaEC     0.8161   0.9260     0.1100
b_time         0.0706   0.0795     0.0089
b_dist        -0.4025  -0.4155    -0.0130
b_semaf        0.0004   0.0006     0.0002
b_CamFD        0.0033   0.0032    -0.0001
b_ZER         -0.0373  -0.0406    -0.0032
b_MtrP         0.1487   0.1475    -0.0012
b_Acc         -0.4053  -0.4325    -0.0272
b_Panel       -0.1660  -0.1648     0.0013
b_clima       -0.1298  -0.1344    -0.0046
b_cong         0.0510  -0.0036    -0.0546
b_Hpico        0.0000   0.0000     0.0000
b_Hvalle       0.1131   0.1248     0.0118
b_T_prof      -0.0103  -0.0092     0.0011
b_Hor_trab    -0.0066  -0.0084    -0.0017
b_EduBasica    0.0140  -0.0149    -0.0289
b_EduSuperior  0.0000   0.0000     0.0000
b_Info_traf    0.2870   0.0432    -0.2437
b_usodisp      0.0000  -0.0286    -0.0286
b_Joven30     -1.4159  -1.4309    -0.0150
b_Adulto40    -0.4898  -0.4954    -0.0057
b_Adulto60    -0.5688  -0.5968    -0.0280
b_AdultoMayor  0.0000   0.0000     0.0000
