"","asc_ruta1","asc_ruta4","b_tt","b_dt","b_Sem","b_ACC_1","b_ACC_2","b_SI_CAMFD","b_SI_PANEL","b_SI_ZER","b_Si_MTRP","b_No_Info","b_UsoCel_F","lambda1","lambda2","lambda3","gamma_EDUBASICA_LV1","gamma_EDUSUP_LV1","gamma_HPICO_LV1","gamma_CSECO_LV1","gamma_SININFOTRF_LV1","gamma_LV2_LV1","gamma_ADULTO40_LV2","gamma_EXP_3_LV2","gamma_EXP_4_LV2","gamma_EXP_5_LV2","gamma_HPICO_LV2","gamma_USODISPMOB_LV2","gamma_EDUBASICA_LV3","gamma_JOVEN30_LV3","gamma_ADULTO40_LV3","gamma_EXP_2_LV3","gamma_USODISPMOB_LV3","zeta_FRbr","zeta_EnfCond","zeta_AFrSem","zeta_CulFr","zeta_OmLmVel","zeta_IgPare","zeta_PasoPeaton","zeta_UsoDirec","zeta_UsoPito","tau_FRbr_1","tau_FRbr_2","tau_FRbr_3","tau_FRbr_4","tau_EnfCond_1","tau_EnfCond_2","tau_EnfCond_3","tau_EnfCond_4","tau_AFrSem_1","tau_AFrSem_2","tau_AFrSem_3","tau_AFrSem_4","tau_CulFr_1","tau_CulFr_2","tau_CulFr_3","tau_CulFr_4","tau_OmLmVel_1","tau_OmLmVel_2","tau_OmLmVel_3","tau_OmLmVel_4","tau_IgPare_1","tau_IgPare_2","tau_IgPare_3","tau_IgPare_4","tau_PasoPeaton_1","tau_PasoPeaton_2","tau_PasoPeaton_3","tau_PasoPeaton_4","tau_UsoDirec_1","tau_UsoDirec_2","tau_UsoDirec_3","tau_UsoDirec_4","tau_UsoPito_1","tau_UsoPito_2","tau_UsoPito_3","tau_UsoPito_4"
"asc_ruta1",1,0.529937980480054,-0.225972350553825,-0.473526226011434,-0.693735725324286,0.0585618667885447,-0.0501367377897412,-0.017359615808784,-0.0347708677793072,0.0828426332100165,0.0435004776201462,-0.0209848168217892,-0.0174903892740174,0.000548620807241714,-0.00304559457440716,0.0493024312990609,-0.00116705234015575,0.00273863454204719,-0.00165783294508754,-4.90283657502188e-05,0.00550060678930957,-0.00121081942781494,-8.6405566844416e-05,-0.000438857051403974,0.00128230681571179,-0.000447576217543728,0.0018949475246325,0.00103213498122855,-0.0108630316752241,-0.0180727290928159,-0.00383407753003961,0.0109898975075203,-0.012827452247857,0.00157431610869375,0.00187817830008936,-0.00131874962172728,0.00155969932810246,0.00312050657408189,0.000900421757424952,-0.0103108873576558,-0.0129926286584041,0.00110631982623925,0.00164233050789124,0.0024440425989349,0.0026882101383474,0.00238138939902547,0.00156644373360596,0.00263412335827625,0.00282895448160885,0.00226593619909698,0.00279563936034606,0.00103233082003757,0.000860385366124458,8.72387020966566e-05,0.00163243143072075,0.00212568414587356,0.0022626532599573,0.00200795179915445,0.00164085523550661,0.00235449260111459,0.00247382966172486,0.00253510571370063,0.00239162871990864,0.000509318848535639,0.000610774432949206,0.000979605138108392,3.112073604846e-05,-0.00325239381416144,-0.00637089363623672,-0.0119778021349872,0.0032832146660127,0.00248022598556515,0.00122093788630126,-0.00874674730604636,0.0019175911641286,0.00221546462867455,0.0022285384611651,0.00186444246296723
"asc_ruta4",0.529937980480054,1,-0.306124367421643,-0.214691660915354,-0.399659014278641,0.113658556629876,-0.0179324225815102,-0.0581759523999943,-0.0404203499880223,0.0826790054217064,0.0719876110459449,-0.425428915840768,-0.60829677742346,0.0221512166313174,0.0337736172390043,0.345442989635867,-0.0928855879877855,-0.0794627582083365,-0.0586671683611163,-0.118427541882244,-0.0391569290604809,0.00518353312125714,0.00698117590258515,0.0318600211278826,-0.0114672996388972,0.0394458281033351,0.0609942899736302,-0.0184937075746274,-0.0799971006214639,-0.048250416694472,-0.0117284305116911,-0.00513511467547941,-0.0370020715772741,-0.0171557448705804,0.0116278057222131,-0.030192595136758,0.00363355626665022,0.00385024264859044,0.0345914540004354,0.0150886933391506,-0.0764613007598949,0.0119099895133243,-0.108142459597189,-0.117212174617873,-0.114225341584155,-0.0912153736570791,-0.118953847839308,-0.10783975264301,-0.101413044435231,-0.074722705905321,-0.100117043390591,-0.12039545733592,-0.118384489028786,-0.0940732321231108,-0.100906747060288,-0.113205067844425,-0.111569989609665,-0.0836791242600073,0.0348770576751638,0.0218839553663415,0.0195911353849453,0.0155441084381134,0.0295983596953889,0.0412756958267276,0.0402604775790126,0.0375217411311163,-0.0756873252725999,-0.0901680435822607,-0.0951108797354555,-0.0736586008115201,0.0222251343898784,0.0107594812668541,-0.00023677531707786,-0.0673218607492565,-0.11305632177493,-0.109246723755376,-0.104949488884686,-0.0858921257510487
"b_tt",-0.225972350553825,-0.306124367421643,1,-0.12846571587753,-0.0415727668426971,-0.0415948171003276,0.052433493189932,-0.0894259074168841,0.0377482491529689,-0.0750999992989805,-0.0990461868496926,0.0228021655212056,0.0663004278975955,0.135124162519877,-0.13758462023735,0.0210789343450486,-0.0125253059879029,-0.00276738929308473,-0.00794172213093502,-0.0202585013895488,-0.00162214455137224,0.0100121217824021,0.00436437333446245,0.0126641893743712,0.00590343813327201,0.0139230359042544,0.0103859260137961,-0.0123797341319228,-0.000423039358259689,0.000783880035008996,0.0146386013409001,0.00695218386032772,0.00915965557148761,-0.00265654921304748,-0.00815813692731894,-0.0114464946488421,-0.00352374108007566,0.00340515339196966,0.00862043078652146,0.012106746771471,-0.0255729436193862,-0.00480337069346277,-0.00977719997900345,-0.00861437634034331,-0.00793414854907243,-0.0027703655089132,-0.00728054508361615,-0.0108540208900272,-0.0109884986250787,-0.00908632359471951,-0.00596223432516708,-0.0128018785913301,-0.0128504523519692,-0.0079576055494783,-0.00833612410061393,-0.00884375186184827,-0.00865498425567474,-0.00509804807996276,0.0136989683693694,0.00667688091853318,0.00565961647752449,0.00480728572112664,0.0138125884935906,0.00883919083411806,0.00840193584043728,0.00903122451693707,-0.00811920041385021,-0.00448819614394154,-0.0011229526464888,0.00804740646795177,0.0240519354645452,0.0244485156150139,0.0240561723460151,0.0135811877122455,-0.00835473812530641,-0.00929740980026193,-0.00903015270857536,-0.00741848446525355
"b_dt",-0.473526226011434,-0.214691660915354,-0.12846571587753,1,0.204134598575952,-0.0487680016421748,0.0150624809696392,-0.00426921423178992,0.0606561322222539,-0.0690111376207264,-0.0990106775544635,-0.0299767075939998,0.03689594765393,-0.175186074242709,0.177716748687183,-0.164378345825807,0.0126513187876833,-0.010012047279052,0.0260213820774532,0.0278206801082428,0.000583318055938609,-0.0123156463274004,-0.00108935377079908,-0.0106489915738116,0.00322789592653773,-0.00853566114459091,-0.0243216923454516,0.0124507455213053,0.027773105969419,0.0308222443272063,0.00896199296212087,-0.0173519786788152,0.00716270361337279,0.00378323333012446,0.00381189678395841,0.0134762178734333,0.00304179846833569,-0.00713204190141037,-0.0106483168918697,0.0211583149157062,0.030793425921218,0.000304347837146736,0.0137237584097271,0.0134853830721464,0.0125614791054649,0.00758031101641703,0.013666813631744,0.0135386918278089,0.0129388832381236,0.00963357092555553,0.00952886164941679,0.0179478109556986,0.0181406771685274,0.0132111948092392,0.0122308601695678,0.0134801024856605,0.0131915580980824,0.00872953116936858,-0.0169737877096593,-0.00904604104257493,-0.00808301769354287,-0.00713176063030389,-0.018184268859848,-0.00970094606908072,-0.00966615344382556,-0.0106616130325428,0.000281044761165256,0.00652341914895372,0.0123921107741988,0.0230904901503533,-0.0101658059466073,-0.0073050727719851,-0.00487231218301653,0.0147143294115899,0.0146619070582909,0.0128905044993534,0.0121310352615108,0.00913495965831592
"b_Sem",-0.693735725324286,-0.399659014278641,-0.0415727668426971,0.204134598575952,1,-0.10705190534156,0.0248213687563464,-0.0259188245627428,-0.0318142538667859,-0.0523936050365175,-0.0293555482956898,0.044639029832562,-0.0129237337002999,0.060622596085491,-0.0589236963239078,0.0305396947879661,0.000100668148057726,0.0031232791383966,-0.00866244833872797,-0.00729513856472552,-0.00987415714300917,0.00729764461323141,-0.000971379134908847,0.000155228806578564,-0.0072313099947232,0.00184230144866141,0.00591322643676065,-0.000919839840187071,-0.00044798808299291,0.00953083889110334,-0.00371318511011449,-0.00969145292872373,0.00792835412805824,-0.00523640972127495,-0.00357932880868362,-0.00150544108286705,-0.00379656701811194,-0.00110571071393626,0.00272493855830435,-0.00611616598785055,0.014386039760827,-0.00142835205319366,-0.00580391804601491,-0.00782409848845428,-0.00800052301246728,-0.00704932050205281,-0.00671504625596368,-0.0072052511122553,-0.00718536755303802,-0.00555543302466931,-0.00729005039713496,-0.00589477003248176,-0.00569467588348406,-0.00357976282615635,-0.00600019515056741,-0.00705359852545847,-0.00712365545897901,-0.00555179311146053,0.00239401560175376,-0.000825134457051734,-0.00117820751275012,-0.00142784693615868,0.00191312837875131,0.00207601174174356,0.0021237253675617,0.00212322274287075,0.00657634805008018,0.00566778875799677,0.00449825885455032,-0.00051219088088535,-0.0114738807693724,-0.0122409286621435,-0.0115022345525336,-0.00266295382097117,-0.00754713006206764,-0.0067273254789751,-0.00645016637370942,-0.00490389723553135
"b_ACC_1",0.0585618667885447,0.113658556629876,-0.0415948171003276,-0.0487680016421748,-0.10705190534156,1,0.110045962614377,-0.0310351693661661,-0.0201765008903069,-0.00800752690943317,0.0295357445892348,-0.0115360653373837,-0.12068054642989,0.0202956281384704,0.00817862023732548,0.016850514971356,-0.00277792640520673,0.00149542480672961,0.00094622151971932,-0.00110986875331698,0.00716411934274258,-0.00470886958258836,-0.00678164993642455,0.00625386121258229,0.00397333224898612,-0.0117721413260348,-0.00706991083780303,-0.00292306171481842,-0.00595095903160402,-0.00325075488759062,0.0082765944739536,0.00132092377567508,0.0062601366680009,0.00498338054961713,0.00145895367059511,0.00188094791562245,0.00453917343516734,-0.00413927044729224,-0.000890511953356458,0.004615828148091,-0.0031404227384101,0.0019933756484586,-0.00533818556694598,-0.00363087443871928,-0.00282586786185629,0.000338641374765627,-0.00380457560917371,-0.00510775805563295,-0.00489673774738782,-0.00343892936181635,-0.00389752874577277,-0.00466147340395781,-0.00427719869200533,-0.00152153210927976,-0.00382960406021538,-0.00435470259882433,-0.00414114426212351,-0.00211471210095915,-0.0101012262504444,-0.00732438376613874,-0.00682106421398213,-0.00572015553109648,-0.0114608624222802,-0.00245430400357421,-0.00206218870132938,-0.00179905649833467,-0.00446490042095093,-0.00412886220459519,-0.00356544605744604,0.000429803334832425,0.00286617609992097,0.00308204091993499,0.00271835411356915,0.00120746196068725,-0.00348967520303867,-0.00477278980177112,-0.00468005787459635,-0.00382573289836595
"b_ACC_2",-0.0501367377897412,-0.0179324225815102,0.052433493189932,0.0150624809696392,0.0248213687563464,0.110045962614377,1,-0.0025943085391395,0.0397613866299763,-0.0694095208899729,-0.0211687704761372,-0.0244644936960989,-0.0167284514589539,-0.00980255696372106,0.0225398499318769,-0.0506037460664608,-0.00803119652696954,-0.00329140612935764,0.00824744576853328,0.00161892277520117,0.00166444497559918,-0.00567201643303104,-0.000262379018272359,0.000144660772042327,-0.00178977567931807,-0.00873571492109304,-0.00400677873700588,0.000263712698507542,-0.00523836003130341,0.00502949772278869,0.00376142016368781,-0.00278094413873567,-0.000754643752560921,0.00385444449901087,0.0035585914549865,0.00619448648867258,0.00446962947722207,0.00166441700129217,-0.000478991092465478,-0.00693462895207298,0.0100285811600876,0.0035087755817191,-0.00320292123665564,-0.00330674341074171,-0.00311686628046594,-0.00204496941656866,-0.00292526172772853,-0.00339816308526117,-0.00336398971878005,-0.00271464250134891,-0.00401327346562751,-0.00175532344374473,-0.00138666348928346,0.000108529560497259,-0.00285992558849163,-0.00329996322203202,-0.00323358047124584,-0.00240204435453045,-0.00346802422790293,-0.00143318520726378,-0.00099538589246144,-0.000308332614803422,-0.00319496240388463,-0.00173226588713646,-0.00168412671451915,-0.00116623921240156,0.00508823837952834,0.00383576299686041,0.00255337377007217,-0.00284138014688804,-0.00955230868420873,-0.00954874289069681,-0.00917076476736679,-0.00424507994410099,-0.0026626199400727,-0.00338645362415176,-0.00339778415770732,-0.00304285859289928
"b_SI_CAMFD",-0.017359615808784,-0.0581759523999943,-0.0894259074168841,-0.00426921423178992,-0.0259188245627428,-0.0310351693661661,-0.0025943085391395,1,-0.0405897818579158,0.0289341677801761,0.0747680785589851,0.0024791913756875,0.0978021945269933,-0.0935627119692724,0.072552215549349,-0.147600644118692,-0.00596175339110935,-0.00697434781042498,0.0154503538122935,0.022366627683727,0.00480662416034246,-0.00307256676908752,0.010480203886405,-0.00631767095383624,0.00418045139837651,-0.0142375440790346,-0.00696171073970945,-0.00669007038744876,0.00350826931554536,0.00637459388625425,-0.0150294926423632,-0.00308736235471996,0.0157466795062836,0.00472936518169293,-0.000675578806468436,0.00378821519102311,-0.00230423202569037,-0.00466146261160711,-0.014476980079514,0.00735844371410073,0.00180400151275581,-0.0044398337824079,0.00856235357158059,0.0132764296296471,0.0132061079681713,0.0103276370688736,0.0108921045132158,0.0110704178690469,0.0104345422223581,0.00745391079831017,0.00910826887427382,0.0123823674743227,0.0123342369133707,0.0083298013980257,0.00998751667209324,0.0111911215559004,0.0108539606445672,0.00683977504812055,-0.00410853754208855,-0.00225490885850173,-0.00212983466692598,-0.00254576513245123,-0.00197676997545237,-0.0112171827528853,-0.0114247740252652,-0.0127406520608314,-0.00509598178230878,-0.00349604227457608,-0.00150247639671253,0.0033683530406552,0.000152701301316412,0.000255932622861102,0.000384210458695941,0.00253566429230005,0.0118927511306189,0.010268957050822,0.00949227764454817,0.00665576371238162
"b_SI_PANEL",-0.0347708677793072,-0.0404203499880223,0.0377482491529689,0.0606561322222539,-0.0318142538667859,-0.0201765008903069,0.0397613866299763,-0.0405897818579158,1,-0.012253298494829,-0.0817822285254819,0.0824204420048103,0.0195142733633117,-0.0564994881630992,0.0535693167938807,-0.00402952693869333,-0.00514718099065516,-0.0050533013002082,0.00566296188228521,0.00381891131851033,-0.00165207204115048,-0.00172294515820205,0.00146561000480456,-0.00664026604637449,-0.000337867481025239,-0.00559597617404735,-0.00445806113301734,0.00176368831436328,-0.00111412421213421,0.00285615728871775,0.00110229614781815,-0.00320133317121288,0.00176688701386074,-0.000147109186154197,0.00282863928895643,0.00259699123797021,-0.00113707534177127,-0.0033220577183707,-0.00497120247372091,0.000710485200020264,0.00732072446480737,0.0011048090686992,-0.00324673880535282,-0.00246434659746886,-0.00247297608822363,-0.003802425141254,-0.00422783538153331,-0.00143962503176181,-0.00100664473523124,-0.000611983298556132,-0.00418976357670476,-0.000963597696265165,-0.000722856927991566,-0.00219022805001702,-0.00199310025479743,-0.00287872619284464,-0.00294103141369597,-0.00342349162189084,-0.00515993521031176,-0.00384871444670123,-0.00349272087923429,-0.00306408395084648,-0.0054373475615809,-0.00437890945221843,-0.00423486685935637,-0.00487169235648428,0.000101952578343793,-0.000845212967657811,-0.00140279369599096,-0.000623704014085954,-0.00529163545334317,-0.005197445611734,-0.00525697107013647,-0.00291862888264155,-0.00343141535326205,-0.00231699715185707,-0.00222964406390467,-0.00202769285459968
"b_SI_ZER",0.0828426332100165,0.0826790054217064,-0.0750999992989805,-0.0690111376207264,-0.0523936050365175,-0.00800752690943317,-0.0694095208899729,0.0289341677801761,-0.012253298494829,1,-0.0538628683003109,-0.0937378648847586,-0.0167390984544781,-0.111971700856661,0.126123329929024,-0.0395943940008397,0.020795328202622,0.0179913831657294,0.0262618278925277,0.015422373016096,0.0118906036455136,-0.01757155739796,-0.0117842581520012,0.00832173385329377,0.00418356193399537,-0.00707786006801562,-0.00514962478351791,0.00238312480065314,0.0106195270017486,0.0069815294590361,-0.01028943291427,0.00218935103208758,0.00239039935658181,0.0118426465209161,0.0160983738300128,0.00298769668256332,0.0101836848357293,-0.00305582615782105,-0.000418675779836896,0.0125470870495245,-0.00502219028578331,0.0115505858026524,0.0221055565558317,0.0239921729628628,0.023113882285335,0.0174781372505468,0.0208139560897303,0.0256625404736526,0.0255792254909237,0.0218659496290915,0.0252047595871892,0.0180632860495331,0.016738295108441,0.0075698655202352,0.0207637093861531,0.0233134016750226,0.0229981035803194,0.0167400450291225,-0.00875053167547618,-0.00365616018792103,-0.00338204089569701,-0.00333460721638012,-0.0112820311193939,-6.240571429907e-05,-0.000238705395692256,-0.0011887773043339,-0.00833853253979745,-0.00587429112264738,-0.00314640475431563,0.00408804146575743,0.00749855529887401,0.00829909201197086,0.0082133759292292,0.00464218261925573,0.0216525085557176,0.0237761228855264,0.0234277906807498,0.0199332257728087
"b_Si_MTRP",0.0435004776201462,0.0719876110459449,-0.0990461868496926,-0.0990106775544635,-0.0293555482956898,0.0295357445892348,-0.0211687704761372,0.0747680785589851,-0.0817822285254819,-0.0538628683003109,1,-0.0503403438993082,-0.045156372535867,0.0212993260949635,-0.014723094309542,0.0192326705544379,-0.00798896850730942,-0.0118453761534836,-0.0215416131930904,-0.0141351433309991,0.00130491019597322,0.0065882932529351,-0.00376834578477022,-0.000414992824882998,-0.00414773255978413,-0.00508085480251974,0.0136957960897397,-0.00186632809920906,0.0040702036708579,-0.0164160426900573,0.000397011398703316,-0.00814170231865693,0.00418430222361984,-0.00354569497156612,-0.00312168852314764,-0.00824291179856779,-0.00386462007271514,0.00052935973590009,-0.00290565628853075,0.0123904834785051,-0.0117727153707585,-0.00185004699099253,-0.0145846837416416,-0.0139446674754324,-0.0131493380170559,-0.00974860584768211,-0.0147646534596554,-0.0139716961156118,-0.013219809759188,-0.0100403923088764,-0.0121488821269494,-0.0156745395317333,-0.0154632390412512,-0.0125580209955569,-0.0124708257743133,-0.0142081867904278,-0.0140322591593507,-0.0105321802549474,0.00190582095692375,0.00155117983078336,0.00174821810779765,0.00151751091926767,0.00235805098601983,-0.00197001021538052,-0.00234688023460948,-0.00279797978443679,-0.0122728224440675,-0.0101206681703965,-0.0065943942960836,0.0033735485353345,0.0100369463005994,0.0102344368829782,0.0094533119898654,0.00305168167606298,-0.0146267221863322,-0.0136413914207016,-0.0130387344805377,-0.0104496617772485
"b_No_Info",-0.0209848168217892,-0.425428915840768,0.0228021655212056,-0.0299767075939998,0.044639029832562,-0.0115360653373837,-0.0244644936960989,0.0024791913756875,0.0824204420048103,-0.0937378648847586,-0.0503403438993082,1,0.0473080226226895,0.390052982574426,-0.383081903776266,0.0340396139518509,-0.033297216864475,0.0016016357608551,-0.0384506651156005,-0.0579939115551012,-0.123432925481684,0.0611344445755776,0.0388263715489138,0.0129567867563605,0.00741200720513691,0.0281608535262184,0.0161730106127303,-0.0266926093078265,-0.0176729496989279,-0.0122939903934005,-0.0219462036484143,0.0232186528038454,0.0176138093988545,-0.0484077098939779,-0.0460903413508196,-0.0256269347056689,-0.042307704718404,0.00603651372260945,-0.0196939071415768,0.000623267378478091,-0.0209192340487545,-0.0363504522312463,-0.0644096839512258,-0.0736470413943136,-0.0722275277343434,-0.0579126013249603,-0.067020476047214,-0.0722843782800213,-0.0708200389551585,-0.0586330105958886,-0.072531292381745,-0.0593399251590733,-0.0557876140806854,-0.031992541273549,-0.0591243347683679,-0.0691127920859899,-0.0690541177332123,-0.0519204833004174,0.034535770709939,0.0196859580657584,0.0183022294049467,0.0167339317505995,0.042236284021478,-0.0122546188351306,-0.0141146842703858,-0.0127882419158853,-0.00964024179013564,-0.0101503255164008,-0.0092747105444995,-0.00219950260058511,0.0106334495823917,0.00999164562459836,0.00919696201021485,0.000565838341340666,-0.0677659397516236,-0.0686532062470849,-0.0668115113008139,-0.0561530117404622
"b_UsoCel_F",-0.0174903892740174,-0.60829677742346,0.0663004278975955,0.03689594765393,-0.0129237337002999,-0.12068054642989,-0.0167284514589539,0.0978021945269933,0.0195142733633117,-0.0167390984544781,-0.045156372535867,0.0473080226226895,1,0.0375137227404809,-0.134119293034652,-0.265707863359523,-0.010936382692374,0.00741208077169452,-0.0130819329254539,0.0114977798180969,0.00486132578730658,-0.00198665895914887,-0.0010686900193477,-0.0115291929016758,0.0137948258672776,-0.00411328687862476,-0.0100268883341268,-0.00279546662268376,-0.0252940805122569,0.0236135768920025,0.00181634511943854,0.00314146728971459,-3.82493169669928e-05,0.0104058178664432,-0.0027558140584131,0.0187429760807972,-0.0010711340909982,0.00538981876742935,-0.0133932708412476,-0.0628673458136696,0.0595671654775091,-0.00170290396403564,-0.000186510981025174,0.00413526487277906,0.00508849985002474,0.0064076919683222,0.00480308626897397,-0.00117963152384805,-0.00207892002829637,-0.00383134025992003,-0.00288193459730662,0.00947858880502304,0.0110086674349783,0.0139298426621623,0.00156289079985625,0.00141867029225914,0.000968406490202557,-0.0010795356963744,0.0040000663573609,0.0049991842356196,0.00483087273676161,0.00496366123515896,0.00967844460420289,-0.0123279851038909,-0.0121536231304905,-0.0108958838226944,0.0508486750275503,0.0388398636003185,0.0243343506655526,-0.0196835757415703,-0.0586955825069692,-0.0589548579498027,-0.0554412934537533,-0.0249998971016793,0.00354909713691669,-0.000108191298284039,-0.000880830181174347,-0.00219591080920596
"lambda1",0.000548620807241714,0.0221512166313174,0.135124162519877,-0.175186074242709,0.060622596085491,0.0202956281384704,-0.00980255696372106,-0.0935627119692724,-0.0564994881630992,-0.111971700856661,0.0212993260949635,0.390052982574426,0.0375137227404809,1,-0.959945065278979,0.258920002218337,-0.051017066309534,0.0432869118856151,-0.0964204116301008,-0.1605872858843,-0.0169275999921393,0.0670757767815851,0.0204546659051212,0.041231468028321,0.00243084722830192,0.05833113957397,0.0728078792906136,-0.0604558015757985,-0.0518682579123578,-0.0478257854482537,-0.00631297438535556,0.0463537831725296,0.0112909158364832,-0.047252987947556,-0.0436726916128191,-0.051947380719731,-0.0206729261180774,0.020333076188457,0.00134635559617989,0.0103632778298921,-0.0876518227010276,-0.0214783123419294,-0.0693965224425393,-0.0866248298930626,-0.0841126441111041,-0.0618462081750002,-0.0723438145178336,-0.083747380334769,-0.0830043544936499,-0.066656751961969,-0.0672241248726425,-0.0860304375572108,-0.0847182321903517,-0.0532993664258266,-0.0720063745533262,-0.0790740365981692,-0.0766327577580456,-0.0490950158791976,0.0672355678780654,0.0324149651927151,0.0290690221161539,0.026952838633457,0.0788331023054986,0.00214831680539483,0.00020927076993536,0.00614204240508741,-0.0360964172613612,-0.0349275270911429,-0.0315345640494265,-0.0112637030728269,0.0519386751547518,0.0488824133965243,0.0457075214011858,0.00409914345919477,-0.0777971340967691,-0.0772755871988229,-0.0744059487847761,-0.0589899667609036
"lambda2",-0.00304559457440716,0.0337736172390043,-0.13758462023735,0.177716748687183,-0.0589236963239078,0.00817862023732548,0.0225398499318769,0.072552215549349,0.0535693167938807,0.126123329929024,-0.014723094309542,-0.383081903776266,-0.134119293034652,-0.959945065278979,1,-0.269164913933874,0.0643536125531426,-0.0108806908517224,0.113349328203277,0.138715222279112,0.0383578808425899,-0.174428326779334,-0.0396335270494878,-0.00626909810220648,-0.00135482660291022,-0.0455451965478773,-0.06038597937286,0.0410893470366574,0.048426419699063,0.0445197798031451,0.00255944144711935,-0.0446134768583773,-0.00604033232291929,0.112402548549726,0.114017617603945,0.100043537589066,0.0961820802486758,-0.0195323852669865,0.0228884523916865,-0.00110288638691685,0.0702841752755806,0.0939830881865628,0.064593230403457,0.0859930213729519,0.0851479545705952,0.0675504671147436,0.0692440620068985,0.0834522075253141,0.0838113110161683,0.070351636599988,0.0696463206228207,0.0778799837276809,0.0764486499724234,0.0447402369043285,0.0697890151107737,0.0769899647628898,0.0751153947712139,0.0505878580166903,-0.0704608139406577,-0.0303887097407724,-0.0270609001104509,-0.0249968259937797,-0.0865012275521283,0.0211762424398121,0.0237658455885972,0.017732636805719,0.0267394489393965,0.0264693365726052,0.0254928031122709,0.0119250589039946,-0.0371004506491771,-0.0341193920384399,-0.031752395740111,0.000344718378341499,0.0753583267748676,0.076114583884308,0.0736741782289896,0.059445632296712
"lambda3",0.0493024312990609,0.345442989635867,0.0210789343450486,-0.164378345825807,0.0305396947879661,0.016850514971356,-0.0506037460664608,-0.147600644118692,-0.00402952693869333,-0.0395943940008397,0.0192326705544379,0.0340396139518509,-0.265707863359523,0.258920002218337,-0.269164913933874,1,0.011251947533458,0.014634374085633,-0.0395071537850873,-0.0718895896507134,-0.00809418875477951,0.0315553946033885,0.017491725621981,0.0250240586763119,-0.0161156660346129,0.0264771188087613,0.0696321939706038,-0.0290852561791327,0.0170426171432844,-0.0766805871640254,0.0252152151114888,0.0221084530816492,0.0252000315026984,-0.0105076073696857,-0.00435992733914522,-0.054961919555343,-0.0164673104542967,0.00355683590816544,0.0417345614341992,0.0750050045794305,-0.165324581281188,-0.00544197509012635,-0.0169441347176209,-0.00959459843450238,-0.00822159209205924,-7.17609036983102e-05,-0.0187906694579563,-0.00818069576597008,-0.00573982315657196,0.000511336716265708,0.00115834396715729,-0.0332537640896091,-0.036457839581827,-0.0340987553788265,-0.0100728201971165,-0.0122665615213473,-0.0122310857343071,-0.00704964369321596,0.0389699239999723,0.0172407621865573,0.0135255439592135,0.00847493735111951,0.0341005182975895,0.0424747429145031,0.0408423206690297,0.0388118200723436,-0.0601226167567016,-0.0505005071602259,-0.037924314052059,0.00975189352701144,0.15016996279626,0.148439422347498,0.139703466642045,0.045142653755056,-0.017940715007698,-0.0100661983733645,-0.008068967822234,-0.00339680399422757
"gamma_EDUBASICA_LV1",-0.00116705234015575,-0.0928855879877855,-0.0125253059879029,0.0126513187876833,0.000100668148057726,-0.00277792640520673,-0.00803119652696954,-0.00596175339110935,-0.00514718099065516,0.020795328202622,-0.00798896850730942,-0.033297216864475,-0.010936382692374,-0.051017066309534,0.0643536125531426,0.011251947533458,1,0.705932602712709,-0.0738593022115577,0.0416847251038254,0.056253866399025,-0.108086530085541,-0.126926008746776,0.0285731280787794,-0.00943173842606015,0.14086286701093,0.00764201944293295,0.0751668240453615,-0.0438259862715806,0.00965432452280294,-0.0032390144304944,-0.0182388451218968,0.00215684924501524,0.0669305582801769,0.0882968927705077,0.0519816663816899,0.0648192223740482,0.0048350334434379,0.115493501314277,0.00474299333083311,0.0351604296978297,0.0763936683456496,0.553735417527143,0.522193066580935,0.498205694903022,0.390594844264872,0.54347254500828,0.541099882347604,0.522780512918922,0.429831302372928,0.53787734421457,0.488585353301944,0.464504004538617,0.339857403843127,0.489943217309119,0.540885243491716,0.531811480079698,0.408369860881559,0.0617624747637023,0.0373781119657176,0.0274267717211546,0.0125809471437771,0.0439374561067699,0.120100542111224,0.11661249973163,0.109138591315261,-0.0250563386233857,-0.037014467421379,-0.0436726219415141,-0.0405652842676113,-0.0454904323715979,-0.0488807969952242,-0.0497722133072133,-0.0520698056281684,0.518866486948969,0.536025993100901,0.524238203378364,0.451804252998551
"gamma_EDUSUP_LV1",0.00273863454204719,-0.0794627582083365,-0.00276738929308473,-0.010012047279052,0.0031232791383966,0.00149542480672961,-0.00329140612935764,-0.00697434781042498,-0.0050533013002082,0.0179913831657294,-0.0118453761534836,0.0016016357608551,0.00741208077169452,0.0432869118856151,-0.0108806908517224,0.014634374085633,0.705932602712709,1,-0.029802003403551,-0.0490575613143589,0.0962842033589153,-0.234912820670359,-0.0164924332681429,0.134390987956024,0.023553695093718,0.134450290948464,0.125784319341601,-0.0695934833082283,-0.0324705932553836,-0.00543008363852244,-0.00674605357693493,0.00402650099276626,0.00559530461940669,0.186839217692022,0.192730702186756,0.136341817882764,0.174650600482845,0.0297345967222678,0.105360393000054,0.0199282597612289,-0.0164860976760592,0.193038263785721,0.467927530465701,0.456144312784597,0.438118239948058,0.372110507440014,0.468511417902073,0.464867545384423,0.448217686954188,0.382795450430267,0.471882463896609,0.407329416607063,0.385179667675473,0.306698827124714,0.427844281405081,0.465159325910262,0.456700450769992,0.354109576452056,0.138203834585492,0.0944482651304227,0.0846406450367469,0.0687245544491126,0.132011464107858,0.13154732352366,0.127605041591868,0.12236018816863,-0.0361606738303557,-0.0410702708262627,-0.0425008726661739,-0.0285398825978763,0.000820442370894319,-0.00266581848504795,-0.00482245012616431,-0.0256725887089022,0.44455025724262,0.463734484735835,0.454607791267573,0.396112312313658
"gamma_HPICO_LV1",-0.00165783294508754,-0.0586671683611163,-0.00794172213093502,0.0260213820774532,-0.00866244833872797,0.00094622151971932,0.00824744576853328,0.0154503538122935,0.00566296188228521,0.0262618278925277,-0.0215416131930904,-0.0384506651156005,-0.0130819329254539,-0.0964204116301008,0.113349328203277,-0.0395071537850873,-0.0738593022115577,-0.029802003403551,1,0.0509599903214612,0.0582397258639577,-0.180934535206888,0.0561862537065139,0.0350891663352964,0.0610792040236087,-0.0317296825209788,-0.446885768149107,-0.0687020090694433,-0.00680721373008895,-0.0147776195657315,-0.041690951940452,0.00425788976973106,-0.00278640225100151,0.117729325598297,0.0870096276069093,0.119626077592016,0.0999183982866686,0.0265933089603921,-0.110563232643665,-0.000271126037640406,-0.0226226454300608,0.0755596346012151,0.0817365878651825,0.104671410805889,0.106912896355183,0.0943856141096727,0.100391276383982,0.0955603297555706,0.0920385261741434,0.0672942209526251,0.08049756328853,0.107854038349663,0.111126661103004,0.0829971908962626,0.0907276980602324,0.0947186440548806,0.0927428752713514,0.0722324659905077,-0.264408320851364,-0.168536058888085,-0.145714593578735,-0.105110845443001,-0.253544522025242,-0.21378630550981,-0.203276983000824,-0.168786109518931,-0.00363749428666421,-0.00648798797725741,-0.00847307864436268,-0.00966204263433936,0.0174314182118105,0.0166573583228682,0.0145180442224181,-0.00205678335039456,0.104924355991469,0.0920340012588651,0.0876410005778181,0.0684911642036251
"gamma_CSECO_LV1",-4.90283657502188e-05,-0.118427541882244,-0.0202585013895488,0.0278206801082428,-0.00729513856472552,-0.00110986875331698,0.00161892277520117,0.022366627683727,0.00381891131851033,0.015422373016096,-0.0141351433309991,-0.0579939115551012,0.0114977798180969,-0.1605872858843,0.138715222279112,-0.0718895896507134,0.0416847251038254,-0.0490575613143589,0.0509599903214612,1,-0.00504911225327306,0.148168086389353,0.0648543917101058,-0.234414047336991,0.0533860735172646,-0.238863438950405,-0.128868223037166,0.212333968930692,0.035853497135476,0.044721431000478,-0.0494419703685862,-0.041688223476424,-0.0698613957661306,-0.0189614803821923,-0.182453316351008,0.0430691668164313,-0.13112568104185,-0.0505601806482403,-0.193805102282148,-0.0108760226708324,0.120957894055243,-0.195076935740551,0.426153389395293,0.515470530601452,0.503738600228922,0.377576251629239,0.490206868330453,0.455423064828198,0.425601760170833,0.286881128095122,0.392624897051856,0.532981465646417,0.523094320218282,0.38616517887474,0.408118370653137,0.476165760594543,0.473190160843711,0.35104645644952,-0.043519336016396,-0.00685907512427227,-0.00685490833944212,-0.0146245160423862,-0.0158962463018174,-0.139638000196869,-0.143260453320429,-0.166045475998917,0.0234183459578542,0.00905886701794239,-0.00366777623325453,-0.0251684791713207,-0.0944914646874845,-0.0889109922453476,-0.086746970555801,-0.0541014337776789,0.472775121461907,0.45699664628156,0.43623397348544,0.345232980877012
"gamma_SININFOTRF_LV1",0.00550060678930957,-0.0391569290604809,-0.00162214455137224,0.000583318055938609,-0.00987415714300917,0.00716411934274258,0.00166444497559918,0.00480662416034246,-0.00165207204115048,0.0118906036455136,0.00130491019597322,-0.123432925481684,0.00486132578730658,-0.0169275999921393,0.0383578808425899,-0.00809418875477951,0.056253866399025,0.0962842033589153,0.0582397258639577,-0.00504911225327306,1,-0.182149929944483,-0.160305336477381,-0.0281739616879413,-0.0618520908103008,-0.218359263383774,0.0156819769023424,-0.00913800250589036,-0.013862639789321,-0.0208597749104829,0.0101167659640455,0.0595446076850818,0.00374963770105832,0.157927650447554,0.123730871961917,0.0255578719977793,0.178185887754304,0.000415143011003487,0.0517988972406789,-0.0614473698999036,-0.0634220846609431,0.122372971720109,0.2998625367524,0.31008930362876,0.307568477850213,0.26782262823147,0.313951200793706,0.302144638668087,0.290409223324474,0.239714036954572,0.345030850168683,0.232568764770157,0.215070984855827,0.150016987084494,0.251510043710582,0.302718339205316,0.308725921510314,0.25969214484891,-0.146236795347417,-0.111847109408445,-0.100949518328864,-0.0761010798046464,-0.156867281247279,-0.0203355301983217,-0.00749061323446109,0.0175434273309189,0.0596846745572073,0.0546419005048315,0.0457830843247086,0.00427567379178744,0.0543624739046878,0.0571979677909363,0.0554898186134359,0.0320818134352295,0.301172034140789,0.300494118190321,0.29306106324011,0.253287447662186
"gamma_LV2_LV1",-0.00121081942781494,0.00518353312125714,0.0100121217824021,-0.0123156463274004,0.00729764461323141,-0.00470886958258836,-0.00567201643303104,-0.00307256676908752,-0.00172294515820205,-0.01757155739796,0.0065882932529351,0.0611344445755776,-0.00198665895914887,0.0670757767815851,-0.174428326779334,0.0315553946033885,-0.108086530085541,-0.234912820670359,-0.180934535206888,0.148168086389353,-0.182149929944483,1,0.18679426731337,-0.27966066186128,-0.0178491650872441,-0.103935634771852,-0.0776923304650223,0.129107480478921,0.037450432405016,0.0184857131759261,0.0188995500687791,0.00024847543255221,0.0016005624691725,-0.636319585514882,-0.640870319864092,-0.476738141733012,-0.652077074128902,-0.0411103531045763,-0.222868532271718,0.0523511984066905,0.0114167972785707,-0.649115050570213,0.0498160773526316,-0.0223631249672372,-0.0402841589140077,-0.0816508298417344,0.0171477221338649,-0.00515876070618753,-0.0141762969049727,-0.0313399809142085,-0.0213544165735896,0.0470535001550414,0.046380603463776,0.0533270731483751,0.00385699823653436,0.0092030661314223,0.00899478344194853,0.00108565681322954,0.0285274308613748,-0.023194760676818,-0.0249652629116286,-0.0272924291505893,0.0608548136336894,-0.199534510457383,-0.20792746702868,-0.214085859751837,-0.0253622432696322,-0.00529929968009648,0.0086002347975278,0.0423140265014618,0.00290819126840921,0.00835009058772872,0.013526028799539,0.0315567710111292,0.0101584721144447,0.00480582823635427,0.0029914212825505,-0.00119865834115492
"gamma_ADULTO40_LV2",-8.6405566844416e-05,0.00698117590258515,0.00436437333446245,-0.00108935377079908,-0.000971379134908847,-0.00678164993642455,-0.000262379018272359,0.010480203886405,0.00146561000480456,-0.0117842581520012,-0.00376834578477022,0.0388263715489138,-0.0010686900193477,0.0204546659051212,-0.0396335270494878,0.017491725621981,-0.126926008746776,-0.0164924332681429,0.0561862537065139,0.0648543917101058,-0.160305336477381,0.18679426731337,1,-0.164426509076202,0.030532910012291,0.0296576410370462,0.127543205174323,-0.444610970062165,-0.0117788312343351,-0.00759255951508102,-0.000265679747758278,0.0144487508874253,-0.0347311634537113,-0.114704554534829,-0.226467572670487,-0.0881993962145842,-0.164766200156741,-0.0975206042290522,-0.325355223698108,0.0483899334571467,-0.11129153638103,-0.236403551540951,0.0535653508295608,0.100729653425802,0.104350985177639,0.115224547234847,0.0943591098511646,0.0636981973854751,0.051834853103498,0.0428175322641297,0.0455431144783653,0.111701237006667,0.114869010457174,0.144554718250185,0.0669721542810762,0.0837783855947894,0.0854332350154803,0.0810452494145873,0.206738056754667,0.125693971454723,0.116617369434049,0.105593007023885,0.282721660898588,-0.179879016729411,-0.193837155636316,-0.201241367547728,-0.0507703035066514,-0.0402093811652211,-0.03163895950156,0.00953342926404383,0.0895814167746103,0.0855054705216104,0.0818671343005012,0.0317720299417558,0.0995373355842386,0.0718719821448287,0.0640793409437292,0.046008958213122
"gamma_EXP_3_LV2",-0.000438857051403974,0.0318600211278826,0.0126641893743712,-0.0106489915738116,0.000155228806578564,0.00625386121258229,0.000144660772042327,-0.00631767095383624,-0.00664026604637449,0.00832173385329377,-0.000414992824882998,0.0129567867563605,-0.0115291929016758,0.041231468028321,-0.00626909810220648,0.0250240586763119,0.0285731280787794,0.134390987956024,0.0350891663352964,-0.234414047336991,-0.0281739616879413,-0.27966066186128,-0.164426509076202,1,0.18792128388799,0.319221822001782,0.250660563920205,-0.188494574341622,0.00412246280182057,-0.0564686858731765,0.00711131454252846,0.0307584056986922,0.0527732123617774,0.168280381492593,0.235645671637981,-0.0433206560211354,0.192546848087231,0.0705668680536951,0.162201159545245,0.0709314172512721,-0.0771445318346897,0.252659549539929,0.0620221462731554,0.0373553063441016,0.0279990465989539,0.0581501764584494,0.0405375656460189,0.0610814316919613,0.0672909757319771,0.0984775494977722,0.14484373862746,-0.0806206778676702,-0.102305716252504,-0.107807202375993,0.0607709114846563,0.0500580745940768,0.0450333335420502,0.0396687287271946,0.271539138140344,0.212551695932966,0.196765932055929,0.176994964853487,0.260264023406528,0.230007076433447,0.222614842592223,0.217848869910822,-0.0674512378370365,-0.0566978340041149,-0.0400329981648901,0.00898318845925344,0.0717739410434781,0.0661472761491907,0.0599207000734007,0.0207584360921969,0.03185322501267,0.0605266364788738,0.0661398283900189,0.0708894618737185
"gamma_EXP_4_LV2",0.00128230681571179,-0.0114672996388972,0.00590343813327201,0.00322789592653773,-0.0072313099947232,0.00397333224898612,-0.00178977567931807,0.00418045139837651,-0.000337867481025239,0.00418356193399537,-0.00414773255978413,0.00741200720513691,0.0137948258672776,0.00243084722830192,-0.00135482660291022,-0.0161156660346129,-0.00943173842606015,0.023553695093718,0.0610792040236087,0.0533860735172646,-0.0618520908103008,-0.0178491650872441,0.030532910012291,0.18792128388799,1,0.263356124313677,-0.097702814724752,-0.116687868138537,0.0174642944678461,-0.0215716190357224,-0.0225634486115853,0.000273592827910917,0.0128265801556946,0.0708947396814864,9.69206852970827e-05,0.00747633625022826,0.0146315999017223,-0.0277296724686217,-0.0945616328445797,0.07678000650087,-0.0661739835073364,0.000808028601989921,0.10950852867484,0.158458901389043,0.15772098310742,0.160827113167131,0.139504112444092,0.126063320840876,0.121366646159964,0.104829706163665,0.134384365428827,0.122210712133439,0.117726413453578,0.099159917344539,0.117034062216961,0.135943216896214,0.134996498331282,0.107822941194199,0.188159444011001,0.141878207960101,0.129098914383547,0.0998144507677929,0.200376775726488,0.0134842760416296,0.0034065442126936,-0.0280303296388311,-0.0736913952293359,-0.0632293661517872,-0.0513775011723086,-0.0016534110789692,0.055413215893418,0.0514742682325933,0.0481028699592145,0.00894347256995033,0.131194853654424,0.131865886560209,0.129302446260323,0.113415567861371
