"","asc_ruta1","asc_ruta2","asc_ruta4","b_tt","b_dt","b_Sem","b_ACC_1","b_ACC_2","b_SI_CAMFD","b_SI_PANEL","b_SI_ZER","b_Si_MTRP","b_No_Info","b_UsoCel_F","lambda1","lambda2","lambda3","gamma_EDUBASICA_LV1","gamma_EDUSUP_LV1","gamma_EXP_2_LV1","gamma_EXP_5_LV1","gamma_HTRB_2_LV1","gamma_HPICO_LV1","gamma_CSECO_LV1","gamma_SININFOTRF_LV1","gamma_LV2_LV1","gamma_EXP_3_LV2","gamma_EXP_4_LV2","gamma_EXP_5_LV2","gamma_HPICO_LV2","gamma_USODISPMOB_LV2","gamma_EDUBASICA_LV3","gamma_EDUSUP_LV3","gamma_JOVEN30_LV3","gamma_ADULTO40_LV3","gamma_EXP_2_LV3","gamma_HTRB_2_LV3","gamma_HTRB_3_LV3","gamma_SININFOTRF_LV3","gamma_USODISPMOB_LV3","zeta_FRbr","zeta_EnfCond","zeta_AFrSem","zeta_CulFr","zeta_OmLmVel","zeta_IgPare","zeta_PasoPeaton","zeta_UsoDirec","zeta_UsoPito","tau_FRbr_1","tau_FRbr_2","tau_FRbr_3","tau_FRbr_4","tau_EnfCond_1","tau_EnfCond_2","tau_EnfCond_3","tau_EnfCond_4","tau_AFrSem_1","tau_AFrSem_2","tau_AFrSem_3","tau_AFrSem_4","tau_CulFr_1","tau_CulFr_2","tau_CulFr_3","tau_CulFr_4","tau_OmLmVel_1","tau_OmLmVel_2","tau_OmLmVel_3","tau_OmLmVel_4","tau_IgPare_1","tau_IgPare_2","tau_IgPare_3","tau_IgPare_4","tau_PasoPeaton_1","tau_PasoPeaton_2","tau_PasoPeaton_3","tau_PasoPeaton_4","tau_UsoDirec_1","tau_UsoDirec_2","tau_UsoDirec_3","tau_UsoDirec_4","tau_UsoPito_1","tau_UsoPito_2","tau_UsoPito_3","tau_UsoPito_4"
"asc_ruta1",0.142736615562313,0.116781691239975,0.0999821189190654,0.0101764881567272,0.0502924340232873,0.0160272628419659,-0.00621611790754287,0.0151113555531827,-0.00950085098666569,0.00215002146747657,-0.00280187480647142,-0.00449560224315403,-0.000150130085092522,0.00878333763048278,-0.00502037516581883,0.0130117576277126,-0.00868802726601581,0.000985936970954565,0.000226061588516289,-0.00039000454233062,0.00072700109783265,-0.00139910524063101,0.000493713734475694,0.00042746066416377,-0.000611030648850981,-7.44561527940419e-05,6.62781504166106e-06,-0.00019914057697973,-0.000403838072046424,-0.000145247418539179,0.000138549020091197,0.00163652736717187,0.000898222181093156,0.0021274853484099,0.000863332908051219,-0.00213797391240507,-0.0125964459015185,-0.0124483903301068,-0.000110080884405547,9.20279570352247e-05,0.000132601210522257,-2.29520697321887e-05,-0.000292943343985762,-2.93269820484525e-05,-0.00041193065121282,-0.00483606877821853,0.00433267435405346,-0.00259732934040876,2.60018121081894e-06,-0.000751540370459684,-0.00040522108219335,-0.000542143334366291,0.000194045153580246,-0.000325923961949317,-0.000505595475798684,-0.000462720580477706,-0.000160055090127798,1.50475204478454e-05,-0.00130744903031445,-0.00155807226904625,-0.00133508106818664,-8.12511539701208e-05,-0.000152551077443888,-0.000188728190830867,-0.000253531300164782,-0.00170643553865585,-0.00157790768913032,-0.0015970720288494,-0.00159998775335993,-0.00729048804410278,-0.0094787973955532,-0.0102632930381213,-0.0133417964089506,-0.0295231627820975,-0.0271637960490352,-0.0257594583603985,-0.0228583033300138,-0.00918064556869299,-0.0103779181196872,-0.0111453967940032,-0.0140778004607539,-0.000213808800633415,-0.000194904965387354,-0.000192528361285996,-0.000186528057679006
"asc_ruta2",0.116781691239975,0.133904035175391,0.0976951975268545,0.00481061649935307,0.0434334163867519,0.00976969643678336,0.000655700206589445,0.00429673652168096,-0.00480217846137816,0.00310181651884751,-0.00116031038353833,0.00159825994270648,-0.0019991111763636,0.00421149319498161,-0.00547650104425328,0.0152975286744596,-0.00735009427174287,0.00089475093028064,0.000608053556065662,-0.000647836644865237,0.000941090204551101,-0.00130542790431369,0.000221708572638119,-2.33327252532959e-05,-0.000511067795387234,-0.000495490952711957,4.34118224858629e-05,-0.000251641872602741,-0.000473618613365346,-5.17436379894274e-05,7.55407250640776e-05,0.00122391089719316,0.000676218688958465,0.00158335765226978,0.000650691969962728,-0.00178537911627557,-0.0099134887797264,-0.00983695718321292,-0.000233577089163357,3.50265325246469e-05,0.000510281884473962,0.000262372505506606,0.000187893627188309,8.05325951201334e-05,-0.000397274677360396,0.00047426955683249,0.00328840074562194,-0.00198309139127353,0.000135096765811493,-0.00194491783241489,-0.0014020234693033,-0.00141340448378862,-0.000532238204911369,-0.00128387372192954,-0.00135096119606592,-0.0012901760114124,-0.000910883151542422,-0.00142998260997721,-0.00229770464532722,-0.00247617149829561,-0.00203930875541594,-0.000469550923953504,-0.000564678060040245,-0.000597220908259075,-0.000646636026928153,-0.00170902765238346,-0.00143426174368153,-0.00144130818990865,-0.00144462133266933,-0.00757233899482525,-0.00165059246762877,-0.00130735567801913,-0.0023868632949467,-0.0232748993577366,-0.0214845772387009,-0.0204108181534046,-0.0182020000742649,-0.00792498053679188,-0.00880673199263825,-0.00938228000313173,-0.0116199884732432,-0.000689816003066228,-0.000666786872140601,-0.000655813686708779,-0.000630867375150868
"asc_ruta4",0.0999821189190654,0.0976951975268545,0.655439327489453,-0.00914423685133315,0.0419906012660035,0.00849812232140753,0.0103532222543201,0.00505373220535842,-0.0262226850048762,0.0129489967265376,-0.00710012348382954,0.00927821087637419,-0.0609787540700209,-0.170606801326729,0.0429168445937272,-0.100930666612081,0.080409154893568,-0.0279893608948594,-0.0337439426191727,0.00185689441728329,-0.0113680685993291,-0.000295017748264761,-0.00920886539732388,-0.0102625762630622,-0.00784488128403158,0.00959476177663251,-0.0018604195952982,0.00041650142447104,0.00389394561042037,0.00113746702837501,0.000359409205288099,-0.0223861380570582,-0.026797689913297,-0.0190721418029401,-0.0142631309763487,0.00812532137818602,-0.26082858193431,-0.258200393740064,-0.0035812523619814,0.00386506940717383,-0.00920392989426624,-0.00338068396955865,-0.00647065217859458,-0.0021278563468101,0.00378845604291909,0.025811355730018,-0.010837703265732,-0.0115144450124061,-0.00222555195908879,-0.0699868345860717,-0.0768553061616781,-0.0785755068045283,-0.0876554499158218,-0.0668244206108374,-0.0603985342902183,-0.06013895844254,-0.0604545320295545,-0.089795710098712,-0.0836750153063851,-0.0837755123036744,-0.0873168856186199,-0.0291963322293071,-0.028835844658256,-0.0288688892385037,-0.0287878571374197,0.0138640917862271,0.0114166801979404,0.0107683312729763,0.0103071210899332,0.0552381651235899,0.0483609440468615,0.0401330803883811,0.0665348851480282,-0.39080743413314,-0.394158360715983,-0.396244286338742,-0.400185332896962,-0.437859959743766,-0.441939911055643,-0.444067960402529,-0.449529228959081,-0.0342264252895183,-0.0330228070704738,-0.0330012266316079,-0.0326718512784471
"b_tt",0.0101764881567272,0.00481061649935307,-0.00914423685133315,0.010957268494252,-0.00222493185607514,-6.67679521524222e-05,-0.0029595517778866,0.00796335023653125,-0.00156497571275466,-0.000114880860100492,-0.00156647927142277,-0.00361869016991778,0.000439860224346147,0.00659197663904657,-0.000377825994452733,-8.32047981912108e-05,-0.00240184392980519,0.000201420509327972,-0.000136797379685124,0.000200412192426217,-0.00013538561393664,0.000169289927826685,0.000429922823899782,0.00038509237795938,-9.03269350909401e-06,0.000120459214704668,-5.5111509446565e-05,1.14997612569626e-05,-2.75389361706791e-05,-0.000183463749312415,9.48626797683352e-07,0.000643863575838614,0.000345960246582561,0.000646895626149258,0.00036665581396771,-0.00059412761545351,-0.0049969148407399,-0.00530767753929762,6.29547069074136e-05,-1.879428252695e-05,-0.000109507885206614,-0.000113399817009558,-0.000344612828635356,-3.85992103200384e-05,-0.000206708285768816,-0.00208154795428514,0.00200493201442524,-0.00159760371744832,-3.90271499977491e-05,0.000624279279063918,0.000519528541097952,0.000471164099066808,0.00065823543776954,0.000583065465498432,0.000411697191812059,0.000421408370930564,0.000455136165079008,0.00112358559909591,0.000222120134104569,0.000147675623527381,3.63762227454436e-05,0.000242476267078996,0.000234856722042693,0.000221654056815779,0.000218744068480475,-0.000542697329845625,-0.00069412015861695,-0.00070571453155916,-0.000729367239563899,-0.00219034328290728,-0.00419676390505925,-0.00437779330628773,-0.00609765108372259,-0.0129565332458611,-0.0118277167893451,-0.0111675302394095,-0.00977201964781903,-0.00205220796417792,-0.00279174458820439,-0.00324357957246772,-0.0048919457406428,0.000268267917420888,0.000260901037546828,0.000256143864418558,0.000256593006839889
"b_dt",0.0502924340232873,0.0434334163867519,0.0419906012660035,-0.00222493185607514,0.0558793767384821,0.0103390498871893,-0.00210058049810444,0.002666103235634,-0.00599409293183266,0.00157445383340634,-0.00558033132032141,-0.010568051532848,-0.00360233486396666,-3.2757422756919e-05,-0.00793772851427145,0.0216275699892969,-0.00707577544230469,0.00110569922084626,0.000922255579131485,-0.000762272503368524,0.00121295064628221,-0.00196628918331568,0.000281924449523048,-0.000479781774112658,-0.00070577012478268,-0.000583598993256686,0.00018891743594897,-0.000186415476476755,-0.000437483885885704,4.5642264336393e-05,0.000177858471761157,0.00103581262997465,0.000531453211407589,0.00142640897232292,0.000482090045918476,-0.00142571656614941,-0.00951240470790736,-0.00912458096310051,-0.000328965846536296,0.000114126410208443,0.000711282085786991,0.000321626104401776,0.000492570720110591,7.79504340504702e-05,-0.000382421921517417,0.000152824632681401,0.00226878520391387,-0.00106161513205815,0.000152859765816368,-0.00211813735603292,-0.00115358631933397,-0.00111139053129373,-4.13444874730027e-05,-0.00122551971212825,-0.00127562129277287,-0.00125390295052091,-0.000835133872453254,-0.00172961197785552,-0.00188366834639529,-0.00203766416661547,-0.00124334649308013,-0.000361864623069332,-0.00052007935756406,-0.000567376685999631,-0.000668355127509981,-0.00131673665635143,-0.000924343973378929,-0.000930176877558277,-0.000941594209397232,-0.0061637411822788,-0.000113657438954918,0.000263226855493855,-0.000876326573201317,-0.0195197010261799,-0.0183027698306607,-0.0175601573080211,-0.0160687365711886,-0.0104896833704556,-0.0109268383447514,-0.0112260189655487,-0.0125329623266544,-0.000637805987233719,-0.00063379276091285,-0.000621108608051708,-0.000596064663884925
"b_Sem",0.0160272628419659,0.00976969643678336,0.00849812232140753,-6.67679521524222e-05,0.0103390498871893,0.0268035494346908,-0.00276044512736671,0.00300167964744331,-0.00162701772818252,-0.00116308554815353,-0.0021307857154059,-0.0067509288040934,0.00294353021355011,0.00150721605546525,0.00245503609207161,-0.00665832424320854,-0.000589518006670818,0.000136736770402079,-0.000124825418230313,-0.000128097801843063,-0.000578940274169726,-0.000295609994099329,-0.000107291642247361,0.000301904209973779,-8.99747808632122e-06,0.000286798891261769,-8.00170694181441e-05,1.59912653681681e-06,7.26416911415039e-05,5.80548788268891e-05,5.50203689287097e-05,0.00022240172920998,0.000296690452787819,0.000442814440260429,-1.83458190915157e-05,-0.000272057451760104,-2.9231892332055e-05,0.00053359924746296,0.000235037127078403,0.00012583102536286,-0.000427183641919712,-0.000203321245263911,-0.000242942439966981,-5.89177081184884e-05,6.92487702627018e-06,0.000529506863698206,-0.000412116565432851,0.000422029695750237,-9.63092984581273e-05,0.000901235712238115,0.000353644167829205,0.00014957314156978,-0.000354202088473604,0.000450563130330451,0.000450464027868165,0.00044431177101034,0.000271080297093487,0.000533796149099435,0.000682245539839358,0.000682444293129566,0.000506134371342591,0.00011932033637039,0.000192361022499542,0.0002097841474521,0.000217009529889657,0.000345055295334328,0.000158660487757583,0.000113601870252664,0.000105527477588245,0.00155026659531708,0.000869775750937875,0.000723507604826203,0.00192269662992964,0.0026482116510647,0.00236966571825121,0.00224362174801723,0.00199484269382192,0.000125818302851241,0.000242892940441037,0.000334493574141583,0.000749957848086744,0.000225225992670791,0.000236217113245456,0.000233011081549115,0.000197079051292471
"b_ACC_1",-0.00621611790754287,0.000655700206589445,0.0103532222543201,-0.0029595517778866,-0.00210058049810444,-0.00276044512736671,0.100911468557138,0.0136887740989934,-0.00300915855524346,-0.000173041103375649,0.00198250719323287,0.00523819893024535,-0.00031835040119618,-0.0109747990806451,0.000324544640216047,0.00363226335312792,0.00231745315912737,-0.000549884955438333,0.000563657212784514,-5.58518667469553e-05,0.000256316889637817,-6.37804520976386e-05,-0.000621300886296883,0.000253196297287428,0.000157353762605325,-0.000335251762178312,-0.000243590092318565,-0.000208577065393351,-0.000222764827460213,-0.000269017509102829,-0.00043374249679326,-0.000639740650008218,-0.000398583394837759,-0.000262119380904222,-0.000179575263800311,0.00038207992855018,0.0035609514885059,0.00357518731248296,-0.000444610699087792,0.000267462077047918,0.000691519120515316,7.57652858049471e-05,-1.02349920844235e-05,0.000149411310876173,-0.000259276431020695,0.0255585922626307,-0.000609212062923788,0.000498720568299832,2.99792720512281e-05,-0.00421839093297073,-0.00310390660212038,-0.00262206363534348,-0.00145575819582411,-0.00260604984303371,-0.00302972478453827,-0.00303645372148254,-0.00302450570779072,-0.00333511906220942,-0.00445951499650023,-0.00446707510820786,-0.004411328792341,-0.00138410625912786,-0.00131162203069167,-0.00129718630565683,-0.00114338410535939,-0.00193185959806986,-0.00208212495746897,-0.00218357683995066,-0.00222769954411591,-0.00876749940496046,0.0280890634593499,0.0308978131325529,0.0424544911585826,0.0059880030340236,0.00552606622214093,0.00529130976941762,0.00478878321729026,0.00292352757027336,0.00322452219887739,0.00329464513353609,0.00365685896042499,-0.0013094872877102,-0.00156608635755169,-0.00160293387538745,-0.00162728024179452
"b_ACC_2",0.0151113555531827,0.00429673652168096,0.00505373220535842,0.00796335023653125,0.002666103235634,0.00300167964744331,0.0136887740989934,54039359.0691358,-0.00857417373699535,-0.00723319896037365,-0.026564482541538,-0.0300719005932159,0.00303186238672738,-0.00351745530453556,-0.00546020667411066,0.0245393348949066,-0.0052369470298312,-0.000557083309915911,-0.000871513713724282,-0.00177189242970208,-0.000328400022298316,-0.00344088019338318,0.00286345773276378,-0.00126745655616355,-0.00283990637257871,-0.00241448565287248,-0.0022066277079103,-0.00193477782678905,-0.00174325039263432,-0.00217512195504931,-0.00125479751921605,0.000337739914653568,-0.00127384392862078,-0.000380686726014414,0.00145636345549535,-0.000303435948406256,-0.0134391085167022,-0.0123486394567165,-0.0112794452866334,-0.0011800562614682,0.00147256708265973,0.000570684359903527,0.00130220785565073,0.000428915757420614,-0.00250594668903763,0.0509439177186055,-0.000300370334449277,0.000331572029359687,0.000489532963686527,-0.0253851172422206,-0.0247970543580042,-0.0239761395389452,-0.0213474570596898,-0.0203946111521419,-0.0213237849537125,-0.0216200224130302,-0.0207045452964716,-0.0287184655548689,-0.029037354671954,-0.0284500058702019,-0.0260495188403509,-0.00924783267706256,-0.00961474896904617,-0.00965481347972254,-0.00930467875284971,-0.0127034954170193,-0.0132836432933486,-0.0134811545484637,-0.0138133202832292,-0.0591601106903329,0.0310943757090271,0.0397323378896438,0.058203522189298,-0.0306321025266641,-0.0309139755330141,-0.0309241880277353,-0.0307159681744114,-0.0366748630646994,-0.0361124343158503,-0.0359864206269388,-0.0360550497443586,-0.0109014890000621,-0.0109420815530567,-0.0108896594988549,-0.0106171959589464
"b_SI_CAMFD",-0.00950085098666569,-0.00480217846137816,-0.0262226850048762,-0.00156497571275466,-0.00599409293183266,-0.00162701772818252,-0.00300915855524346,-0.00857417373699535,0.0913846628075967,-0.00880915636350425,0.00569514262152254,0.0097947086181815,0.00220834331917918,0.0100522822271574,-0.00349943940079668,0.00814194424226932,-0.00407869601892004,0.00154139331388813,0.00299406262407067,-0.00111999835683155,0.00122909430820813,0.0013768588941171,0.000363079196388255,-0.000554087375820163,0.000651450470540335,-0.00222009716819121,0.000226965832737439,-0.000345769910909375,-0.000745529811497318,0.000245393321649796,5.56629496908181e-05,0.000528661583103716,0.000830787936862992,0.000525153081167449,-0.000493958257680343,-0.000783693444390392,-0.00234136205861569,-0.00307816957094474,0.000215749496006284,8.74609644683025e-05,0.00128754554847653,0.00106538513883998,0.00179383121060975,0.000484544932833902,-0.000746404490793474,0.020226331130018,0.000183150111779619,-0.00135378025248736,0.000473418436658144,0.00139731494084144,0.00133280573500073,0.00134171470282858,0.00203936088696853,0.00117104151151894,0.00113681663329105,0.00130086036757779,0.00154158267081019,0.00110159436250776,0.001886203403551,0.00233171681850707,0.00372799793978221,0.000632149236234601,0.00054741816007139,0.000553997561507944,0.000619371404421219,-0.00138968601695323,-0.00125113368896809,-0.00120670523313213,-0.00114169780290772,-0.00671905351661796,0.0275073991669268,0.0329043617572699,0.0397031504726759,-0.00422776810291381,-0.00408771168216194,-0.00393636761519916,-0.00365479945021471,0.000661841863423085,-3.28601885949599e-05,-0.000377206852359636,-0.00140325060960413,0.000838479672606448,0.000617901442618076,0.000625983921053866,0.0005869439968718
"b_SI_PANEL",0.00215002146747657,0.00310181651884751,0.0129489967265376,-0.000114880860100492,0.00157445383340634,-0.00116308554815353,-0.000173041103375649,-0.00723319896037365,-0.00880915636350425,0.0477226923060359,-0.00107534182227666,-0.00212322746991838,0.00629223132212493,-0.00197014856018287,0.00319922583436894,-0.00892526397748065,0.00290410243989784,-0.00132273398218248,-0.001481212134032,0.000742653778937795,-0.000229549528661566,0.000314008331870946,-0.000297366270517877,0.000414222524188472,-0.0001720152753354,0.000361326795674959,-0.000277653736105491,-0.00021282650650252,-2.23912911344048e-06,2.21981081715715e-05,4.83944235180016e-06,-0.00119740086192161,-0.00129099286606543,-0.000312444972108041,-0.000128404225677487,0.00041469274072599,0.00568245422499095,0.00567371475893304,-1.63409603057398e-05,0.000303757129298748,-0.000300233015381026,8.04935370958197e-05,-0.000234976888418142,-4.46727091669621e-05,0.000229111965944062,-0.00432035815693299,-0.000318641549091927,0.000739826262303633,-8.42294115253606e-06,-0.00177799639976205,-0.00209731082351146,-0.00225197161547722,-0.00323286517738628,-0.00204285082225359,-0.00142398387581042,-0.00133493726641331,-0.00140594804257373,-0.00228743142889981,-0.00230646758894806,-0.00247411115241358,-0.00356916671069082,-0.000882616887461328,-0.00078518931220912,-0.000783723103517028,-0.000849836061298203,7.37644638899351e-05,-0.000182811971112882,-0.00019117486437011,-0.000144668950677898,0.000620273936865499,-0.00830372865040747,-0.00943464763785406,-0.0098434326512045,0.00779993614219894,0.00765555493971843,0.00751961952253537,0.00718541973546123,0.00505703656843083,0.00538707334879733,0.00559926866480606,0.00626921587048141,-0.00102568751877858,-0.000873097868442004,-0.000872533058549995,-0.000890240076802135
"b_SI_ZER",-0.00280187480647142,-0.00116031038353833,-0.00710012348382954,-0.00156647927142277,-0.00558033132032141,-0.0021307857154059,0.00198250719323287,-0.026564482541538,0.00569514262152254,-0.00107534182227666,0.073187048911795,0.0032061297337472,-0.0064927387226153,0.00195613396633183,-0.004894360310508,0.0163478144094876,-0.00224012097797874,0.00185898138092037,0.00106019315340059,0.000294844472176543,0.000516427188799478,-0.000672870000776458,-0.000108537588297389,-0.000586629028344957,-5.94343940339216e-05,-0.00037564157384185,0.000205570222281636,0.000190506766321766,-0.000116906718766798,4.83867977752939e-05,-0.000162219737098615,0.00175942719953573,0.00131718825709062,0.000580316391948177,-0.000309811370785919,-0.000186214291378291,-0.00326967365055622,-0.00360648289993166,5.12149573818185e-05,-0.000261481042114085,8.88224101642616e-05,0.000224421732514682,-6.51711743290786e-06,1.83748337475739e-06,-0.000424838266428637,-0.000446693742417844,0.00189848271674357,-0.00157864278086023,9.99497442433689e-05,0.0013511640099411,0.00108679527527548,0.00104102765284927,0.00112951609539653,0.000873172630885921,0.00112769828774195,0.00121598605994244,0.0015990259235058,0.00177582353478067,0.0010112733055907,0.000963879191267307,0.000755404999126575,0.00064190687760134,0.000496439064569622,0.000454983446339837,0.00038748220034715,-0.000553369100327011,-0.000454646741803605,-0.000535746393124466,-0.000710072835122484,-0.00244691475106092,0.000712501993145026,0.000397989238196389,-0.00222690525286311,-0.00899427891277039,-0.00797144393411872,-0.00734186697315341,-0.00601607015936867,0.00191795551761078,0.00128304735531839,0.000848724994284368,-0.00083919312718533,0.000467157627795659,0.000587693748577488,0.000606456433729495,0.00065804858927125
"b_Si_MTRP",-0.00449560224315403,0.00159825994270648,0.00927821087637419,-0.00361869016991778,-0.010568051532848,-0.0067509288040934,0.00523819893024535,-0.0300719005932159,0.0097947086181815,-0.00212322746991838,0.0032061297337472,0.141369886048533,-0.00238615469120787,-0.00165593632752454,0.00703490373143215,-0.0161777352707352,0.00266899072383406,-0.0012188774538696,-0.00158496939895984,0.000191354179233059,0.00099707237262939,0.000500180631052748,-0.00110928015472745,0.000235654709994299,0.000107199449244788,0.00100545254850162,-0.000220500242099218,-0.000232649316433692,-0.000113174488651991,0.000109050750430733,-0.000109026198566805,7.33334120626866e-06,-3.07334754125965e-05,-0.0010187517312227,0.000864717846392441,-0.000513802333530084,0.00670265535159264,0.00682277266859158,0.000121893799969167,-0.000558608945719397,-0.000931455847901766,-0.000686462941668956,-0.00105813181816019,-0.000257020963680315,0.000179935765127911,-0.02468534766956,0.00145073031722755,-0.00119705810253376,-0.000341915029415828,-0.00113074574544419,-0.00145794311716556,-0.00140967653717657,-0.00244219346476092,-0.00110042901035745,-0.00116232098498447,-0.00119679173533586,-0.00157756126790221,-0.00139338864240939,-0.00154269200852256,-0.00154472805832801,-0.00286054515750681,-0.0006093478465794,-0.000517118677168797,-0.000501196871016375,-0.000487913821320618,1.59465268636833e-05,-0.000104269561152325,-7.71394484782589e-05,-6.49180622983792e-05,0.0015580384236032,-0.0353033161612232,-0.0400126681607449,-0.0496144295951401,0.0054676550175148,0.00639912298313483,0.0069654960392305,0.00785896104516366,0.0154488793028891,0.0148649308283302,0.0145180895470553,0.0133703941722408,-0.00058670322992327,-0.00062817316135683,-0.000653814329267792,-0.000704469694338609
"b_No_Info",-0.000150130085092522,-0.0019991111763636,-0.0609787540700209,0.000439860224346147,-0.00360233486396666,0.00294353021355011,-0.00031835040119618,0.00303186238672738,0.00220834331917918,0.00629223132212493,-0.0064927387226153,-0.00238615469120787,0.1351730295426,-0.00114241155754652,0.0245929052644045,-0.0649116962741536,0.00600396255024652,-0.0038037169988276,-0.00314114310051252,0.0037167015611908,-0.00259921027345057,0.000964797319449735,0.000687707320936846,0.000652269877072294,-0.0114622809196194,0.0070666891400778,0.000232887882671221,0.000976557477772626,0.00158554397640655,-0.000835694455617899,2.10248855987416e-05,-0.00017289041353921,0.00133343446183318,-0.000865999977613964,0.000130538793186867,0.000680722878556177,0.00404030726782229,0.00476258203044197,-0.0068980060029359,2.64851185267127e-05,-0.00809670785497529,-0.00528538679100591,-0.00653123056179097,-0.00199096425062146,0.000655459590435485,-0.0326964410333721,-0.000689180761885236,0.00133814009984852,-0.00231360778522457,-0.00783327449466095,-0.0151851499352128,-0.0168337022245495,-0.0204533438688012,-0.00970073562274871,-0.0113819835158396,-0.0118602175329408,-0.0128168766907356,-0.0150104216081945,-0.0147152984291934,-0.014498244170221,-0.0132439110937714,-0.00483144436164622,-0.00483363616114837,-0.00483250691296917,-0.0045666004741922,0.00372946333979639,0.0025023556779369,0.00245377864487046,0.00235160352472197,0.0171056960787946,-0.0416662752874607,-0.0474523403417897,-0.060792303450453,0.00131897820549839,0.00075254581668689,0.000544770220665569,0.000280154592679252,-0.00536276255079541,-0.0046846168301802,-0.00440665177963028,-0.00336232020565983,-0.00567474759585143,-0.00553101770805871,-0.00551677548929122,-0.00537747073110754
"b_UsoCel_F",0.00878333763048278,0.00421149319498161,-0.170606801326729,0.00659197663904657,-3.2757422756919e-05,0.00150721605546525,-0.0109747990806451,-0.00351745530453556,0.0100522822271574,-0.00197014856018287,0.00195613396633183,-0.00165593632752454,-0.00114241155754652,0.170747745612847,-0.00149938775513994,-0.0232549220699764,-0.0214719979693066,-0.000432895159203118,0.00342310819260225,0.00189498913614419,0.00079507530621073,0.000230170723104871,-0.000386872309018085,0.000431422781451423,0.00013066112130356,-0.00165974610141081,-4.40709461390241e-05,-6.8111468404175e-05,-2.3558697776939e-05,0.000276601781493176,0.000298262551542903,0.00153556471620998,0.00309293085372043,0.00142212531915364,0.000954804628835879,-0.0014267159237094,-0.0233891867915939,-0.0217519696748961,-0.00030483128859773,0.000393440549399093,0.00192668723008835,0.00104439142907172,0.00230273376972148,0.000532769380340296,0.000707171763188651,-0.00554884313770755,0.00145753697590747,-0.000592408458943844,0.000719905520432904,0.000569812308764082,0.00057521743737598,0.000534298310302659,0.00267973579597091,0.00130839181671184,-0.000142292667557037,-0.000273428829825254,-0.000186494522384056,0.000715670091759368,0.000499309303865259,0.000834785622103169,0.00393608197609369,0.000179660884337856,0.000162279794481199,0.000140478214566171,0.000125910624547596,0.000468613422553945,0.000988466364480648,0.00115226066636643,0.00162647997083167,0.00300853640463152,-0.00708191280352892,-0.00673049273582213,-0.00607389399070851,-0.033927603379589,-0.033647929422643,-0.0332882548326711,-0.031657340752371,-0.0315529019732538,-0.0313436443643826,-0.0312756566970599,-0.0324767153975658,0.000217943012002888,0.000223299654239449,0.000264230834894079,0.000285932817942021
"lambda1",-0.00502037516581883,-0.00547650104425328,0.0429168445937272,-0.000377825994452733,-0.00793772851427145,0.00245503609207161,0.000324544640216047,-0.00546020667411066,-0.00349943940079668,0.00319922583436894,-0.004894360310508,0.00703490373143215,0.0245929052644045,-0.00149938775513994,0.0415753025473152,-0.106574243711635,0.0111892907269947,-0.00297041206184157,0.000815307108281077,0.00378872124694772,-0.00506930446967754,0.00704887604828428,0.00192514979351699,0.00182358930005232,0.00252705978129097,-0.000515557088059602,-0.000402464616049629,-0.000153602757176087,0.00120840270057687,8.31909000247071e-05,0.000634694457367135,-0.000553959700434897,0.00146984594723296,-0.000827727671382942,0.000666128400084081,0.00115523485703527,0.00968324217140075,0.00907238959142855,0.00154902340084783,-0.000139061503307049,-0.0014882686398256,0.000394073519270181,0.000703492958803931,0.000721406151906877,0.000525599399881968,-0.0251979525742417,0.00100471929462175,-0.00147459574345429,0.000226882417440485,0.01203481560236,0.00632807774899733,0.00519584299135248,0.000858091278690298,0.0068730515773452,0.00676856042975413,0.00676807900974998,0.00520474404596144,0.00899641916744827,0.0103713891601989,0.0108488337811013,0.0102889275947301,0.00173860336216581,0.00277812584341513,0.00317264239644372,0.00394827048784663,0.00459462066686086,0.00263733395397936,0.00260447531678272,0.0027616389266128,0.0214056329898356,-0.0317197653971319,-0.0351337005578756,-0.0395392264226893,0.012671275032706,0.0136057584610419,0.0140847406873857,0.0149392316465811,0.0227501460777682,0.0220278648705108,0.021722645773295,0.0208952194254831,0.00374546644808094,0.00345691978613556,0.00338588031106505,0.00316404336032014
"lambda2",0.0130117576277126,0.0152975286744596,-0.100930666612081,-8.32047981912108e-05,0.0216275699892969,-0.00665832424320854,0.00363226335312792,0.0245393348949066,0.00814194424226932,-0.00892526397748065,0.0163478144094876,-0.0161777352707352,-0.0649116962741536,-0.0232549220699764,-0.106574243711635,0.31352905725034,-0.0342058944747806,0.016216297486817,0.014768067656961,-0.0161344626753525,0.0132110278031364,-0.0106553253003571,-0.000285242767092488,-0.00784046217874845,0.00106861990957043,-0.0288138707924584,0.00110526632192632,-0.00294690783993334,-0.00668463857677022,0.00253133665131487,-0.000761215153066269,-0.000479269476319096,-0.00532117267201881,0.00258002532183591,-0.00220300255874032,-0.00367871507871564,-0.0318403974873334,-0.0320311358922911,-0.00485824859062182,0.00185795749985142,0.027095325461416,0.0160980011705438,0.022984336149852,0.00613100966153988,-0.00689414342929434,0.248217159793415,0.000922089911234435,-0.00455729966671935,0.00796552834667311,-0.0381688647349404,-0.0171781650275994,-0.0108603865219945,0.0158811357537865,-0.0197426956900743,-0.0205308367584185,-0.0193733626354666,-0.0109453515110007,-0.0265734927028015,-0.0285219899535455,-0.0278210603914174,-0.00941163697347915,-0.00566122780502202,-0.00834687106047518,-0.00903084005803933,-0.00941028629615981,-0.017244508108524,-0.0117151019137396,-0.0118593560025291,-0.0124933872354101,-0.0874971933832364,0.34304424605318,0.391814021042699,0.473233819495349,-0.059842872780942,-0.0592844632266132,-0.0588736550498957,-0.0581318927153018,-0.0491243403602007,-0.0500871462668591,-0.0508707835496982,-0.055320589788367,-0.00998304465269409,-0.0103842722878169,-0.0100159392420418,-0.00901391365053222
"lambda3",-0.00868802726601581,-0.00735009427174287,0.080409154893568,-0.00240184392980519,-0.00707577544230469,-0.000589518006670818,0.00231745315912737,-0.0052369470298312,-0.00407869601892004,0.00290410243989784,-0.00224012097797874,0.00266899072383406,0.00600396255024652,-0.0214719979693066,0.0111892907269947,-0.0342058944747806,0.0381659611430618,-0.00046251977440166,-0.00233803658726043,0.00144764171397607,-0.00220229012286078,0.00192133594984857,-0.0010140425391678,-2.01960577422666e-05,0.000133114438191333,0.0015673993395717,-0.000948533059619692,-9.65438017544274e-05,0.000967095455193634,-7.09001978468601e-06,-0.000885620458753886,-0.00411189990066246,-0.00413350114213513,-0.00385717956382845,-0.000983967560139968,0.00554485743225969,0.0491967457552895,0.0489572720869491,0.000695574553474501,0.000595139132245052,-0.00115747922100933,-0.000205404129354425,-0.000715879944735099,-0.000506280273009657,0.00192725180570629,0.0165390338661629,-0.0117521438427754,0.00784643518742212,-0.000462874416835715,0.00156262055674856,0.000843126178560364,0.00109826634468732,-0.000550179012952112,-0.000108945635405167,0.00169154177039151,0.00216730780868193,0.00207494719044283,0.000548004235205947,0.00239559615229288,0.00292625037323334,0.00159461431900618,0.000732196094075172,0.000454541468625462,0.000311646192270781,9.39440710169354e-05,0.00266648373004634,0.00194108223972278,0.00180872973838671,0.00177257076266,0.0112678674353584,0.0140188193183366,0.0128948041047461,0.0273575549297069,0.10444033474162,0.0974159194610472,0.0932814393104522,0.0841163784854558,0.0502578286539283,0.0532478030445105,0.0550369881931926,0.0624897285511216,0.000533422544258319,0.000383116177891343,0.000345241695607408,0.000222787751231165
"gamma_EDUBASICA_LV1",0.000985936970954565,0.00089475093028064,-0.0279893608948594,0.000201420509327972,0.00110569922084626,0.000136736770402079,-0.000549884955438333,-0.000557083309915911,0.00154139331388813,-0.00132273398218248,0.00185898138092037,-0.0012188774538696,-0.0038037169988276,-0.000432895159203118,-0.00297041206184157,0.016216297486817,-0.00046251977440166,0.0829111246274186,0.0754688681257081,-0.0129973129416718,-0.00123073439533543,0.00921664978655236,0.00438936767274193,0.00527436148201889,0.00802596867309919,-0.0239931140421556,0.00442593146427906,0.000994954149809716,-0.00019592994866498,0.00598554553012764,0.00202113399732771,0.00595084687061527,0.00611610633477966,-0.00100520418195188,-0.000624645048563376,-2.88698515222721e-05,-0.0105257245995835,-0.013523805812626,0.00169489494831255,-0.00111512178299156,0.0142115163735212,0.00709042523749788,0.00811727259151998,0.00408540352774201,-0.00940492575757755,0.149958800622904,-0.00227160455717878,-0.00554002717990048,0.0045249574999235,0.163508824313739,0.163145535208551,0.167520356271439,0.190041993198925,0.144926873177671,0.133143352606029,0.134039767541441,0.138486001826364,0.205731298456749,0.1803288330789,0.180447424851885,0.194744743423792,0.066101595919022,0.063651955051642,0.0634010500909951,0.0645421396959055,0.0147264465408011,0.0121363095518463,0.0110688234495611,0.00892602657906278,0.0488498907461193,0.297031436128075,0.337359409564024,0.381169412850693,-0.00265819635214536,-0.00414539334183994,-0.00465479074112059,-0.00494258748123899,0.00895334133617892,0.00591744355128669,0.00425480233389123,-0.000185229599811596,0.0752970648185736,0.0726254302777213,0.0729882749904975,0.0737829109293588
"gamma_EDUSUP_LV1",0.000226061588516289,0.000608053556065662,-0.0337439426191727,-0.000136797379685124,0.000922255579131485,-0.000124825418230313,0.000563657212784514,-0.000871513713724282,0.00299406262407067,-0.001481212134032,0.00106019315340059,-0.00158496939895984,-0.00314114310051252,0.00342310819260225,0.000815307108281077,0.014768067656961,-0.00233803658726043,0.0754688681257081,0.141303422302763,-0.0188387970451234,-0.00141547134222335,0.0183192773480317,0.00509644274954441,-0.00131716417009359,0.0173580103101911,-0.0446260814123518,0.00609098670688092,-0.0015736521148161,-0.00214954784927628,0.00846072516028328,0.00194015239558377,0.00320956905576435,0.00291779805575145,-0.00203211020704072,-0.000680080722564053,0.00098855220345288,-0.010354540852262,-0.0125181942793188,1.9833056130657e-05,-0.000495724415410706,0.0321519517421595,0.0224002930540043,0.0364024160614232,0.0114582852222518,-0.00998957107559868,0.282012154347819,-0.00495631225065579,-0.00369503490525159,0.0123883410726473,0.157678347975809,0.156990890291647,0.160191085053108,0.185235537580784,0.13938000551728,0.127601006991465,0.12759575489788,0.132006562322896,0.185902374369436,0.182028781150396,0.186361638550243,0.218762759388917,0.0628937911461925,0.0606644434265581,0.0610328160819168,0.0632871442886796,0.0139537378020082,0.0100837634137564,0.00935089709155783,0.00827696710401336,0.0411390662042135,0.472545801823081,0.541263065074269,0.650935643910471,0.00123404496350545,-0.00128998003204968,-0.00248357626701844,-0.00416368888686913,-0.0030998985257329,-0.0046874139834582,-0.00554657149563534,-0.00738733127594571,0.0728545071704157,0.0697298741029291,0.0700919538336204,0.0706210852523728
"gamma_EXP_2_LV1",-0.00039000454233062,-0.000647836644865237,0.00185689441728329,0.000200412192426217,-0.000762272503368524,-0.000128097801843063,-5.58518667469553e-05,-0.00177189242970208,-0.00111999835683155,0.000742653778937795,0.000294844472176543,0.000191354179233059,0.0037167015611908,0.00189498913614419,0.00378872124694772,-0.0161344626753525,0.00144764171397607,-0.0129973129416718,-0.0188387970451234,0.0814023783173623,0.0187921521080315,0.00109855143522288,-0.00699051863121536,-0.0025188415455928,-0.00119901559414124,0.0165156315853164,0.00614336674089324,0.00575621599639252,0.00287427134335388,-0.000824516538019559,-0.0015921012689904,0.000110598042827764,0.000238379308448449,0.00251759389982019,0.000555085214912466,-0.00438287178550817,-0.000401484892573669,0.000785441251108403,0.000860341635191032,-2.33753701446562e-05,-0.0114659215126908,-0.0071963313867591,-0.0113648585993314,-0.00287603514872222,0.000910428747546555,-0.121499285029168,0.00273579498459751,0.00142056688333239,-0.00377038094307397,0.0291793615267012,0.0232925229082453,0.020668548112312,0.00609314156732789,0.0209391115290035,0.0217190915697138,0.0207504309527333,0.016742416314037,0.0299347563009033,0.0276909909231819,0.0255810456430006,0.00968023093560469,0.00645168768888068,0.0088721066599767,0.0093729236894898,0.00946569710921285,0.00796127033354115,0.00521554789466552,0.00495450665073338,0.00439607168328679,0.0388846675760664,-0.150188050633806,-0.175586224183824,-0.231347685964088,-0.0057657378280526,-0.00455254724287441,-0.00381367622478023,-0.00248954079154664,-0.00118531349139121,-0.000918098640722416,-0.000937781282400288,-0.000807308651997859,0.0102693296782855,0.0110660517259048,0.0108576951973096,0.0103731668829821
"gamma_EXP_5_LV1",0.00072700109783265,0.000941090204551101,-0.0113680685993291,-0.00013538561393664,0.00121295064628221,-0.000578940274169726,0.000256316889637817,-0.000328400022298316,0.00122909430820813,-0.000229549528661566,0.000516427188799478,0.00099707237262939,-0.00259921027345057,0.00079507530621073,-0.00506930446967754,0.0132110278031364,-0.00220229012286078,-0.00123073439533543,-0.00141547134222335,0.0187921521080315,0.0435706922934969,0.00143849938957353,-0.00487868042151707,-0.00159816484402781,-0.00168627244800273,0.0021855858595595,0.00296704325689555,0.00117817434211362,-0.00799571060123534,0.0014950936498836,0.000951323843632491,0.000460244265188725,4.17384580890206e-05,0.00111519684105896,0.00198153327654044,-0.00181835943245846,-0.00404482245267236,-0.00656167625110153,-0.000748810515209397,-0.000809439893457861,0.000865723834843468,-0.00149599029705802,-0.00332963784459369,-0.000804646444205943,-0.0078308662019957,0.0144670978524282,0.00280395895460143,-0.00537088306814417,-0.000963077935845307,0.017705804922969,0.0265607200968677,0.0284139795768762,0.0278437346637834,0.0197619900620209,0.0200039778338272,0.0197261536189311,0.0183082188230429,0.0293217055742329,0.0253517158415875,0.023886009531752,0.0148096080668429,0.00876824116590456,0.00902762634717751,0.00893804503898664,0.00846553795175623,-0.0081861566457865,-0.0124667877115017,-0.0132899644250291,-0.0150783693275597,-0.0373671823923579,0.020402981597998,0.03200735715639,0.00639344355570082,-0.0201798020384195,-0.0174479333826128,-0.016254599776622,-0.0141769932322011,0.00579452715324436,0.00344365499194162,0.00227183241336809,-0.00171325992827977,0.010540596235837,0.0104392450953565,0.0103770070823948,0.00995117045848627
"gamma_HTRB_2_LV1",-0.00139910524063101,-0.00130542790431369,-0.000295017748264761,0.000169289927826685,-0.00196628918331568,-0.000295609994099329,-6.37804520976386e-05,-0.00344088019338318,0.0013768588941171,0.000314008331870946,-0.000672870000776458,0.000500180631052748,0.000964797319449735,0.000230170723104871,0.00704887604828428,-0.0106553253003571,0.00192133594984857,0.00921664978655236,0.0183192773480317,0.00109855143522288,0.00143849938957353,0.057802003497338,-0.000368279585337923,0.00178617040596323,0.0131228567823394,-0.0237950132733337,0.00401548014938938,-0.000408243045039707,-0.00262446387884625,0.00452529910801604,0.00243960209807676,0.00156862032483777,0.000639837516248195,-0.000358874893455152,0.000124577268170659,-0.000109155815566227,-0.00147639195049463,-0.00631969071799443,0.00261304942539199,0.00112670839201469,0.0117709125592878,0.0100753304729516,0.0138107001441894,0.00585461628646715,-0.00777665109800929,0.179308690376504,0.00293428439354124,-0.00823510832527859,0.00605257497845966,0.0580842079018741,0.0490504024072897,0.0502614354852276,0.0457502762798962,0.0469220877327526,0.0419521121985893,0.0428491084512624,0.0375352439336791,0.0669226373810224,0.0581196247005035,0.060955529771219,0.054377312064634,0.0191180016370342,0.01937540281248,0.0199247993779397,0.0211742057901028,0.00794946462882104,0.00300266606480456,0.0022393870224697,0.00140657791637356,0.0193097468226923,0.292383290646607,0.331047485882049,0.396220390143506,-0.0136593081523991,-0.0108660251317397,-0.00923464319262704,-0.00588982972575667,0.0230235771778904,0.0196448471703072,0.0178460469142626,0.0120246352125889,0.023693797595993,0.0231014764732209,0.0233967541089505,0.0231742458677754
