"","asc_ruta1","asc_ruta2","asc_ruta4","b_tt","b_dt","b_Sem","b_ACC_1","b_ACC_2","b_SI_CAMFD","b_SI_PANEL","b_SI_ZER","b_Si_MTRP","b_No_Info","b_UsoCel_F","lambda1","lambda2","lambda3","gamma_EDUBASICA_LV1","gamma_EDUSUP_LV1","gamma_EXP_2_LV1","gamma_EXP_5_LV1","gamma_HTRB_2_LV1","gamma_HPICO_LV1","gamma_CSECO_LV1","gamma_SININFOTRF_LV1","gamma_LV2_LV1","gamma_EXP_3_LV2","gamma_EXP_4_LV2","gamma_EXP_5_LV2","gamma_HPICO_LV2","gamma_USODISPMOB_LV2","gamma_EDUBASICA_LV3","gamma_EDUSUP_LV3","gamma_JOVEN30_LV3","gamma_ADULTO40_LV3","gamma_EXP_2_LV3","gamma_HTRB_2_LV3","gamma_HTRB_3_LV3","gamma_SININFOTRF_LV3","gamma_USODISPMOB_LV3","zeta_FRbr","zeta_EnfCond","zeta_AFrSem","zeta_CulFr","zeta_OmLmVel","zeta_IgPare","zeta_PasoPeaton","zeta_UsoDirec","zeta_UsoPito","tau_FRbr_1","tau_FRbr_2","tau_FRbr_3","tau_FRbr_4","tau_EnfCond_1","tau_EnfCond_2","tau_EnfCond_3","tau_EnfCond_4","tau_AFrSem_1","tau_AFrSem_2","tau_AFrSem_3","tau_AFrSem_4","tau_CulFr_1","tau_CulFr_2","tau_CulFr_3","tau_CulFr_4","tau_OmLmVel_1","tau_OmLmVel_2","tau_OmLmVel_3","tau_OmLmVel_4","tau_IgPare_1","tau_IgPare_2","tau_IgPare_3","tau_IgPare_4","tau_PasoPeaton_1","tau_PasoPeaton_2","tau_PasoPeaton_3","tau_PasoPeaton_4","tau_UsoDirec_1","tau_UsoDirec_2","tau_UsoDirec_3","tau_UsoDirec_4","tau_UsoPito_1","tau_UsoPito_2","tau_UsoPito_3","tau_UsoPito_4"
"asc_ruta1",1,0.844715047539465,0.326880031325239,0.257323282174774,0.563130669359104,0.259116761641142,-0.0517942182961062,5.44102387969626e-06,-0.0831875152139885,0.0260502940837326,-0.0274134636150306,-0.0316476690072891,-0.00108082407415442,0.0562618995016255,-0.0651704569279763,0.0615076832573492,-0.117710546447569,0.00906306410184372,0.00159177887724107,-0.00361812378325656,0.00921870969651626,-0.0154032101229576,0.00632894286814165,0.00524618599611381,-0.00733266683289003,-0.000676934854401422,0.000115238952678611,-0.0043215435152518,-0.00985862215132315,-0.00376261389741707,0.00393803892171644,0.015876109914615,0.00744167807788285,0.0173385432073405,0.0109572181197933,-0.021776344758609,-0.0321061213590361,-0.0323630306339625,-0.00144309680671933,0.00127554520005037,0.00105559745292811,-0.000240494908719763,-0.00192013105205585,-0.000708225801377465,-0.00281528310020888,-0.00237503158933459,0.0336908305442553,-0.0200763421854329,5.55739197468086e-05,-0.00188201187032962,-0.00108522613735268,-0.00137084473789042,0.000354857829410476,-0.000977846634872131,-0.0016274681286329,-0.00141672792657994,-0.000410841918513637,3.1704854090873e-05,-0.00290700570838154,-0.00326001610702437,-0.00192770242163906,-0.00047289183913307,-0.00104151356952832,-0.00127975743648529,-0.00134239076295703,-0.0102374123190946,-0.007025473378158,-0.00653240196658603,-0.00564741435839694,-0.0115004618927896,-0.00335421026464887,-0.00325004462024421,-0.00334172120001596,-0.0404940757383566,-0.0397794060970835,-0.0390158735513821,-0.0368800131403295,-0.013007006825696,-0.015333387608054,-0.0167578867240893,-0.0220423892244806,-0.00117315985615359,-0.00115056128343034,-0.00110465083690773,-0.000929322547838048
"asc_ruta2",0.844715047539465,1,0.329769233571519,0.125589332549819,0.50211290375324,0.163075261206812,0.00564076783156187,1.597301120401e-06,-0.0434115014067196,0.0388022405641257,-0.0117208802430961,0.011616415257774,-0.0148591884674023,0.0278523460105934,-0.0733987448511021,0.0746595804956555,-0.102815353996506,0.00849178369697372,0.00442047216467981,-0.006205119233617,0.0123207512791421,-0.0148383159258638,0.00293433245770879,-0.000295654068686463,-0.006332108361703,-0.00465107002245219,0.000779305616032792,-0.00563810166696012,-0.011937368186892,-0.001383913856562,0.00221681044909082,0.012258617423556,0.00578422446260351,0.0133228125563722,0.00852645145981172,-0.018775170846816,-0.0260877847049003,-0.0264038728695272,-0.00316143795335081,0.000501238109272728,0.00419403316830847,0.00283839752751629,0.0012715403660387,0.00200792242729128,-0.00280323633448347,0.00024047671750103,0.0264004465029039,-0.0158260000292944,0.00298114589969859,-0.00502854298856923,-0.00387663008477363,-0.00368987349318632,-0.00100491308728753,-0.00397692709533101,-0.00448975924403124,-0.00407837791697576,-0.00241400848658754,-0.00311073086206028,-0.00527455936573988,-0.00534913715297781,-0.00304008834499234,-0.00282153762660337,-0.00398035156110841,-0.0041811596820735,-0.00353490815313421,-0.0105857165977309,-0.00659315490718886,-0.00608661899451642,-0.00526450914150359,-0.0123327405284845,-0.000603042287057496,-0.000427432181300471,-0.00061724035989121,-0.0329600063444333,-0.0324837015219747,-0.0319180159004073,-0.0303205484409439,-0.0115923962156407,-0.0134342528985059,-0.0145647478635819,-0.0187845339308064,-0.00390783075790408,-0.00406391633536569,-0.00388491617858699,-0.00324512358207292
"asc_ruta4",0.326880031325239,0.329769233571519,1,-0.107902142118635,0.21941184456921,0.0641151371252299,0.0402567792201512,8.49162647299909e-07,-0.107145578277895,0.0732162370615013,-0.0324177251627519,0.0304803210345034,-0.204864767272959,-0.509979364274178,0.259982326766274,-0.222647588280574,0.508394855984076,-0.120066079746953,-0.110880004673407,0.0080390071609086,-0.0672702756486062,-0.00151569022522005,-0.0550888289967076,-0.0587767237312143,-0.0439325875660735,0.0407082028004652,-0.0150952836061036,0.00421790767933213,0.0443608942648083,0.0137505952510595,0.00476724191863676,-0.101344795766215,-0.103606239321155,-0.0725348878038874,-0.0844769705716528,0.0386210946346713,-0.310239039182663,-0.313252349000217,-0.0219088675930549,0.0249997012202267,-0.0341920859262827,-0.0165306547570012,-0.0197923216929815,-0.0239799418471808,0.0120826352932702,0.00591546906099934,-0.0393273220060555,-0.0415338344268873,-0.0221976296504871,-0.0817876716015505,-0.0960513601948168,-0.0927177292999464,-0.0748052302311122,-0.0935601923204111,-0.090727127759584,-0.0859260781820654,-0.0724161732607629,-0.0882912885788184,-0.0868197172478863,-0.0817995076252555,-0.0588344965936227,-0.0792979623538307,-0.0918721288428477,-0.0913529147532085,-0.0711308764006456,0.0388144272620802,0.0237211251681034,0.0205540900214787,0.0169774250860289,0.0406629960666994,0.00798607275734061,0.00593070795659056,0.00777690449446384,-0.250145604261462,-0.269364293758279,-0.280071598683016,-0.30130732674164,-0.28949484127654,-0.304714097833103,-0.311583610194942,-0.328460573175614,-0.0876384339054798,-0.0909708576515347,-0.0883612484869999,-0.0759621939072665
"b_tt",0.257323282174774,0.125589332549819,-0.107902142118635,1,-0.0899165811613075,-0.00389601616272046,-0.0890029757856993,1.03487899071018e-05,-0.0494560917418184,-0.00502381985808392,-0.0553167151634826,-0.0919436615187045,0.0114292706168785,0.15240071993939,-0.0177020259531414,-0.00141957493151919,-0.117450678530716,0.00668261028818996,-0.00347656446395029,0.00671049319618756,-0.00619618158451406,0.00672680010145305,0.0198912929606304,0.0170580348012086,-0.000391230566179227,0.00395278194342589,-0.00345849995243755,0.000900708993574553,-0.00242645737785624,-0.0171533142128094,9.73169479559349e-05,0.0225440130712317,0.0103449845626225,0.0190281596949237,0.0167956622680855,-0.0218413192427942,-0.0459682860220077,-0.0498031786861367,0.002978710577593,-0.000940195933732771,-0.00314639166229605,-0.00428857422915129,-0.00815258287772187,-0.00336433579721496,-0.00509885187886703,-0.00368960511619577,0.056269345692332,-0.0445700556005274,-0.00301058433217297,0.00564242129118143,0.00502173938082229,0.00429994483449861,0.00434459598921892,0.00631376363587416,0.00478303725499256,0.00465679738758993,0.00421660723734567,0.00854443846850034,0.00178248379370224,0.00111521218711498,0.00018956864316068,0.00509352057317484,0.00578720936155342,0.00542479230283985,0.00418023023952329,-0.0117509922096819,-0.0111543740233502,-0.0104182314934407,-0.00929171313762289,-0.0124706018040515,-0.00536004118639339,-0.00500350563192997,-0.00551232760190841,-0.064140740442256,-0.0625151527147385,-0.0610489629495546,-0.0569046757181634,-0.0104940241983177,-0.0148874427004266,-0.0176021135427311,-0.0276453465692147,0.00531271965984218,0.00555877639191715,0.00530433341396557,0.0046140645733254
"b_dt",0.563130669359104,0.50211290375324,0.21941184456921,-0.0899165811613075,1,0.267152165999436,-0.0279732733481941,1.53424985350639e-06,-0.083880505360735,0.0304888950646502,-0.0872603780985032,-0.118902419403264,-0.0414489259008959,-0.000335356292489122,-0.164684511241065,0.163396613436043,-0.153218131919591,0.0162444429708176,0.0103788485384673,-0.0113022765748628,0.0245821646511059,-0.0345979341248586,0.00577604580017654,-0.00941094411341373,-0.0135364302452795,-0.00848013446151216,0.00524980153603228,-0.00646551338802722,-0.0170691912222088,0.0018896890014979,0.00807965883034754,0.016059941080321,0.00703710546305451,0.0185794139045534,0.00977894709795028,-0.0232090678738415,-0.0387500312484555,-0.0379132344579888,-0.00689249227244666,0.00252815763492876,0.00904970945831376,0.00538613510923732,0.00516009562006674,0.0030086026222933,-0.00417717495009396,0.000119953300768484,0.0281962252149703,-0.0131149484768025,0.00522158707299451,-0.00847746653641908,-0.00493764918782099,-0.00449141060340304,-0.000120840113536937,-0.00587647207085955,-0.00656255556961649,-0.00613583233491761,-0.00342612558287133,-0.00582440306346789,-0.00669371901533716,-0.0068140713513892,-0.0028692371802494,-0.00336604819246029,-0.00567493890726217,-0.006148997155602,-0.005655832986119,-0.0126252839547527,-0.00657763143089893,-0.00608073192698919,-0.00531176306716453,-0.0155397846535557,-6.42801423272002e-05,0.000133221620129909,-0.000350803410234809,-0.0427901384770612,-0.0428377421867326,-0.0425084168694313,-0.0414353228806239,-0.0237524518826571,-0.0258026501003661,-0.0269768606212223,-0.0313631385524342,-0.00559322292177207,-0.00597965389708191,-0.00569560392435534,-0.00474632643192904
"b_Sem",0.259116761641142,0.163075261206812,0.0641151371252299,-0.00389601616272046,0.267152165999436,1,-0.0530777739962388,2.49409557235547e-06,-0.0328745240402496,-0.0325201871826256,-0.0481090193518708,-0.109670271724327,0.0489020786474405,0.0222793167562288,0.0735434531100931,-0.0726323151734304,-0.0184315907419679,0.00290056605774128,-0.00202829226854836,-0.00274237585148949,-0.0169410520883972,-0.0075102001686757,-0.00317390119065702,0.00855043559060495,-0.000249167444931987,0.00601721174913278,-0.00321057712369246,8.00817403333991e-05,0.00409229046058973,0.00347049560493334,0.00360887289862577,0.00497886702535177,0.00567233951836053,0.00832797370180729,-0.000537317098912795,-0.00639462013588884,-0.000171936582641747,0.00320127319540429,0.00711035965373218,0.00402471702062318,-0.00784760259019908,-0.0049162995441522,-0.00367470235971707,-0.00328338461418113,0.000109214819769348,0.000600095069695927,-0.00739515504354197,0.00752787019111024,-0.00475014838452192,0.00520810797520204,0.00218557772768752,0.000872768986411278,-0.00149476958347983,0.00311947599516116,0.00334611584197059,0.00313925793572162,0.00160573825566788,0.00259542089163438,0.00350052646571859,0.00329511743664638,0.00168643547602036,0.0016025747419143,0.00303066737060128,0.00328272948062442,0.00265153717690759,0.00477705836649342,0.00163017537328628,0.00107227312644237,0.000859547923725954,0.00564334515702797,0.000710257587138163,0.000528709650751046,0.0011113176523072,0.00838210013427204,0.00800804421854896,0.00784198111748284,0.00742723684300043,0.000411357587932866,0.000828160113516396,0.00116060126050045,0.00270976893060985,0.00285181710174027,0.00321787932469993,0.0030851652453159,0.00226586646831827
"b_ACC_1",-0.0517942182961062,0.00564076783156187,0.0402567792201512,-0.0890029757856993,-0.0279732733481941,-0.0530777739962388,1,5.86191070596103e-06,-0.0313356098720881,-0.00249354117564837,0.0230689267852069,0.0438564293918572,-0.00272577569386161,-0.083608190791276,0.00501056232832509,0.0204205844396279,0.0373424320762063,-0.00601167053661155,0.00472028765436906,-0.000616238578530973,0.00386553607678796,-0.00083511423038129,-0.00947229846242256,0.00369574767348728,0.00224581265390502,-0.00362505656194985,-0.00503716267449087,-0.00538323224114392,-0.00646774690744512,-0.00828818075918043,-0.0146624301099817,-0.00738111898358618,-0.00392738737188536,-0.00254063686196288,-0.00271060327631458,0.00462843575708311,0.0107945193363517,0.0110543248133048,-0.00693203743179609,0.00440895553492632,0.00654715272732643,0.000944173337354398,-7.97870084035529e-05,0.00429126447619568,-0.00210745562624631,0.0149283320188905,-0.0056340616804578,0.00458471434626979,0.000762054323399576,-0.0125636058434679,-0.0098863115398454,-0.00788523804231741,-0.0031661994521999,-0.00929896485895619,-0.0115987163336207,-0.0110568581854479,-0.0092333032843939,-0.00835736930296387,-0.0117925080187027,-0.0111161100267741,-0.00757528921271901,-0.00958074206997376,-0.0106501516096032,-0.0104614208736689,-0.00720007393993962,-0.0137839377179726,-0.0110254982349452,-0.0106221960052111,-0.00935162418398181,-0.0164487106318256,0.0118214768644952,0.0116366446104374,0.0126466930801668,0.00976805408650116,0.00962457038960162,0.00953158729145064,0.00918903037934206,0.00492616296655142,0.00566618408256454,0.00589155306330262,0.00680972394211209,-0.00854535948448558,-0.0109951204952006,-0.0109381368573885,-0.0096423322494864
"b_ACC_2",5.44102387969626e-06,1.597301120401e-06,8.49162647299909e-07,1.03487899071018e-05,1.53424985350639e-06,2.49409557235547e-06,5.86191070596103e-06,1,-3.85834028735417e-06,-4.50415003013302e-06,-1.3357621955874e-05,-1.08799607441772e-05,1.12178432383925e-06,-1.15796652218559e-06,-3.64280796595186e-06,5.96168183267256e-06,-3.64657360871707e-06,-2.63183494760581e-07,-3.15386275495039e-07,-8.44819074783356e-07,-2.14018271880702e-07,-1.94689715582422e-06,1.88651101821541e-06,-7.99453508082177e-07,-1.75152194559049e-06,-1.12819329831935e-06,-1.97183509617601e-06,-2.15785785871588e-06,-2.18716393693279e-06,-2.89585923627432e-06,-1.83300141335304e-06,1.6838981381444e-07,-5.42395312394488e-07,-1.59450675633913e-07,9.49957961760454e-07,-1.58840854802649e-07,-1.7604466996391e-06,-1.64993828601873e-06,-7.59948041842881e-06,-8.40603875900581e-07,6.0247431387047e-07,3.07321260166262e-07,4.38672237585807e-07,5.32339847021322e-07,-8.80202089724152e-07,1.28582499783925e-06,-1.20039812863066e-07,1.31718888679836e-07,5.37727141523064e-07,-3.26709542945565e-06,-3.41303631959214e-06,-3.11577441673431e-06,-2.00636684594046e-06,-3.14472364902032e-06,-3.52765585278906e-06,-3.40201623109222e-06,-2.7313890135762e-06,-3.10981569462269e-06,-3.3181099225158e-06,-3.05933553344731e-06,-1.93305701684433e-06,-2.76620809342533e-06,-3.37365140708717e-06,-3.36470796308584e-06,-2.53198633695886e-06,-3.91684283723526e-06,-3.03965159519858e-06,-2.83392327198904e-06,-2.50578427589721e-06,-4.79623287805005e-06,5.65498539515244e-07,6.46635163181118e-07,7.49234512243614e-07,-2.15932503222486e-06,-2.32667270725451e-06,-2.40721852053459e-06,-2.54697033853548e-06,-2.67045491782089e-06,-2.74218810122413e-06,-2.78083339624196e-06,-2.90136630805485e-06,-3.07418528872836e-06,-3.31970431233685e-06,-3.21112502156875e-06,-2.71859643046306e-06
"b_SI_CAMFD",-0.0831875152139885,-0.0434115014067196,-0.107145578277895,-0.0494560917418184,-0.083880505360735,-0.0328745240402496,-0.0313356098720881,-3.85834028735417e-06,1,-0.133393661512021,0.0696387279893826,0.0861740312608874,0.0198694072423628,0.0804730621327248,-0.056773296415471,0.0481008298223821,-0.0690631813937582,0.0177080365996579,0.0263480138339712,-0.0129856048065506,0.0194783121081639,0.0189444207857315,0.00581685680169764,-0.00849878462726582,0.00977037878052694,-0.0252260531960349,0.004931970232505,-0.00937772230102437,-0.0227459990599553,0.0079446544538191,0.00197730563045168,0.00640958066403236,0.00860217603679064,0.00534888161264285,-0.00783507760260796,-0.0099760780082653,-0.00745829288827912,-0.0100013716997998,0.00353479625408306,0.00151503049508638,0.0128098630622427,0.0139515258203337,0.0146946705183395,0.0146241107727972,-0.00637533850786376,0.0124143811519638,0.00177989301009646,-0.0130778629902635,0.0126457217458084,0.00437316020243734,0.00446093716984397,0.0042399952135633,0.00466097440040925,0.00439094285936676,0.00457331139364156,0.00497770737236197,0.004945419291306,0.00290077178190871,0.00524132007779557,0.00609732007650038,0.00672727311659974,0.00459814793624861,0.00467089274008649,0.0046949371070775,0.00409854363170727,-0.010419527762909,-0.00696191567971808,-0.00616851512779708,-0.00503634185252695,-0.0132463986814285,0.0121651540643486,0.0130222823132727,0.0124283053537891,-0.00724720936997847,-0.00748133549217762,-0.0074512871293141,-0.00736956183410465,0.00117189694382476,-6.06776799136608e-05,-0.000708817334585464,-0.00274593429935475,0.00574983252646,0.00455865895076693,0.00448874082400948,0.00365468551734567
"b_SI_PANEL",0.0260502940837326,0.0388022405641257,0.0732162370615013,-0.00502381985808392,0.0304888950646502,-0.0325201871826256,-0.00249354117564837,-4.50415003013302e-06,-0.133393661512021,1,-0.0181956238626096,-0.0258497056445523,0.078342457053566,-0.0218252394966315,0.0718231950292805,-0.0729658596042724,0.0680473726424714,-0.0210282746023819,-0.0180375875713289,0.0119153109380645,-0.00503404051793763,0.00597870682225416,-0.00659254194403538,0.00879197546755745,-0.00357002454652549,0.00568135180108103,-0.00834906175067952,-0.00798748535184531,-9.45351522217168e-05,0.000994494590834493,0.000237890498095662,-0.0200893377453979,-0.0184976336889866,-0.00440377170454352,-0.00281842548345071,0.00730489947915501,0.0250484578075145,0.0255098975324448,-0.000370481357889417,0.00728128081501012,-0.00413346745061481,0.00145864723487793,-0.00266365279294698,-0.00186574330231256,0.00270801437823889,-0.00366945783788066,-0.00428512310178405,0.00988991458331216,-0.000311341067016656,-0.00770027348829028,-0.00971395842183164,-0.00984786957495448,-0.0102245549605509,-0.0105997674524108,-0.0079271963249947,-0.00706860518507399,-0.00624136755317866,-0.00833516362563832,-0.0088689805522447,-0.00895275261139226,-0.00891260005222951,-0.00888402441476239,-0.0092710572274602,-0.00919091530064917,-0.0077819378194585,0.000765337031226107,-0.00140767974103082,-0.0013523354017885,-0.000883107464647086,0.00169218345050138,-0.00508177486783484,-0.00516694107128802,-0.0042639068455007,0.0185022645361588,0.0193887468584771,0.0196972548486563,0.0200495415805973,0.0123909746993632,0.013765309872948,0.0145599623275509,0.0169762716138545,-0.00973311637745499,-0.00891363834983748,-0.00865799700476046,-0.00767069433351984
"b_SI_ZER",-0.0274134636150306,-0.0117208802430961,-0.0324177251627519,-0.0553167151634826,-0.0872603780985032,-0.0481090193518708,0.0230689267852069,-1.3357621955874e-05,0.0696387279893826,-0.0181956238626096,1,0.031519950007119,-0.0652778414355559,0.0174986275387905,-0.0887280855213087,0.107920433849993,-0.0423853968105061,0.0238644549151851,0.0104253714422036,0.00381994689348907,0.00914523249489827,-0.0103452884044026,-0.00194306224568306,-0.0100545272798981,-0.000996064305042036,-0.00476947432071117,0.00499159921164194,0.00577351255182859,-0.00398564866437663,0.00175048621069749,-0.0064391837522726,0.0238365120320919,0.0152400198684824,0.0066048269735642,-0.00549123392037094,-0.00264878171833328,-0.011638440864149,-0.0130939429315779,0.000937628826625081,-0.00506135568833276,0.00098747015367001,0.00328397258182224,-5.9655894572794e-05,6.19695538072221e-05,-0.00405482553291035,-0.000306363745145032,0.0206164030605669,-0.0170408798876277,0.00298331890827795,0.00472529244805489,0.00406468162655157,0.00367609725257687,0.00288465975062878,0.00365851760073988,0.00506935626741421,0.00519932319672501,0.00573206811529128,0.00522529968796709,0.00314007658414871,0.00281647131301342,0.00152322054798775,0.00521740908484503,0.0047333234355634,0.00430860876687123,0.002865165469065,-0.00463623874872772,-0.00282695348544786,-0.00306025934566709,-0.00350014852242017,-0.00539048820268198,0.000352106227559753,0.000176004796247856,-0.000778947564950693,-0.0172284235579145,-0.0163025450641083,-0.0155296511131999,-0.0135553441333701,0.0037948381429784,0.00264740960288085,0.00178213782273456,-0.00183500123027479,0.00357969182885339,0.00484494111730512,0.00485937593912434,0.00457858043944747
"b_Si_MTRP",-0.0316476690072891,0.011616415257774,0.0304803210345034,-0.0919436615187045,-0.118902419403264,-0.109670271724327,0.0438564293918572,-1.08799607441772e-05,0.0861740312608874,-0.0258497056445523,0.031519950007119,1,-0.0172613642551498,-0.0106582938728211,0.0917618151123982,-0.0768423029603812,0.0363354471043702,-0.011258361429104,-0.0112141429413058,0.00178377860635257,0.0127043075446417,0.00553320766916103,-0.0142884938862619,0.00290611566517103,0.00129264942032019,0.00918537954905382,-0.00385236329661408,-0.00507306180887866,-0.00277617440818165,0.00283856690368152,-0.00311384262190273,7.14845126285214e-05,-0.000255851531437187,-0.00834264244089057,0.0110277186470622,-0.00525857288619251,0.0171662704065022,0.0178232185027703,0.00160566305692014,-0.00777988543320454,-0.00745079066917562,-0.00722753781573025,-0.0069690928967266,-0.00623680495211693,0.00123567626088146,-0.0121816302550487,0.0113352629553845,-0.00929741126014809,-0.00734302232675398,-0.00284527501095897,-0.00392335888432316,-0.00358164767001888,-0.00448766985478397,-0.00331746025990047,-0.00375945279074523,-0.00368192945841457,-0.00406893485575393,-0.00295000210905141,-0.00344658973786182,-0.00324768146319048,-0.00415021319642256,-0.0035635824031052,-0.0035475548630984,-0.00341498247768342,-0.0025958508510581,9.61292735226003e-05,-0.000466488335959346,-0.000317040081058612,-0.000230243716600719,0.00246959699781805,-0.0125528340860459,-0.0127317865875253,-0.0124868573661501,0.00753561944489984,0.00941624032420547,0.0106009772188691,0.0127409395508507,0.0219932986019343,0.0220688656347505,0.0219342318666786,0.0210357168348889,-0.00323473970179482,-0.00372610829763515,-0.00376941530536719,-0.00352674342117746
"b_No_Info",-0.00108082407415442,-0.0148591884674023,-0.204864767272959,0.0114292706168785,-0.0414489259008959,0.0489020786474405,-0.00272577569386161,1.12178432383925e-06,0.0198694072423628,0.078342457053566,-0.0652778414355559,-0.0172613642551498,1,-0.00751969239075278,0.32805533430355,-0.315310937825225,0.0835901008185084,-0.0359299630573667,-0.0227282688523488,0.0354318737226284,-0.0338687494210411,0.0109148964144099,0.00905904230437151,0.00822616703782158,-0.14134898033671,0.0660214327485374,0.00416100740362351,0.021777078316427,0.0397749761382877,-0.0222459741068962,0.000614091181426814,-0.00172351239687743,0.0113522370723241,-0.00725248069955474,0.00170248885952302,0.00712484798687344,0.0105822224250651,0.0127233399050512,-0.092924406787282,0.000377225172971962,-0.0662341531565514,-0.0569093310748645,-0.0439911104906361,-0.0494072301020914,0.00460327118905962,-0.0165006129847734,-0.00550695450258498,0.0106287410617417,-0.0508135836302996,-0.0201574718949518,-0.0417897690643278,-0.0437397665851653,-0.0384360354282316,-0.0299076160825712,-0.0376486960625476,-0.0373149588593546,-0.0338072728031062,-0.0324994776795323,-0.0336211732927751,-0.0311723993396056,-0.0196503950505849,-0.0288956147136978,-0.03391144406938,-0.0336733281680547,-0.0248463765475665,0.0229916068262817,0.011448951427327,0.0103135090407768,0.00852942532685273,0.0277282273632986,-0.0151511080631963,-0.0154412660126956,-0.0156468593157903,0.00185904072134642,0.00113246151859073,0.000847892202033131,0.000464480510460708,-0.0078075610474436,-0.00711253837254506,-0.00680855770764509,-0.00540985476355606,-0.03199637952869,-0.0335517034971358,-0.0325265720409804,-0.0275310665030413
"b_UsoCel_F",0.0562618995016255,0.0278523460105934,-0.509979364274178,0.15240071993939,-0.000335356292489122,0.0222793167562288,-0.083608190791276,-1.15796652218559e-06,0.0804730621327248,-0.0218252394966315,0.0174986275387905,-0.0106582938728211,-0.00751969239075278,1,-0.0177958510255189,-0.100507507037301,-0.265984828923143,-0.00363830277076325,0.022037726884532,0.0160735086563353,0.00921793296966033,0.0023168672302197,-0.00453433726808067,0.00484106384634059,0.00143362493917819,-0.0137967930257229,-0.000700602213138879,-0.00135141763201511,-0.00052583616402992,0.00655128380911792,0.00775113824412803,0.013620064286387,0.0234286639171156,0.0105967845382147,0.011079667709295,-0.0132864910309649,-0.054506104899439,-0.0517040763449519,-0.00365370353887316,0.00498592105617565,0.0140233660999926,0.0100054710439542,0.0138000663504657,0.0117634263101481,0.0044188889187495,-0.0024915498321111,0.0103625218240558,-0.00418667286069546,0.0140680248250735,0.00130464417166495,0.00140847928567382,0.0012352309244054,0.00448057526713293,0.00358907457218388,-0.000418776249099093,-0.000765424132829899,-0.000437684883080794,0.0013786813259815,0.00101503492156774,0.00159697205484717,0.00519621004972768,0.000956039911215075,0.00101298802305325,0.000870943680414239,0.000609536838202501,0.00257042679720644,0.00402389003654704,0.00430912748370018,0.0052489438023832,0.00433914497410381,-0.00229127821827931,-0.00194867611740357,-0.00139095577111451,-0.0425472995088834,-0.0450522397409911,-0.0460983991356555,-0.0466994445235654,-0.040872731606828,-0.0423416300873381,-0.0429952384070788,-0.0464928500336391,0.00109336400739573,0.00120521661844428,0.00138613017183483,0.00130249636258035
"lambda1",-0.0651704569279763,-0.0733987448511021,0.259982326766274,-0.0177020259531414,-0.164684511241065,0.0735434531100931,0.00501056232832509,-3.64280796595186e-06,-0.056773296415471,0.0718231950292805,-0.0887280855213087,0.0917618151123982,0.32805533430355,-0.0177958510255189,1,-0.933459869730138,0.280896771111654,-0.0505932510631281,0.0106371964364894,0.0651262988002157,-0.119105944385595,0.143790673737129,0.0457267654265825,0.0414690943890965,0.056190702588432,-0.00868506422054568,-0.0129660178351338,-0.00617629639211279,0.0546601271328641,0.00399307110660851,0.0334265257521602,-0.00995746949857734,0.0225636269524486,-0.0124992366196385,0.0156649837937262,0.0218023272825034,0.045730989540237,0.0437026393996195,0.0376263007520373,-0.00357135465419758,-0.0219524078992503,0.00765087792910283,0.00854391618944395,0.0322800501669336,0.00665583908823731,-0.0229293722072388,0.014476060840042,-0.0211193492443121,0.00898500334545675,0.0558418081838383,0.031401472063786,0.0243433394003891,0.00290760272805899,0.0382079771911584,0.0403697083828874,0.0383957404292545,0.0247545265014516,0.0351221009806977,0.0427275544187191,0.0420596051686062,0.0275265925681623,0.018749201866507,0.0351440296031041,0.0398622672906241,0.0387350621806966,0.0510740100911435,0.0217575061194846,0.0197387038696748,0.0180613362986175,0.0625657628900296,-0.0207977808664068,-0.0206146743317844,-0.01834991518178,0.0322031915655831,0.0369182051617011,0.0395278735963692,0.044660679390088,0.0597225475477258,0.0603045757278314,0.0605182588254764,0.0606206775539129,0.038079173682426,0.0378116947497811,0.0359958059497533,0.0292088676786271
"lambda2",0.0615076832573492,0.0746595804956555,-0.222647588280574,-0.00141957493151919,0.163396613436043,-0.0726323151734304,0.0204205844396279,5.96168183267256e-06,0.0481008298223821,-0.0729658596042724,0.107920433849993,-0.0768423029603812,-0.315310937825225,-0.100507507037301,-0.933459869730138,1,-0.31269717045252,0.100578788828725,0.0701630459952533,-0.100994346074538,0.113031756885669,-0.0791509931819432,-0.00246717187961144,-0.0649259018654895,0.00865268749217919,-0.176757026610933,0.0129665565529843,-0.0431493723329453,-0.110107193231221,0.0442445659884067,-0.0145986524620368,-0.00313710745245702,-0.029745635680669,0.0141872687204292,-0.0188653910707236,-0.0252817733503847,-0.0547579394310622,-0.0561871658005028,-0.0429726452437018,0.0173756334536694,0.145537200266893,0.113811143248386,0.101650144440269,0.0998999269948767,-0.0317912115139195,0.0822503060751413,0.00483790948186184,-0.0237680719598894,0.114871105465317,-0.0644923327081373,-0.0310408626986504,-0.0185288398708399,0.0195957526417287,-0.0399659099192496,-0.0445907484871542,-0.0400222449508351,-0.0189567451260481,-0.0377779385470205,-0.0427887637477348,-0.0392766669443935,-0.00916909181926327,-0.0222316507765888,-0.0384505146565139,-0.0413188128415571,-0.0336185522615365,-0.069803937005841,-0.0351940194862274,-0.0327294195147394,-0.0297537695940858,-0.0931282844858286,0.0819060498776196,0.0837165585197956,0.0799761470504093,-0.0553821539750055,-0.0585784026668806,-0.0601664525832964,-0.0632834777975419,-0.0469601718875158,-0.049932459895036,-0.0516084650023096,-0.058443936803653,-0.0369592737832714,-0.0413610655931086,-0.0387749094395926,-0.0303015259113169
"lambda3",-0.117710546447569,-0.102815353996506,0.508394855984076,-0.117450678530716,-0.153218131919591,-0.0184315907419679,0.0373424320762063,-3.64657360871707e-06,-0.0690631813937582,0.0680473726424714,-0.0423853968105061,0.0363354471043702,0.0835901008185084,-0.265984828923143,0.280896771111654,-0.31269717045252,1,-0.00822215766147985,-0.0318373462695733,0.0259719429409478,-0.0540056501679702,0.0409066354991194,-0.025138637532388,-0.000479340061107972,0.00308925470860194,0.0275584976760787,-0.0318941468877705,-0.00405166119183697,0.045657055523402,-0.000355187992380906,-0.0486803600707162,-0.0771423658604683,-0.0662269509464604,-0.0607918667914666,-0.0241508481806359,0.109220097952873,0.242496675433739,0.246140338297842,0.0176342436382181,0.015952331821876,-0.0178194232651248,-0.00416219859115191,-0.00907438137537061,-0.0236442189503436,0.0254721745268079,0.0157078466839074,-0.176726779299972,0.11728961348672,-0.0191319918567615,0.00756751294690861,0.00436667010284136,0.0053704591517796,-0.00194574179055877,-0.000632111783477104,0.0105298366841809,0.01283269374991,0.010300110925955,0.00223292598230914,0.0103006426224102,0.0118405867919057,0.00445264027790124,0.00824117781786311,0.00600140256630326,0.00408678984630682,0.00096193636537375,0.0309363335509019,0.0167135048404625,0.0143071019569631,0.0120994651333905,0.0343739947018003,0.00959352202718512,0.00789672362980588,0.0132514310180307,0.277029782079936,0.275884539475868,0.273230666940658,0.262456442392249,0.137701117226718,0.152145518234529,0.160032419462298,0.189217846484069,0.00566021044430339,0.00437367934289204,0.0038307441593509,0.00214656088795682
"gamma_EDUBASICA_LV1",0.00906306410184372,0.00849178369697372,-0.120066079746953,0.00668261028818996,0.0162444429708176,0.00290056605774128,-0.00601167053661155,-2.63183494760581e-07,0.0177080365996579,-0.0210282746023819,0.0238644549151851,-0.011258361429104,-0.0359299630573667,-0.00363830277076325,-0.0505932510631281,0.100578788828725,-0.00822215766147985,1,0.697244493833528,-0.158208067550601,-0.0204767347560426,0.133135917799008,0.0738276800813052,0.0849334397748836,0.126373994422883,-0.286216190125019,0.100970591712449,0.0283297988896719,-0.00627582870270036,0.20344464636732,0.0753759758033396,0.0757462076548778,0.0664849620487578,-0.010748840248207,-0.0104019942122655,-0.000385823278147342,-0.035200847060926,-0.0461313545953094,0.0291532941987086,-0.0202796131252305,0.148440551449468,0.0974804686964781,0.0698101644763397,0.129449573881553,-0.0843363169278211,0.09662959834621,-0.0231765983522379,-0.0561863419073226,0.126894620960862,0.537245187695035,0.573277240655007,0.555780146883642,0.455997500915441,0.570511852378196,0.562328501469473,0.538471347582423,0.466414915024671,0.568751399429984,0.526074903349461,0.495386458619041,0.368943101079236,0.504783930506042,0.570194068395826,0.564090298508029,0.448385980220048,0.115920318980711,0.0708992987252828,0.059403379392814,0.041338285974375,0.101107546627504,0.137911585883549,0.140170530427144,0.125266586260115,-0.00478384348076869,-0.00796516678009961,-0.00925051825122639,-0.0104631568295557,0.0166437269839282,0.0114715814369584,0.00839391175213244,-0.000380535821062133,0.542089453299523,0.562518571764709,0.549470910825333,0.482324570467285
"gamma_EDUSUP_LV1",0.00159177887724107,0.00442047216467981,-0.110880004673407,-0.00347656446395029,0.0103788485384673,-0.00202829226854836,0.00472028765436906,-3.15386275495039e-07,0.0263480138339712,-0.0180375875713289,0.0104253714422036,-0.0112141429413058,-0.0227282688523488,0.022037726884532,0.0106371964364894,0.0701630459952533,-0.0318373462695733,0.697244493833528,1,-0.17565409557237,-0.0180396252165655,0.202703175185665,0.0656620554662549,-0.0162472099776648,0.209358335806478,-0.40778044401071,0.106440751295554,-0.0343225239191045,-0.0527408878217579,0.220282591789007,0.0554247505672282,0.0312938434908438,0.0242959391456624,-0.0166450322799205,-0.00867508689148282,0.0101198377062558,-0.0265254047996188,-0.0327091329074343,0.000261315128809228,-0.00690570048820229,0.257246540782111,0.235900623875574,0.239810835768097,0.278109200801454,-0.0686177010382859,0.139198996739466,-0.0387351895487043,-0.0287056556230618,0.266116574743781,0.396856467372055,0.422565486457766,0.407102572927458,0.340460912418911,0.420287321537402,0.412814337360459,0.392640615352375,0.34055882362898,0.393674342359904,0.406773390782573,0.391904297103022,0.317465916258234,0.36790137669973,0.416270110217344,0.415954331721512,0.336786153833069,0.0841360702026965,0.0451240430509495,0.0384408544266929,0.0293626725289106,0.06522355527384,0.168063076596443,0.172267100602808,0.163864665289231,0.0017011826738456,-0.00189863804436859,-0.00378071087466359,-0.00675175545866046,-0.00441410827415081,-0.00696069401312986,-0.00838184621715835,-0.011625263189068,0.401771751483896,0.413711021507014,0.404193974607217,0.353629144970681
"gamma_EXP_2_LV1",-0.00361812378325656,-0.006205119233617,0.0080390071609086,0.00671049319618756,-0.0113022765748628,-0.00274237585148949,-0.000616238578530973,-8.44819074783356e-07,-0.0129856048065506,0.0119153109380645,0.00381994689348907,0.00178377860635257,0.0354318737226284,0.0160735086563353,0.0651262988002157,-0.100994346074538,0.0259719429409478,-0.158208067550601,-0.17565409557237,1,0.315544592415302,0.0160151275897736,-0.1186627788685,-0.0409352574524057,-0.0190534199728444,0.198833986901941,0.141443995285705,0.1654113712654,0.0929150099054152,-0.0282832787918711,-0.0599233914310519,0.00142074918941733,0.00261519940883669,0.0271694505275881,0.00932890825269028,-0.0591140206168873,-0.00135505890827838,0.00270395116618483,0.0149349456588241,-0.00042902610536592,-0.12086733877443,-0.0998491418783078,-0.0986416716417153,-0.0919703228681036,0.00823935239565136,-0.0790132261344361,0.0281700986899476,0.0145401338487524,-0.106709183322925,0.0967598038378088,0.0826026337620611,0.069204329864351,0.0147550950168035,0.0831882245120166,0.0925763641314217,0.0841286480880331,0.0569078981685843,0.0835190785503097,0.0815283710502364,0.0708760639061141,0.0185083295677087,0.0497227074273223,0.0802094536405591,0.084161819684994,0.0663665322283146,0.0632458202766565,0.0307498561492223,0.0268347753373704,0.0205469285772192,0.0812243458345672,-0.0703755130732469,-0.0736278611862118,-0.0767308863818035,-0.0104720727625593,-0.0088281854103921,-0.00764887525402492,-0.00531882220109467,-0.0022237528883479,-0.0017962482968556,-0.00186712943930231,-0.0016738349014016,0.0746144364540754,0.0865025079440127,0.0824930019355457,0.0684357170351807
"gamma_EXP_5_LV1",0.00921870969651626,0.0123207512791421,-0.0672702756486062,-0.00619618158451406,0.0245821646511059,-0.0169410520883972,0.00386553607678796,-2.14018271880702e-07,0.0194783121081639,-0.00503404051793763,0.00914523249489827,0.0127043075446417,-0.0338687494210411,0.00921793296966033,-0.119105944385595,0.113031756885669,-0.0540056501679702,-0.0204767347560426,-0.0180396252165655,0.315544592415302,1,0.0286642779044244,-0.113195406691991,-0.0355009167255281,-0.036626647564261,0.0359653775042229,0.0933734203211567,0.0462763563997977,-0.35329419044565,0.070100335567136,0.0489412880208399,0.00808127112827622,0.000625884176228871,0.0164500804024937,0.0455191190936975,-0.0335222208458221,-0.018659918707809,-0.030876015678481,-0.0177674849893554,-0.020306316170835,0.0124738548639533,-0.0283715639240017,-0.0395016014195803,-0.0351706127564039,-0.0968675322057208,0.0128596399096827,0.0394636988241667,-0.075140439730712,-0.0372562650300656,0.0802520594136624,0.128747417197485,0.130039915316006,0.0921615022225247,0.107313806115697,0.116545670598891,0.109315190728744,0.085059303083093,0.11182026381052,0.102023200384021,0.0904578406578592,0.0387031566547557,0.0923666590225833,0.111556195791519,0.10969930878799,0.0811283045045633,-0.0888895742208394,-0.100465981496574,-0.0983881247283711,-0.0963291746108128,-0.106688964572379,0.0130677599547758,0.0183452180296754,0.00289841926238026,-0.0500974912952478,-0.0462468647347865,-0.0445606334636477,-0.0414001271437146,0.0148591037996049,0.00920911669138008,0.00618259039095827,-0.00485531695765388,0.104680855022971,0.111538914590221,0.107763798701952,0.089736048019837
"gamma_HTRB_2_LV1",-0.0154032101229576,-0.0148383159258638,-0.00151569022522005,0.00672680010145305,-0.0345979341248586,-0.0075102001686757,-0.00083511423038129,-1.94689715582422e-06,0.0189444207857315,0.00597870682225416,-0.0103452884044026,0.00553320766916103,0.0109148964144099,0.0023168672302197,0.143790673737129,-0.0791509931819432,0.0409066354991194,0.133135917799008,0.202703175185665,0.0160151275897736,0.0286642779044244,1,-0.00741873508869437,0.0344482106864315,0.247470592888065,-0.339960521393906,0.109714153620536,-0.0139217610559649,-0.100680604240169,0.184214908316641,0.10896619735101,0.0239130468184473,0.00833015448748106,-0.00459605646157094,0.00248460334853695,-0.00174713197625638,-0.00591340654094051,-0.025818324976112,0.0538303782545676,0.0245405251643336,0.147250653174024,0.165897401501946,0.142252262918654,0.2221769799962,-0.0835192971736093,0.138380377730878,0.0358553630380903,-0.100028357035012,0.203284302292483,0.228572704277475,0.20642725580376,0.199712517547524,0.13147451091559,0.221221856823099,0.212206848792622,0.206160605151835,0.151405186467027,0.221579774538156,0.2030673821024,0.200420208456917,0.12338044804422,0.174852170413058,0.207872311320334,0.212315203267886,0.176177625634154,0.0749435809520526,0.021008608462495,0.0143937450507421,0.00780176817395308,0.0478664822875954,0.162587009930479,0.164736236463194,0.155951292135331,-0.0294410682463779,-0.0250054566760069,-0.0219796604749132,-0.014932965670387,0.0512593623544763,0.0456113346403961,0.0421659605049393,0.0295863931126964,0.204297259999587,0.214300330922378,0.210951284375915,0.181436294778396
"gamma_HPICO_LV1",0.00632894286814165,0.00293433245770879,-0.0550888289967076,0.0198912929606304,0.00577604580017654,-0.00317390119065702,-0.00947229846242256,1.88651101821541e-06,0.00581685680169764,-0.00659254194403538,-0.00194306224568306,-0.0142884938862619,0.00905904230437151,-0.00453433726808067,0.0457267654265825,-0.00246717187961144,-0.025138637532388,0.0738276800813052,0.0656620554662549,-0.1186627788685,-0.113195406691991,-0.00741873508869437,1,-0.0796537777453701,0.0592731168310254,-0.221385080048316,-0.0643909973402783,-0.0903537955108538,-0.0475757602753502,-0.331374218481381,0.116327762502775,-0.00595544663869927,-0.00922787354582111,0.0241838726000308,0.0434798616811922,-0.0248995361622749,0.004670680566579,-0.00777607242989912,-0.00535323802126821,0.00935138514209872,0.159803248119288,0.151088900159395,0.170314654887435,0.148707030601125,-0.00184227788621817,-0.0103670802465213,0.0546409471180517,-0.0649382235468048,0.120246487925206,0.0512796973719684,0.0835762053867584,0.086947078226529,0.0897037191342999,0.0662774422193851,0.0764643944169487,0.0795977672615832,0.082152888100194,0.0401583559426827,0.0934884919439328,0.0987975477018522,0.0996880102822131,0.063626755260682,0.0694924377934748,0.0693931674040155,0.0605203727394776,-0.194582221105383,-0.136958585718038,-0.122277753830735,-0.102511415531077,-0.206475060082983,-0.0541561051742949,-0.0421021312983114,-0.0383356132458177,-0.0364495005373204,-0.0309410483898364,-0.0281882435223359,-0.0225036943124388,0.0308235935791777,0.0276122980693295,0.0261137756249196,0.016854648029498,0.0852016673934847,0.0653445150996063,0.0622070114560849,0.052295945965111
