"","asc_ruta1","asc_ruta2","asc_ruta4","b_tt","b_dt","b_Sem","b_ACC_1","b_ACC_2","b_SI_CAMFD","b_SI_PANEL","b_SI_ZER","b_Si_MTRP","b_No_Info","b_UsoCel_F","lambda1","lambda2","lambda3","gamma_EDUBASICA_LV1","gamma_EDUSUP_LV1","gamma_HPICO_LV1","gamma_CSECO_LV1","gamma_SININFOTRF_LV1","gamma_LV2_LV1","gamma_ADULTO40_LV2","gamma_EXP_3_LV2","gamma_EXP_4_LV2","gamma_EXP_5_LV2","gamma_HPICO_LV2","gamma_USODISPMOB_LV2","gamma_EDUBASICA_LV3","gamma_JOVEN30_LV3","gamma_ADULTO40_LV3","gamma_EXP_2_LV3","gamma_USODISPMOB_LV3","zeta_FRbr","zeta_EnfCond","zeta_AFrSem","zeta_CulFr","zeta_OmLmVel","zeta_IgPare","zeta_PasoPeaton","zeta_UsoDirec","zeta_UsoPito","tau_FRbr_1","tau_FRbr_2","tau_FRbr_3","tau_FRbr_4","tau_EnfCond_1","tau_EnfCond_2","tau_EnfCond_3","tau_EnfCond_4","tau_AFrSem_1","tau_AFrSem_2","tau_AFrSem_3","tau_AFrSem_4","tau_CulFr_1","tau_CulFr_2","tau_CulFr_3","tau_CulFr_4","tau_OmLmVel_1","tau_OmLmVel_2","tau_OmLmVel_3","tau_OmLmVel_4","tau_IgPare_1","tau_IgPare_2","tau_IgPare_3","tau_IgPare_4","tau_PasoPeaton_1","tau_PasoPeaton_2","tau_PasoPeaton_3","tau_PasoPeaton_4","tau_UsoDirec_1","tau_UsoDirec_2","tau_UsoDirec_3","tau_UsoDirec_4","tau_UsoPito_1","tau_UsoPito_2","tau_UsoPito_3","tau_UsoPito_4"
"asc_ruta1",1,0.84548328093455,0.512676553338714,0.212463316209987,0.565353377396022,0.221087102074551,-0.0740208519332411,0.00891492831801831,-0.0632448189640201,0.0471623656836407,-0.0490774888249839,-0.0356760294219485,-0.00676249221176596,0.0458785423364964,-0.0606758357799714,0.0600183188474857,-0.110424288200127,0.00207618230841038,-0.00530522425007786,0.0044027157181577,-0.000997528725840008,0.00473508668240123,0.00282732412389355,-0.00754810402256976,-0.00553835696294049,-0.00804759759352279,-0.00672440434476434,0.00218349207212582,0.0047028204412843,0.00560541978534292,0.0212401461121154,0.0118608001491577,-0.0169586613870597,0.00511855786044597,-0.00222106091358899,-0.00358822016300232,-0.00235101252495435,-0.00313107486869412,-0.00281380950497988,0.00356361698682133,0.00493524803529402,0.0210506377657039,-0.00440545073813296,-0.000899885647343268,0.000200527658675765,-3.96755718562205e-05,-0.00143089163661784,-0.000436269147890898,-0.000273460659874631,-0.000675518214398024,-0.00168662149383463,-0.000702028236063894,-0.00014064032859374,-0.000299147536313409,-0.00167322733059796,-0.000945022936986246,-0.000605396680650589,-0.000514821305599814,-0.000827795614862993,-0.00770899537556214,-0.00719648450712975,-0.00679022711919194,-0.00561836538415254,-0.0101405816231031,0.00185423736190015,0.00202218868915076,0.00267344861702907,0.00194541741442701,0.00345390211194016,0.00465645417252533,0.0056809595566616,-0.0155282493551774,-0.0143569115946441,-0.013165629458963,0.000822900714196975,5.16745553333839e-06,-0.000141840200514084,-0.000200936107322661,-0.000928813470862854
"asc_ruta2",0.84548328093455,1,0.491845726738122,0.0801808182160779,0.491410084743293,0.154125671913371,-0.0324193432465202,0.0236073565147717,-0.0100455577994314,0.0392293601272959,-0.0282293014434624,0.0242348747729031,-0.00975824085637707,0.0365338170613168,-0.060428244365375,0.0602390328205957,-0.100591185335923,0.00130387334065613,-0.00471127133040905,0.0016440772096529,-0.00210316974297116,0.00456663596177631,0.00369287461695348,-0.00593758018719141,-0.00493052836470188,-0.00729581553713765,-0.00496272068329633,0.00326967906004799,0.00344581198030692,0.00397043292097609,0.0166611902853025,0.00828028801331592,-0.0153122783476319,0.00267552117784841,-0.0023491109579366,-0.0036526022072193,-0.00202067442133849,-0.00271484218023934,-0.00192562558984541,0.00226129569864475,0.00391427247237156,0.0182372934157382,-0.00433963920536484,-0.00125209441171218,-0.000411646084419801,-0.000622263475141694,-0.00171266423815566,-0.000834206829301485,-0.000793624903136662,-0.00113242458554091,-0.00198089311345769,-0.00128655141972099,-0.000572977489316448,-0.000666848510485917,-0.00156748511155794,-0.00155391140385617,-0.00117266931884165,-0.00101184200257727,-0.00103038603546171,-0.00580479996923942,-0.00525158232105081,-0.0049188899284508,-0.00395858378584353,-0.00737876852373547,0.000946165672423071,0.00106234418388193,0.00168604829941911,0.000438448288033659,0.00137747865816731,0.00226005346082632,0.00326583762773176,-0.014676406663597,-0.0138240700966739,-0.0129912817871963,-0.00161047050494614,-0.000433777770247876,-0.000653614240806164,-0.000683862417804754,-0.00126634890967518
"asc_ruta4",0.512676553338714,0.491845726738122,1,-0.0856754795772673,0.353250980228877,0.134799024203877,0.012238876400368,0.00804701443232839,-0.12546819396588,0.0348867677459222,-0.0431536477026532,-0.00115360401711651,-0.361845525447161,-0.557299656721323,0.205118254356677,-0.120184397838983,0.267893367539867,-0.115923820148607,-0.0833936131838313,-0.0381586031675036,-0.11400789750754,-0.0487225833346666,0.0245294581732725,0.0111732211443541,0.0334302234570214,0.0112962661373222,0.0531242961466704,-0.00433088140939703,-0.0590118088293966,-0.0938319407685955,-0.0325561313623162,-0.0266698187079171,0.00501609424735806,-0.0402342963158073,-0.0339403748802305,-0.00619794600366264,-0.0140446457991737,-0.0141864060656625,-0.000967925082624598,-0.0332073710349103,0.0478244455292424,-0.101174636837427,-0.0105867126963754,-0.105565541680357,-0.128916980240539,-0.127281884947953,-0.101888420146735,-0.123505895955279,-0.122514204841364,-0.115839458887894,-0.0932829170999902,-0.111209119083426,-0.124061232496412,-0.121121083711732,-0.0859166656636186,-0.105122545087967,-0.121634724831379,-0.121893376166478,-0.096954326294524,0.0132098359416581,0.0125165481480824,0.011824327802828,0.0102373522494217,0.0310960641200869,-0.0279666844087512,-0.0283298387658231,-0.0303763451637744,-0.0991548252313328,-0.108044463269684,-0.10697121785839,-0.0783488758789085,0.0560413897818576,0.0426885093895235,0.0277347618855557,-0.0736321268916803,-0.117520770293001,-0.123607894240091,-0.120757542340704,-0.103037893242597
"b_tt",0.212463316209987,0.0801808182160779,-0.0856754795772673,1,-0.124645089156085,-0.0671478390333225,-0.0786632525609091,0.0279547101487333,-0.0854682468029687,0.0294266977589602,-0.0918200734294953,-0.0715825128851924,-0.0231295856072782,0.0943397604057727,-0.0155502254164173,0.0122383440853936,-0.11426207196668,-0.000510747551135516,-0.00652057419748667,0.0134866951132069,0.00128094731059574,0.00406898013339791,-0.00207461717133483,-0.0104302479390752,-0.00503154105255839,-0.0108344467627992,-0.00767749972410213,0.00826556933946019,0.0155804125759979,0.00905474321633922,0.0196809364570721,0.012814897035595,-0.0116005820857389,0.0153150780027942,0.000959857541171778,0.00110256957066031,-0.00160457467738753,-0.000395314774709132,-0.00119309711410167,0.0059424670429576,-0.00229633278376803,0.0208643492532464,0.000711491195969383,0.00240285456987694,0.00392431703526143,0.00378697877685292,0.00122249294362568,0.00239809775819009,0.00350509332271879,0.00308811604274699,0.00159688121929085,0.00374732089726632,0.00315307276764932,0.00286554599573458,-0.00103822251713264,0.00225238089238102,0.00310706509470722,0.00302078696437211,0.00167780779460184,-0.00293267348424643,-0.00314921135228083,-0.00359412424325343,-0.00325063693018291,-0.00695228694685268,0.00513793775690074,0.00509564439889163,0.00529064026466823,0.0114885082296136,0.0126479836486202,0.012327431925168,0.00879256175083849,-0.0128082124040973,-0.0109670551161697,-0.00866964613796475,0.00748901521532062,0.00234936009691094,0.00339502736172051,0.00339307177769358,0.00275039373053647
"b_dt",0.565353377396022,0.491410084743293,0.353250980228877,-0.124645089156085,1,0.254638283966588,-0.059903841619329,-0.0113038275273591,-0.0382481551612056,0.0411502363409527,-0.0621417145478337,-0.100958274182099,-0.0226235444204941,0.0277282791898874,-0.125059492801453,0.119151239748127,-0.145423151197117,0.00442196823266926,-0.00591728639163094,0.0016154585986874,-0.00544858468775775,0.00749108060157032,0.00574243788562935,-0.0126542012706514,-0.00670658949653832,-0.00816168747756455,-0.00728634045476646,0.00253678666292609,0.00244014843876515,0.00564155622492961,0.0236657078152351,0.0164971385212565,-0.0189076086419616,0.000106911775312995,-0.00349168290133781,-0.00670716418126103,-0.00146881121897251,-0.0044216734815394,-0.00435074414486831,0.00604826795418526,0.00498816535020503,0.0296683202307153,-0.0083144085328819,-0.00268912223578198,-0.00144184063060057,-0.00179526787508693,-0.00247871616634508,-0.00147276890758007,-0.00219088225500235,-0.00277413563353035,-0.00373537835759638,-0.00350734926278814,-0.00139019203596412,-0.00140666173106039,-0.000991798223622037,-0.00289989678101625,-0.00255289345446814,-0.00229519372876247,-0.00205772002753939,-0.0106864267234731,-0.0102686310245003,-0.00963154022649893,-0.00815051358349464,-0.0150666840136326,0.00364113581833349,0.00385961410148932,0.00476796067075382,0.00129935157628372,0.00297314492445618,0.00463676884459788,0.00592901649518599,-0.0243581920643182,-0.0229933757329888,-0.0216471564028697,-0.00238290002707051,-0.000513410093001929,-0.00179208980817591,-0.00195016132999325,-0.00302886679545488
"b_Sem",0.221087102074551,0.154125671913371,0.134799024203877,-0.0671478390333225,0.254638283966588,1,-0.0723218772441043,0.0176812297445742,-0.0637192646862455,-0.0416336759144282,-0.0475608503825974,-0.10588908600421,0.00403453330186425,-0.0276995681619466,0.0598855491108352,-0.0389808388162489,0.0280081421683268,0.000776625680616073,0.00196465098749264,-0.00505817361368682,-0.00295042974535084,-0.0040918284021865,-0.00439801877437193,0.00276841863162132,0.001508374754504,0.00299391322768278,0.000219870656086409,-0.00846169347112934,-0.0139277970035299,0.000586629415690964,0.00850431314660404,-0.00582701290612621,-0.00876272625268633,0.00115005875513614,-0.00045549935970787,0.000776046926564271,-0.000513801225739832,-0.000545320789216005,-0.00389519849913752,-0.00358249477819566,0.00840589595798476,-0.00626046415255535,0.00163027080736429,-0.00783392709534094,-0.00883177391631344,-0.00871947547636755,-0.00610866093185295,-0.00845039058669048,-0.00849404768115759,-0.0079770581574649,-0.00607207600893877,-0.00742899792293327,-0.00889614867279816,-0.00884527252827196,-0.00599365945605287,-0.00602396562356754,-0.00784301358409932,-0.00814500652707296,-0.00671821891947442,-0.00929525912802705,-0.00765260083878091,-0.00649075839446651,-0.00507568384981973,-0.00687709545078601,-0.0048161440375908,-0.00443486189348615,-0.00406634863567526,-0.00558872895224853,-0.00473473313386393,-0.00326410170941263,0.000191719791484921,0.00829521165516309,0.00682173853269468,0.00569438913420396,0.00164188161605257,-0.008494043142676,-0.00843431666750867,-0.00820086147235845,-0.00698950607883373
"b_ACC_1",-0.0740208519332411,-0.0324193432465202,0.012238876400368,-0.0786632525609091,-0.059903841619329,-0.0723218772441043,1,0.121986757764578,-0.0510161061898127,-0.0454766015452823,-0.0125924020589901,0.0452046204892263,-0.0226415234200986,-0.0849380358056721,-0.00317655061968741,0.0407046319706111,-0.00143291813863224,-0.000855336463360133,-0.00135497975048111,-0.00400872408827465,0.00367324479367736,0.00165801405912605,-0.00602601665182156,-0.00398709011238443,-0.00321312510294213,-0.0052266532908375,-0.00909545467236252,0.00174444990796298,-0.000331734124982481,-0.00080479074117409,-0.00153587295036933,0.00796501559521057,-0.00191719669328853,0.0111232645167453,0.00366998825794208,0.00406364720574602,0.00311611038194479,0.00275473288541059,-0.0042675944772616,0.00859068988093333,0.000172463112240153,0.00291170873171675,0.00404536436465889,-0.00242056278448744,-0.00249192505955329,-0.00226976247663581,-0.000984304686504836,-0.00238524854685851,-0.00260856262687008,-0.00242486246932906,-0.0015734663106783,-0.00192617646696986,-0.00266140777068891,-0.00259085218878163,-0.00109595012247596,-0.00120919880668167,-0.0019779914263025,-0.0022930905141531,-0.00218198879472144,-0.00443791601451615,-0.00564628878315575,-0.0057698225174325,-0.00587867041304183,-0.00967519103067248,0.00776162390637363,0.00792302641159317,0.00767946341359116,0.00367943670571229,0.00406524165419609,0.00414010591317195,0.00429073431211402,4.39469433302214e-05,0.0011941857858065,0.0016380611010538,0.00508629052365188,-0.00243308457411532,-0.00249838275793882,-0.00248647383744461,-0.00206350770604248
"b_ACC_2",0.00891492831801831,0.0236073565147717,0.00804701443232839,0.0279547101487333,-0.0113038275273591,0.0176812297445742,0.121986757764578,1,-0.00694987362724426,0.0388895414665469,-0.00146351269815284,-0.0232497087350812,-0.0282930907731135,-0.0103052307342412,-0.0276208429891137,0.0487756314416085,-0.0548063461833314,-0.0019051130033235,-0.00270646183671206,0.00212672078532347,-0.00364944518203807,0.00185185443287812,-0.00536867647890188,-0.00887840023823114,-0.00268744183466452,-0.00286092864445537,-0.00874970224389357,0.0044719525353262,0.0050968133753202,-0.00243007897366482,0.00129090153960865,0.00666688086589331,0.00018695719105018,0.00242699141570725,0.00304051937788244,0.00309928694237876,0.00361015306732144,0.00285758412731246,-0.00488679413476251,0.0115088226026127,-0.0057672068335241,0.0107894532068775,0.00389031058020312,-0.00347702657929988,-0.00354545830563102,-0.00358153213305335,-0.00262252697417426,-0.00332369703351189,-0.0037726334676755,-0.00384315591771838,-0.00332674801458282,-0.00355620462489809,-0.00361668626993055,-0.00359217999726393,-0.00202839403289987,-0.00289468023915289,-0.00344218514902099,-0.00356378797919108,-0.00323083271101526,-0.00159562402250992,-0.00532535546322674,-0.00582745290505324,-0.00601198657103091,-0.0101640621211559,0.0106014512456288,0.0106450991272616,0.0106909001430701,0.00515696538840084,0.00470140421622023,0.00402464432958445,0.000922142265245585,-0.0103209626739369,-0.00959175338993407,-0.00880047621852072,-0.00141925827723266,-0.00372998488189474,-0.0035413115500992,-0.00345205383847667,-0.00303072734839636
"b_SI_CAMFD",-0.0632448189640201,-0.0100455577994314,-0.12546819396588,-0.0854682468029687,-0.0382481551612056,-0.0637192646862455,-0.0510161061898127,-0.00694987362724426,1,-0.0674720508420063,0.11063167342943,0.0818641868463957,0.0463445848292355,0.127758894911705,-0.0613897168177631,0.0325617665710313,-0.124222952108795,0.00545176865732518,0.00651473464342292,0.00356623094043979,0.000364978762340696,0.0108061016984643,-0.00112379116211868,-0.00565469722371213,-0.00140582636515714,-0.00233860636003962,9.76912881569953e-05,0.0128793625225681,0.0073518464830332,-0.00241893948392357,0.00875004162066481,-0.00912014357453118,-0.0188691899956956,0.0129090480792474,0.00327028108954165,-0.000247316662690719,0.00473267306958884,0.00284267691684123,-0.000221720749786665,0.000672950579668475,-0.00349100332726669,0.0195645023478553,-0.00206771545984522,0.00602432316368506,0.00930106060139497,0.00902735681051665,0.00702385599835353,0.00832190033688723,0.00847229693244737,0.00767972640590995,0.00548710686133496,0.00511493238751554,0.00961017155785701,0.00970288008958451,0.00806077174739534,0.00551926847065203,0.00768309119011281,0.00816197432957955,0.00690715045836428,0.00244490305287271,0.00170962256775797,0.00115791677137397,0.000906740873927164,0.00167649724828849,0.00119902384692472,0.00106590070393488,0.00114401197023503,0.000416575834017819,-0.00122454873812338,-0.00301250250843597,-0.0064792790392464,-0.020629833588253,-0.02231933936576,-0.0218996618928159,-0.0115961452466192,0.00919962457382667,0.0086749148253529,0.00832597924443029,0.00626304594490065
"b_SI_PANEL",0.0471623656836407,0.0392293601272959,0.0348867677459222,0.0294266977589602,0.0411502363409527,-0.0416336759144282,-0.0454766015452823,0.0388895414665469,-0.0674720508420063,1,0.016425321909903,-0.0732314610894616,0.0938355392147796,-0.00757488860274705,0.0028669830311958,0.00738915479104479,0.00803969082978024,-0.0048984076471411,-0.00879021080889351,-0.000800084358161461,0.00338870548978491,-0.00466012031136299,0.00303837709340701,0.00187999166978868,0.000870886834027197,-0.00157715429858156,-0.00696130317296551,-0.0044500108694826,-0.000974544928612363,-0.00177888668981078,0.00288698801905033,0.00535255459821506,0.00362453189364905,-0.00436225570879523,-0.00331984201892691,-0.00137645875095015,-0.00204491011350273,-0.00204097147004484,-0.00268881051915038,0.00626689072009573,-0.00158095300406411,0.00325333728294816,-0.000844042434371592,-0.000931545433252839,-0.00259838784754154,-0.00292134768695659,-0.00407678704594796,-0.00219092974516171,-0.00240929944462466,-0.00240594906819733,-0.00249719252290879,-0.00166744803991338,-0.00266480612708821,-0.00281595013851784,-0.00341986427109329,-0.00203888802483768,-0.00221528504609644,-0.00232532716653482,-0.00242645855380429,0.00180331916673777,-0.00236919783788228,-0.0026785199757024,-0.00291278625272542,-0.00268240450683529,0.00592897454673755,0.0059658086592101,0.00590762501355771,0.0027261614887386,0.00184227359755319,0.00124003875435987,0.000551238648027473,-0.00126019474072856,-0.00122216951938787,-0.00153839962903767,-0.000990349222835393,-0.0027143460380686,-0.00236076891566975,-0.00241860539998837,-0.00247323596822478
"b_SI_ZER",-0.0490774888249839,-0.0282293014434624,-0.0431536477026532,-0.0918200734294953,-0.0621417145478337,-0.0475608503825974,-0.0125924020589901,-0.00146351269815284,0.11063167342943,0.016425321909903,1,-0.0437405278552091,-0.0429893183273185,0.0224285398459537,-0.103285004303864,0.110897112277789,-0.059833930408268,0.0106909785569329,0.0108922953992622,-0.00271874710481574,0.000694024298569866,0.00375189591534851,-0.00977808275434953,-0.00815026371468067,-0.00162905980104132,0.00438481973684169,-0.00984295458379467,0.0086558639071306,0.00220684965581417,-0.00220660372017009,0.00539782169198043,-0.00440327128151485,0.000545649086303821,-0.000481590840556277,0.0056669685602469,0.00419958905354297,0.00803439665182971,0.00305815147982436,-0.00694908015714199,0.0135471196062045,0.0108375916252117,-0.00597564174942213,0.0023822986112208,0.00419282215054482,0.00540011066917281,0.00513472900358302,0.00535250345521286,0.00542429546887707,0.00490336381968532,0.00461057780145713,0.00414266091007496,0.00283606611237847,0.0056683281825288,0.00584757090249883,0.00734014216579543,0.00527413068806675,0.00542700150774974,0.00508381398550968,0.00350802139865112,-0.00053912774761818,-0.00374654077180343,-0.0045457697523353,-0.00581559488675335,-0.0110524991179383,0.0137835563730113,0.0137654448606989,0.0133088991940543,-0.0111998484374681,-0.0101322519045514,-0.00822533325689337,-0.000961063940195136,0.00352100416071366,0.00386157522673022,0.00345371381414125,-0.000596679296663608,0.00598396290322832,0.0052650943591295,0.0050184239793288,0.00360257936109843
"b_Si_MTRP",-0.0356760294219485,0.0242348747729031,-0.00115360401711651,-0.0715825128851924,-0.100958274182099,-0.10588908600421,0.0452046204892263,-0.0232497087350812,0.0818641868463957,-0.0732314610894616,-0.0437405278552091,1,-0.0206210926268599,-0.02959859479792,-0.00387080254629665,0.015940914769088,0.0331399786916511,-0.00160402086975538,-0.00581904760701402,-0.0053289278985878,-0.00436227220014655,-0.00206330798940196,0.00789734426153503,0.0128841045104607,0.00276035634525842,-0.00727896861305518,0.00805621979073835,-0.00464095471300164,-0.00694244903097467,0.00265387683550215,-0.0056295303071549,-0.0064451755603953,-0.0037618157958497,0.000318449809229921,-0.00544701561777416,-0.00393758995542719,-0.00528646582302966,-0.00360233222648447,0.00280778602372228,-0.0100507429647689,0.0110213135821861,-0.017335771241425,-0.00266455936890261,-0.00260983200417775,-0.00408281277435421,-0.00409034497437492,-0.00499028339000053,-0.00388663855465784,-0.00355998083553034,-0.00330331882157472,-0.00344337780311752,-0.00269826548390948,-0.00403767812147322,-0.00399655612375169,-0.0049885801872677,-0.00342755941366102,-0.00377253868216491,-0.00365226409751623,-0.00289085266528272,0.0014762838701486,0.00236312213798306,0.00264216174877384,0.00300622290843179,0.00869829307851486,-0.0100505175173994,-0.0100176922285246,-0.00970208211667824,-0.0102682470961508,-0.00842996797174939,-0.00546278269508381,0.00103512217370481,0.015393697182058,0.0163261381330427,0.015712820929575,0.00380011066928405,-0.00422206694079042,-0.00361670436403403,-0.00338109682276875,-0.00262326180582121
"b_No_Info",-0.00676249221176596,-0.00975824085637707,-0.361845525447161,-0.0231295856072782,-0.0226235444204941,0.00403453330186425,-0.0226415234200986,-0.0282930907731135,0.0463445848292355,0.0938355392147796,-0.0429893183273185,-0.0206210926268599,1,0.0177693970268014,0.211706365073529,-0.203771272629813,0.0801131205675418,-0.015525044085204,0.00667897706623546,0.0172163185623147,-0.0135674360242933,-0.113962171318526,0.0165310353720134,0.0326841004378437,0.0114343981951517,0.00622146659975355,0.0143699511973052,-0.0330563386768157,-0.0150204914002889,-0.0116048999286408,-0.0151200423088899,-0.0221237058533544,0.0213171440952264,0.014098284411073,-0.0254132306556133,-0.00694061920236346,-0.00725824800883504,-0.0161212007673137,0.015522288205809,-0.0320903745231354,0.0195696483747234,-0.0423429284958294,-0.0135488815331465,-0.0320649521987746,-0.0459223880148433,-0.0456457883293109,-0.0427108021451541,-0.0432075340204844,-0.041493585977633,-0.0381387497660986,-0.031655055306973,-0.04049089818179,-0.040817035580227,-0.0387618877770486,-0.0291802346240924,-0.0328643763835285,-0.0403808307166896,-0.041555999629037,-0.0348818578733078,-0.00428720765248655,0.00689372958872738,0.00953000489213642,0.0124640700381894,0.020481375752878,-0.0327261509666214,-0.0324668946319909,-0.0316371042267827,-0.0227252258313783,-0.0220638013317548,-0.01820690051732,-0.00444837599822674,0.0369669145514878,0.0350762732481368,0.0318715588197478,0.00394559991821969,-0.0386325719312419,-0.04254990773789,-0.0419118416045652,-0.036815310140524
"b_UsoCel_F",0.0458785423364964,0.0365338170613168,-0.557299656721323,0.0943397604057727,0.0277282791898874,-0.0276995681619466,-0.0849380358056721,-0.0103052307342412,0.127758894911705,-0.00757488860274705,0.0224285398459537,-0.02959859479792,0.0177693970268014,1,0.0546558129677096,-0.180764414556008,-0.254098975995856,-0.0116346378033718,-0.000543523193126332,0.00714749561342055,-0.00542223181245439,0.0141257017087735,0.00361321745268492,-0.0134846382548566,-0.00405712633390314,-0.0033370841293677,0.00679062117373401,0.0157238885330727,0.012164481906204,-0.00314561986142711,0.0256020956633373,0.0137492801356992,-0.0155212336353132,0.0132348538751587,0.0109085982064656,-0.00178355491137778,0.0134049711673028,0.00604507658413765,0.0162470904901299,-0.0117046516291977,-0.0563497865354946,0.0832796175817373,-0.000111173148613999,-0.00359690678521088,0.00269950242796171,0.00305331765093784,0.00367537027699812,0.00369135545553955,0.000233109297955739,-0.00167389882396407,-0.00454976765502893,-0.00408191737874473,0.00412614940754461,0.00450038592827158,0.00605449020040262,-0.00179176458435071,0.000329945557435502,0.000651747567889094,0.000236887575003063,0.00520988210236954,0.0124136046386713,0.0120020010988298,0.0126139941751653,0.0158728760642166,-0.0119763387481296,-0.0123670268471565,-0.0115575708812457,0.0497897447445011,0.0409308010147543,0.0291527817417819,-0.00411833085033548,-0.0759666089683894,-0.0767863825158116,-0.0723816078009436,-0.0203678371747698,0.00323454612338823,0.00100812849615026,0.000638540273472605,-0.000941171109022748
"lambda1",-0.0606758357799714,-0.060428244365375,0.205118254356677,-0.0155502254164173,-0.125059492801453,0.0598855491108352,-0.00317655061968741,-0.0276208429891137,-0.0613897168177631,0.0028669830311958,-0.103285004303864,-0.00387080254629665,0.211706365073529,0.0546558129677096,1,-0.928682999783133,0.22884490310699,-0.0521998922302441,0.0134117412799027,0.0824082352984567,-0.0333582616332406,-0.0216866782357928,0.020395243340422,0.0863871231652061,0.0322249014095656,0.0117048602465441,0.0955123464725812,-0.087699210074966,-0.0637623441372103,-0.00858027039562691,-0.0147482823361981,-0.0347928503564398,0.016706178267708,-0.00931721759893637,-0.0203107343344728,0.00670399285649618,-0.0044041912843928,0.00218414110411008,0.0543752152471351,-0.139315774548087,0.0520082076513955,-0.0954135305311505,0.00986485763650364,-0.0130056857267013,-0.02511228582004,-0.0245084040193521,-0.0302453140890444,-0.0270478445301917,-0.0184174462418037,-0.0158623379427015,-0.0138450679362294,-0.0212941465068123,-0.0182917115879763,-0.0168960414909403,-0.0206247556286399,-0.0176037659523125,-0.0215943199414546,-0.021309454120953,-0.0151593246001092,-0.00547505134819709,0.029562997082258,0.0368326271262816,0.0472526148209027,0.0971618736880403,-0.140689355152126,-0.140178696111736,-0.136615534402701,-0.0513592745734274,-0.0458852172763332,-0.0363199269297244,-0.00849460293606677,0.0846083594417663,0.080794913627389,0.0757696816367367,0.0142473531761912,-0.0266153093835136,-0.0224226229093307,-0.0214610395314046,-0.0152179610049903
"lambda2",0.0600183188474857,0.0602390328205957,-0.120184397838983,0.0122383440853936,0.119151239748127,-0.0389808388162489,0.0407046319706111,0.0487756314416085,0.0325617665710313,0.00738915479104479,0.110897112277789,0.015940914769088,-0.203771272629813,-0.180764414556008,-0.928682999783133,1,-0.281910545714589,0.0726983842820935,0.0100798397788534,-0.0788889942284409,0.0253625504386647,0.0342865260395743,-0.124062294236669,-0.107336902395465,-0.0427559373681898,-0.0140574240396515,-0.11215153379214,0.0918601544210074,0.0692957747145886,0.000687829627373913,0.00840754819656268,0.0283092754716597,-0.0178329177315613,0.017416862557747,0.0844101741853473,0.0573428637541743,0.0560884254661875,0.0564518320089483,-0.0785952868301724,0.174057231120079,-0.047421231879963,0.0798034517671442,0.057082484393768,-0.00717839291049358,0.0118708160341707,0.0138956282465843,0.0347907455093655,0.0125412299129032,0.00449233932888061,0.00356914838451043,0.00845953381482545,0.00962878737307216,0.00308761713363443,0.00211066875140085,0.0189073053818023,0.00916931275719102,0.00942900411859583,0.00835103215889016,0.00493245305619036,-0.00803401108076413,-0.0504979831742128,-0.0583493515035789,-0.0690243312007069,-0.136438608911975,0.174111261787808,0.174255564223314,0.170523732325604,0.0448967908706173,0.0402826958280474,0.032214255436827,0.00791238293101468,-0.0733630691177792,-0.0683615342385473,-0.0627215932554131,-0.00934257003569763,0.0111329269810048,0.00871251051643956,0.00855811212383281,0.00604732510405494
"lambda3",-0.110424288200127,-0.100591185335923,0.267893367539867,-0.11426207196668,-0.145423151197117,0.0280081421683268,-0.00143291813863224,-0.0548063461833314,-0.124222952108795,0.00803969082978024,-0.059833930408268,0.0331399786916511,0.0801131205675418,-0.254098975995856,0.22884490310699,-0.281910545714589,1,0.0162694782734998,0.0228378615795663,0.0147937537514259,0.00747398590185035,-0.0672640686456472,0.00362832947815163,0.0636894315671559,0.0393671265285173,0.033510149020631,0.0262704173179247,-0.0725380452328857,-0.0624145903094961,0.0125553520835658,-0.0533114857565132,-0.00551018948384153,0.0719485110274635,-0.0142337604824903,-0.0194483899907041,0.00127102199152079,-0.0174018166774497,-0.0114831903083783,0.00747156931802274,-0.0288296519868984,0.110999613359341,-0.220112308549542,-0.00825837283002443,0.0114425722358927,-0.00355542252062466,-0.00315039929832031,-0.000241309751459881,-0.000485718790847469,0.00236497222989402,0.00716586509153716,0.0139127270948889,0.00863673354328316,-0.00266439305846379,-0.00182807317130247,-0.00047352319636203,0.00832798115972212,0.00359792808222294,0.0023568107445644,0.00373479118657366,0.0118112405631894,0.0164244624365826,0.0170955110819314,0.0143484314049793,0.0325758323437598,-0.024824041445378,-0.0246922998608356,-0.0271697268261482,-0.074745096129105,-0.0628117352766037,-0.0441687859348214,0.0106984697388405,0.22746819175868,0.226264257561034,0.215437493624296,0.0693781514766109,0.00399485336442658,0.000385384932971899,2.81054727805211e-05,0.00131863963185506
"gamma_EDUBASICA_LV1",0.00207618230841038,0.00130387334065613,-0.115923820148607,-0.000510747551135516,0.00442196823266926,0.000776625680616073,-0.000855336463360133,-0.0019051130033235,0.00545176865732518,-0.0048984076471411,0.0106909785569329,-0.00160402086975538,-0.015525044085204,-0.0116346378033718,-0.0521998922302441,0.0726983842820935,0.0162694782734998,1,0.687445789508032,-0.00187196913386006,0.157472794062946,0.0463294852613608,-0.22999622420786,0.00392185554561748,-0.0726347398572694,-0.00559851498704122,-0.0869959732006057,0.0161117986490219,0.0554919505723516,-0.00690768937964358,0.00289839489363622,-0.0108491934060603,-0.0146354462255985,0.00727482148274712,0.151529138450986,0.0742281339138784,0.0195657812953844,0.0800043671776432,-0.0529722149283232,0.0860556692849503,0.00187851579773123,-0.0239885909596271,0.113295593442491,0.44687949875222,0.520090731585741,0.516983245300164,0.432874444089808,0.503565782960306,0.510031819571219,0.492583843762126,0.414294896180887,0.494334752653523,0.489377904675378,0.475701471631815,0.327868429037409,0.459253503506451,0.508654426595874,0.505589235583544,0.407052248319972,-0.00122786171556997,-0.0335155606653144,-0.0364034061781406,-0.0408651934643538,-0.0617192108781544,0.0849396951576349,0.0853971058960392,0.0872213904885324,0.000139524795658735,-0.00136328407543252,-0.00293131542717736,-0.00331876670840833,0.0218292346969457,0.0228796704289995,0.0231907918813745,0.00585698940698151,0.471412485657811,0.509038711383716,0.501447126786905,0.444882457558469
"gamma_EDUSUP_LV1",-0.00530522425007786,-0.00471127133040905,-0.0833936131838313,-0.00652057419748667,-0.00591728639163094,0.00196465098749264,-0.00135497975048111,-0.00270646183671206,0.00651473464342292,-0.00879021080889351,0.0108922953992622,-0.00581904760701402,0.00667897706623546,-0.000543523193126332,0.0134117412799027,0.0100798397788534,0.0228378615795663,0.687445789508032,1,0.0525565939954443,0.00450431164943244,0.0267060099289024,-0.21411861064648,0.0424067836718052,0.0472459095767896,0.10342379309538,0.0640608695756124,-0.0250818188826484,0.0357370774103836,0.024114624063326,-0.0151339913480191,-0.0456996161774852,-0.00210069553102605,-0.00477078690298049,0.16162574331783,0.110472466970504,0.118669289195176,0.125024496277306,0.0356029682294341,-0.0669126503549716,0.0136447105686877,-0.0426111030015748,0.110627605654985,0.33025099498854,0.385868488290729,0.381957091002146,0.35023194533338,0.376203746444227,0.381508052426131,0.368502723394214,0.325328676108605,0.337663207544157,0.37675488302146,0.370391931262408,0.320901320108461,0.3403671282113,0.377967223915943,0.377515214986432,0.312903997946722,0.0219407436782507,0.058004114295533,0.0600877086631364,0.0539373477335953,0.0713584741990324,-0.0524072114030598,-0.0537121308019508,-0.0595497696163413,-0.00900360327263111,-0.00452496519939251,-0.00124483676897228,0.00943790127477062,0.0391467619424272,0.0407347830446445,0.0405343647155941,0.0197408585144458,0.368853943922673,0.380276038655975,0.372376169219735,0.329323534017846
"gamma_HPICO_LV1",0.0044027157181577,0.0016440772096529,-0.0381586031675036,0.0134866951132069,0.0016154585986874,-0.00505817361368682,-0.00400872408827465,0.00212672078532347,0.00356623094043979,-0.000800084358161461,-0.00271874710481574,-0.0053289278985878,0.0172163185623147,0.00714749561342055,0.0824082352984567,-0.0788889942284409,0.0147937537514259,-0.00187196913386006,0.0525565939954443,1,-0.0624613487874386,0.0371045341244763,-0.0778160138910332,0.0585600246694542,-0.00147979863676742,0.043616830074843,0.090761016209202,-0.446983033796802,0.0117153351172018,0.0255232553743644,0.0267770261251367,-0.0162791493134145,-0.00820158439780465,-0.0356563879212246,0.0468213769984071,0.0581993851161715,0.0775422586418748,0.0555683290949722,0.0949898033683918,-0.169544446381107,0.0102291491779764,-0.00797115083151012,0.0285284874463922,0.138504427791099,0.150974055090033,0.1503943955396,0.110480020956027,0.139421425322972,0.153830401547194,0.151948844613657,0.126627890899629,0.115775777394523,0.164175163757931,0.166754702200865,0.119356749378635,0.127324311757773,0.143100243187135,0.144079792367505,0.121524201970683,-0.199863139345988,-0.0893644027387768,-0.0626469916507598,-0.0256576405244035,-0.0571243601742089,-0.218350171130764,-0.214125816684805,-0.199824772375624,-0.0131846231082647,-0.00797586532553948,-0.00751353279119232,-0.00394983891340688,-0.00308013736758528,-0.000822318112287335,0.00106383533763651,-0.00126752728545226,0.151482519996895,0.149041210613812,0.145088105639188,0.121211581199718
"gamma_CSECO_LV1",-0.000997528725840008,-0.00210316974297116,-0.11400789750754,0.00128094731059574,-0.00544858468775775,-0.00295042974535084,0.00367324479367736,-0.00364944518203807,0.000364978762340696,0.00338870548978491,0.000694024298569866,-0.00436227220014655,-0.0135674360242933,-0.00542223181245439,-0.0333582616332406,0.0253625504386647,0.00747398590185035,0.157472794062946,0.00450431164943244,-0.0624613487874386,1,0.0723522637389052,0.10687989615881,0.217418257098263,-0.0768902027693426,-0.0195908837508821,-0.1795304306105,0.0172798039800637,0.239159427689871,0.052990732270744,0.066567489122928,0.00833074406592735,-0.034488972592408,-0.0117469194296285,-0.00267521369106228,-0.0453486375255224,-0.106550081449889,-0.0624845906034227,0.0241483783221819,0.0597086402687471,0.0429598382106427,-0.00823117961659024,-0.0544339277391734,0.531985575329949,0.61446483862634,0.602495334086433,0.429994134464156,0.562271265867862,0.596972903514143,0.574697382110298,0.466527166747652,0.559067898875857,0.586931126893096,0.569368030989671,0.341575580820243,0.500585274914302,0.581765083682694,0.585436746941515,0.463708314407431,0.0893475768053813,0.0695606971353696,0.065563343075355,0.0579096666537734,0.0572270172603817,0.0735206336238589,0.0724572526374998,0.0753694658209117,-0.00803425541025114,-0.00202816007455785,0.00581965123990352,0.0294677846004831,0.0266801088506135,0.0288926343187766,0.0333982997171917,0.0325236503780506,0.543266170649688,0.591575953341583,0.577965321198452,0.494416531915544
"gamma_SININFOTRF_LV1",0.00473508668240123,0.00456663596177631,-0.0487225833346666,0.00406898013339791,0.00749108060157032,-0.0040918284021865,0.00165801405912605,0.00185185443287812,0.0108061016984643,-0.00466012031136299,0.00375189591534851,-0.00206330798940196,-0.113962171318526,0.0141257017087735,-0.0216866782357928,0.0342865260395743,-0.0672640686456472,0.0463294852613608,0.0267060099289024,0.0371045341244763,0.0723522637389052,1,-0.0614505401854941,-0.104856903617863,-0.0173160905969689,-0.0226720875439099,0.0659622134146082,0.0784809469839454,0.0400175922297646,-0.0058044528295155,0.0120820565368146,-0.0320787101770752,-0.0167828819509285,0.045630247792442,0.165063067833557,0.0295662339635498,0.0724792512174681,0.122528641160469,0.00467462002796088,-0.00521831242888779,-0.0457350104120763,0.0627893850351438,0.0896448270825036,0.30325208857937,0.403808236797717,0.400992146928491,0.349716105873322,0.385932865687481,0.37489539999459,0.345759895347589,0.277939522914003,0.33962766520267,0.38274424424323,0.370090628621702,0.273569239824597,0.295080511061478,0.362602053004669,0.372628551775514,0.315846027822658,0.0398592509993617,0.0244505657281593,0.016905988205239,0.0101721376304692,0.0389864454564178,1.43313895324697e-05,-0.00240868865245454,-0.00430069997645847,0.0384457452582543,0.0309139039601046,0.0203360760615331,-0.00664424746499698,-0.0577834811583466,-0.0600196268858238,-0.0581430890846681,-0.0194257750731708,0.347652019627685,0.379510434349427,0.37281016202574,0.328247620361231
"gamma_LV2_LV1",0.00282732412389355,0.00369287461695348,0.0245294581732725,-0.00207461717133483,0.00574243788562935,-0.00439801877437193,-0.00602601665182156,-0.00536867647890188,-0.00112379116211868,0.00303837709340701,-0.00977808275434953,0.00789734426153503,0.0165310353720134,0.00361321745268492,0.020395243340422,-0.124062294236669,0.00362832947815163,-0.22999622420786,-0.21411861064648,-0.0778160138910332,0.10687989615881,-0.0614505401854941,1,0.237636580896645,0.0736582695489829,0.00526694098280922,0.19513761455284,-0.050903726719338,-0.0654435277204896,0.0265161120963814,0.0490357458470537,-0.00136604631488598,-0.00999746098726355,-0.0446998913440702,-0.635092532790155,-0.593156253209458,-0.531376979446469,-0.548656369338376,0.152479658248798,-0.379936202757756,0.0949011798735587,-0.0145120010526055,-0.577513743546269,0.186673588390165,0.109016240750495,0.0842479933879764,-0.0690154620052934,0.110240271232125,0.122514846912471,0.110163572850194,0.0486749753688758,0.111697663087634,0.125259111314978,0.119451145168225,-0.0196772349595224,0.0730804231244366,0.101176694007541,0.109736070503642,0.0911265181553049,0.0714991460593246,0.14783397141473,0.155999807052032,0.163435463360764,0.337194534708861,-0.360195316190038,-0.366535255820086,-0.366129397820159,-0.069678460400325,-0.0573146357216263,-0.0413765620620943,0.00154457395813022,0.0232121552128289,0.0198647334563635,0.0130417760758622,-0.0109982975151259,0.100663266796899,0.117200355200946,0.114729363721463,0.0970715839278187
"gamma_ADULTO40_LV2",-0.00754810402256976,-0.00593758018719141,0.0111732211443541,-0.0104302479390752,-0.0126542012706514,0.00276841863162132,-0.00398709011238443,-0.00887840023823114,-0.00565469722371213,0.00187999166978868,-0.00815026371468067,0.0128841045104607,0.0326841004378437,-0.0134846382548566,0.0863871231652061,-0.107336902395465,0.0636894315671559,0.00392185554561748,0.0424067836718052,0.0585600246694542,0.217418257098263,-0.104856903617863,0.237636580896645,1,-0.0275021239519542,0.035624657424291,0.111412605443207,-0.171456260924738,-0.143481033933363,0.0417362170060961,0.0707823616326877,-0.0113064126992695,-0.0156500771571449,-0.107081956052435,-0.132115441651187,-0.145306661830038,-0.140997191663985,-0.122360914270598,0.132316916569959,-0.383806744502943,0.120443962998343,-0.100778290525687,-0.146699291822454,0.185903559481098,0.202606092253528,0.199926124454627,0.119506832920975,0.187073006897569,0.210347957520014,0.206099087345453,0.154671179818968,0.181182571607276,0.207194689750934,0.205253230606604,0.102723306863127,0.156067908144705,0.188484480229486,0.193404555863914,0.166811389523273,0.106599645007912,0.196085736419754,0.211082330112768,0.208955749835895,0.372776370418392,-0.339370220682217,-0.337289541202474,-0.347221817558546,-0.0919595876408197,-0.0698389847640165,-0.0462043246564483,0.0211750540805563,0.0937049486351259,0.103139213523612,0.100179347894823,0.0347741816734583,0.184702042914655,0.202503134972679,0.199354594258121,0.174278555634662
