"","asc_ruta1","asc_ruta2","asc_ruta4","b_tt","b_dt","b_Sem","b_ACC_1","b_ACC_2","b_SI_CAMFD","b_SI_PANEL","b_SI_ZER","b_Si_MTRP","b_No_Info","b_UsoCel_F","lambda1","lambda2","lambda3","gamma_EDUBASICA_LV1","gamma_EDUSUP_LV1","gamma_HPICO_LV1","gamma_CSECO_LV1","gamma_SININFOTRF_LV1","gamma_LV2_LV1","gamma_ADULTO40_LV2","gamma_EXP_3_LV2","gamma_EXP_4_LV2","gamma_EXP_5_LV2","gamma_HPICO_LV2","gamma_USODISPMOB_LV2","gamma_EDUBASICA_LV3","gamma_JOVEN30_LV3","gamma_ADULTO40_LV3","gamma_EXP_2_LV3","gamma_USODISPMOB_LV3","zeta_FRbr","zeta_EnfCond","zeta_AFrSem","zeta_CulFr","zeta_OmLmVel","zeta_IgPare","zeta_PasoPeaton","zeta_UsoDirec","zeta_UsoPito","tau_FRbr_1","tau_FRbr_2","tau_FRbr_3","tau_FRbr_4","tau_EnfCond_1","tau_EnfCond_2","tau_EnfCond_3","tau_EnfCond_4","tau_AFrSem_1","tau_AFrSem_2","tau_AFrSem_3","tau_AFrSem_4","tau_CulFr_1","tau_CulFr_2","tau_CulFr_3","tau_CulFr_4","tau_OmLmVel_1","tau_OmLmVel_2","tau_OmLmVel_3","tau_OmLmVel_4","tau_IgPare_1","tau_IgPare_2","tau_IgPare_3","tau_IgPare_4","tau_PasoPeaton_1","tau_PasoPeaton_2","tau_PasoPeaton_3","tau_PasoPeaton_4","tau_UsoDirec_1","tau_UsoDirec_2","tau_UsoDirec_3","tau_UsoDirec_4","tau_UsoPito_1","tau_UsoPito_2","tau_UsoPito_3","tau_UsoPito_4"
"asc_ruta1",0.143925528893851,0.119090654773209,0.116296939144306,0.00816462609994741,0.0480814207501942,0.0132670263567827,-0.00877518535064795,0.00392727534624636,-0.00696106877377578,0.00381856767503199,-0.00487366758236503,-0.00466023336329762,-0.000867559247037069,0.0069042715173921,-0.00458081974403015,0.0104790026310798,-0.00816759050601544,0.000191356837838844,-0.000596931289432113,0.000305063798314022,-9.08809174132724e-05,0.000324607533132871,0.000192112617831154,-0.00026416727002608,-0.000324400329702889,-0.00033649205341498,-0.00026939239651773,8.31718726693187e-05,0.000160022423869189,0.000371795675668744,0.00289547485187615,0.000876590563536181,-0.0017544467045498,0.000350981567254784,-0.000298600412930334,-0.000293984149243319,-0.000339520014817677,-0.000140889946878548,-0.000469528851995177,0.00509829332961453,0.000419545728094162,0.0035488009924821,-0.000242662045714893,-0.00036758770457546,7.56245671559689e-05,-1.54019986256656e-05,-0.000757526458628397,-0.000128239707510465,-7.55399178220266e-05,-0.000192542992808122,-0.000581361160357274,-0.00032840631579233,-5.73087126805489e-05,-0.000123592412162387,-0.00100270961242921,-0.000177781285798873,-9.95559009711295e-05,-8.41562642634499e-05,-0.000166130855420515,-0.00130818296635103,-0.00159931678507733,-0.00170862190561044,-0.00180707920735951,-0.00466816081980636,0.00314481758177045,0.00384075913954429,0.00667492172339388,0.000277121306508977,0.000370726803982989,0.000432854519763863,0.000523968549255437,-0.00560686202210984,-0.00375328791761022,-0.00285499568019365,0.000103699996999937,1.09928036170232e-06,-2.78282943657696e-05,-4.01317127430479e-05,-0.00021193563659183
"asc_ruta2",0.119090654773209,0.137850226490652,0.109191430603405,0.00301548834226214,0.0409012132765469,0.00905148826402413,-0.00376132843178362,0.010177841410017,-0.00108208120206185,0.00310850063078306,-0.00274352250745918,0.00309818078598339,-0.00122517668462036,0.00538069191198234,-0.00446480233941937,0.01029316508852,-0.00728155439123282,0.000117611213324188,-0.000518792321468929,0.000111487727541079,-0.000187523820163459,0.000306381034178529,0.000245572470087514,-0.000203369323622801,-0.000282636749405752,-0.000298550106400058,-0.000194574611133678,0.000121889083498924,0.000114748983950978,0.000257732318296161,0.00222281411923448,0.000598912077477866,-0.00155032678860287,0.000179547726330061,-0.000309078140138309,-0.00029287482026726,-0.000285589086510793,-0.00011955451063898,-0.000314466412103231,0.00316610985881784,0.000325653835537149,0.00300892663178539,-0.000233937559131097,-0.000500547795874509,-0.000151931362505016,-0.000236408463420057,-0.000887356460130461,-0.000239980847694488,-0.000214551602490684,-0.000315889193394242,-0.000668227355559684,-0.00058900488130495,-0.000228498401212579,-0.000269630109701448,-0.000919302577926909,-0.000286091379741754,-0.000188728443956113,-0.00016187413677285,-0.000202377379907535,-0.000964034971013527,-0.00114219197132732,-0.00121133313877236,-0.00124606838018895,-0.00332431106830183,0.00157047903665794,0.00197467426078402,0.00411982882683359,6.11237966672874e-05,0.000144698379052372,0.000205608072094881,0.000294790127946105,-0.00518623192583863,-0.00353689043759746,-0.00275708817423468,-0.000198618137404434,-9.0309583288231e-05,-0.000125499958734214,-0.000133669792162779,-0.000282789766260289
"asc_ruta4",0.116296939144306,0.109191430603405,0.357529451914943,-0.00518914592538534,0.047350838204343,0.0127492291693056,0.00228681358046042,0.00558721354491147,-0.0217656485298036,0.00445197420160186,-0.00675426471227974,-0.000237506175038566,-0.0731648634320467,-0.132185561824701,0.0244072439354183,-0.0330728186439489,0.0312304544037212,-0.0168398484450172,-0.0147890536100047,-0.00416724939567401,-0.0163707743634552,-0.00526438886776084,0.00262697077317621,0.000616320368152349,0.00308621812280445,0.000744441320039205,0.00335437565385964,-0.000260008859881853,-0.00316481529318438,-0.00980920669248191,-0.00699490924356158,-0.00310663235474539,0.000817902044325534,-0.00434830597816407,-0.00719173314161465,-0.000800349385437987,-0.00319674668740587,-0.00100611108582315,-0.0002545636156259,-0.0748781813579307,0.00640777505136271,-0.026882833149489,-0.000919093356790307,-0.0679646095367152,-0.0766276906672652,-0.0778766888562031,-0.0850164338467248,-0.0572193213151539,-0.0533402553957391,-0.0520396262847051,-0.0506777700611653,-0.0819944233202795,-0.0796771638137552,-0.0788702323937389,-0.0811492737146948,-0.0311692645303525,-0.0315261939591537,-0.0314048727315207,-0.0306677113752321,0.00353309343918134,0.00438415267115584,0.00468948471658309,0.00518969518666602,0.0225618839895155,-0.0747580745657891,-0.084805983127411,-0.119535485325692,-0.0222616815854455,-0.0182782020244011,-0.0156725822730128,-0.0113894640053022,0.0318928451191718,0.0175893114687456,0.00947927808020034,-0.014624655498081,-0.0394033680520453,-0.0382226201562611,-0.038012897154416,-0.0370560776758351
"b_tt",0.00816462609994741,0.00301548834226214,-0.00518914592538534,0.0102604605802103,-0.00283039458539567,-0.00107586241671868,-0.00248993855436169,0.00328808473121539,-0.00251171452598761,0.000636152078069211,-0.00243458935040026,-0.00249662090392601,-0.000792272767309381,0.00379068355483277,-0.000313457478205307,0.000570523178985809,-0.00225655515624086,-1.2568958831508e-05,-0.000195893916889332,0.000249511220159842,3.11596857288282e-05,7.44784690623775e-05,-3.76385401426279e-05,-9.74653562923455e-05,-7.86893349108602e-05,-0.000120956667026956,-8.21231944388781e-05,8.4064405339412e-05,0.000141551968091375,0.000160356600880169,0.000716345550342355,0.000252878807650405,-0.000320437182052652,0.000280395097561371,3.44549184943146e-05,2.41193359315366e-05,-6.18706791852286e-05,-4.74945864264159e-06,-5.31566860966839e-05,0.00226994372907969,-5.21218300993883e-05,0.000939151686602908,1.04639473723192e-05,0.000262068998236553,0.000395154757963592,0.000392519527612034,0.00017280326069819,0.000188212910815228,0.000258520952368007,0.000235016728771335,0.000146965537640238,0.000468050072278855,0.000343051470555702,0.000316102749137138,-0.00016612124730249,0.000113135796531305,0.000136424331621415,0.000131845267783126,8.99050110131187e-05,-0.000132876728925783,-0.000186866056178224,-0.000241473382799762,-0.000279158068834892,-0.00085452572996211,0.00232666298671377,0.00258409823762106,0.00352693194353771,0.000436953547338975,0.000362476427408401,0.000305966407708042,0.000216527698761435,-0.00123481075796015,-0.000765517973233182,-0.000501972251216355,0.00025198258597588,0.00013344300723627,0.000177846385009154,0.000180941117570883,0.000167565599111222
"b_dt",0.0480814207501942,0.0409012132765469,0.047350838204343,-0.00283039458539567,0.0502547096496324,0.00902928477939804,-0.00419639499862111,-0.00294251364404251,-0.00248760218893317,0.00196877783535037,-0.00364650043640824,-0.00779278216406357,-0.00171503299175717,0.00246575905364764,-0.00557909254364616,0.0122928945308759,-0.00635597770915441,0.000240831663232954,-0.000393425634743527,6.61432192422052e-05,-0.000293325935298862,0.000303455209443117,0.000230566424329923,-0.000261694946556065,-0.000232124795738,-0.000201654532715484,-0.000172488617200833,5.7098969901178e-05,4.90634587020694e-05,0.000221113154223256,0.00190634395960084,0.00072046168759958,-0.00115585853135342,4.33193269372413e-06,-0.000277385782737848,-0.000324715662637564,-0.00012534178824598,-0.000117568963386036,-0.000428993392821233,0.00511310002680841,0.000250570896824986,0.00295548536334583,-0.000270621522004738,-0.000649088122250876,-0.000321310816343466,-0.000411815427171815,-0.000775420587460992,-0.000255812693923919,-0.000357618646756526,-0.000467237629905344,-0.00076082092521912,-0.000969516942497768,-0.000334738020763889,-0.000343412040035897,-0.00035120688544251,-0.00032236337966983,-0.0002480727885288,-0.000221701561874551,-0.000244024218963224,-0.0010715752741511,-0.00134848498938392,-0.00143211165464684,-0.00154907217050145,-0.00409845424775521,0.0036491059841955,0.00433170375223165,0.00703439039367589,0.000109371272084653,0.000188572999204025,0.000254695655090528,0.000323136225519849,-0.00519710977212227,-0.00355200082364604,-0.00277385751967669,-0.000177442069431703,-6.45380130472493e-05,-0.000207762177855816,-0.000230154631059214,-0.00040839002370624
"b_Sem",0.0132670263567827,0.00905148826402413,0.0127492291693056,-0.00107586241671868,0.00902928477939804,0.0250197252049488,-0.00357473835781501,0.00324756845109486,-0.00292411249722005,-0.00140547141901446,-0.00196922587217377,-0.00576706307901219,0.000215803269680534,-0.00173801532007691,0.00188504543374852,-0.00283765539801488,0.000863745902423676,2.98443825079712e-05,9.21676171048378e-05,-0.000146128898824927,-0.000112074012275816,-0.000116955439070658,-0.000124597612576003,4.03966401369837e-05,3.68368044705437e-05,5.21939445782885e-05,3.67257891683057e-06,-0.000134386146273271,-0.000197595580256453,1.62230452325262e-05,0.000483363543241945,-0.000179556500952526,-0.000377972502941003,3.28797927338146e-05,-2.55323069015561e-05,2.6509721600472e-05,-3.09369806049435e-05,-1.02308321198199e-05,-0.000271000153500537,-0.00213693698286555,0.000297938536473099,-0.000440043156890414,3.74406696507067e-05,-0.00133421410440049,-0.00138870152560906,-0.00141129107955834,-0.00134837108738823,-0.00103565987590406,-0.000978292436487919,-0.000947994381486963,-0.000872645660737997,-0.00144897038191084,-0.00151141999590267,-0.00152366659812623,-0.00149756141929153,-0.000472496427173466,-0.000537752316048671,-0.000555128755743024,-0.000562151899105075,-0.00065766473781295,-0.000709080450954576,-0.000680972326933812,-0.000680666102670799,-0.00131995871268535,-0.00340566517857906,-0.00351194613688668,-0.0042330295209164,-0.000331926951043743,-0.000211890662381806,-0.000126509359561523,7.37263647970837e-06,0.00124881237808076,0.000743563862676422,0.000514853086009316,8.62671589182509e-05,-0.000753387715694264,-0.000689937110386226,-0.000682906957015406,-0.000664958161562199
"b_ACC_1",-0.00877518535064795,-0.00376132843178362,0.00228681358046042,-0.00248993855436169,-0.00419639499862111,-0.00357473835781501,0.097648731137625,0.0442639910555761,-0.00462511636586568,-0.00303289446244253,-0.00103002208822862,0.00486382974090518,-0.00239255756153214,-0.0105287023938693,-0.000197536612028537,0.00585388707811639,-8.73001746570401e-05,-6.4935153486343e-05,-0.000125579221941029,-0.000228791865845929,0.000275652254227696,9.3623151149428e-05,-0.000337267896338886,-0.000114937452702321,-0.000155021652967117,-0.000180010002384862,-0.000300137535917773,5.47328104265171e-05,-9.29773109081815e-06,-4.39686922398791e-05,-0.000172457455555319,0.000484879494864845,-0.000163372768163062,0.000628251222305898,0.000406404955078104,0.00027423647300893,0.000370670186705802,0.000102101102511372,-0.000586563617295873,0.0101233959898662,1.2076217415013e-05,0.000404323237279804,0.00018354118648198,-0.000814431172725101,-0.000774083805089832,-0.00072576944838031,-0.000429224989902173,-0.000577518688148233,-0.000593536325283997,-0.000569301268277569,-0.000446735245009119,-0.000742193896113884,-0.000893277893511224,-0.000881684893561248,-0.000540972767372547,-0.000187372472842798,-0.000267926555989983,-0.000308756081099932,-0.000360698287987871,-0.000620317693874964,-0.0010335739913833,-0.00119588249434429,-0.00155743778375168,-0.00366865504455623,0.0108429414158994,0.0123951242519575,0.0157931804090958,0.000431720668008766,0.000359413771925523,0.000317002334283062,0.000325971424654764,1.30704467240615e-05,0.000257150360389465,0.000292589212473063,0.000527954933754924,-0.000426337281656841,-0.000403748211287534,-0.000409051499981317,-0.000387834074996544
"b_ACC_2",0.00392727534624636,0.010177841410017,0.00558721354491147,0.00328808473121539,-0.00294251364404251,0.00324756845109486,0.0442639910555761,1.34837023647857,-0.00234133490732735,0.00963769980433541,-0.000444841941750361,-0.00929574773735028,-0.0111098557430072,-0.00474680764280066,-0.0063826352461828,0.0260660176579477,-0.0124078306832118,-0.000537446083811093,-0.000932090683543039,0.00045104115071953,-0.00101767662135643,0.000388573489660322,-0.00111656288257723,-0.000951067874685097,-0.000481809188642641,-0.000366143432006682,-0.00107290297480765,0.000521384009686391,0.000530831688575849,-0.00049334671585596,0.000538630668772039,0.00150813826513244,5.92006462141701e-05,0.000509378480914973,0.00125116149936417,0.000777216981794612,0.00159577521709231,0.000393569322881172,-0.00249590066999678,0.0503964976812903,-0.00150062268662297,0.00556738795360121,0.000655890651980062,-0.00434727709935354,-0.00409257515105033,-0.00425557646943999,-0.00424958662622279,-0.00299037124798266,-0.00318978877507404,-0.00335285151276201,-0.00350981278418571,-0.0050918936547631,-0.00451083851354015,-0.00454255432617571,-0.00372055915957812,-0.00166678641232609,-0.0017325942145178,-0.00178310721525927,-0.00198461976787464,-0.000828775554362213,-0.00362241633908449,-0.00448824032456065,-0.00591862566085348,-0.0143214145657166,0.0550340042885885,0.0618843405579157,0.0817004164790308,0.00224846948017728,0.00154456865229008,0.00114511681439033,0.000260325740040784,-0.0114065219748742,-0.00767510844556669,-0.00584124823699772,-0.000547429758357389,-0.00242870325359274,-0.00212660607266812,-0.00211029384625236,-0.00211669367875599
"b_SI_CAMFD",-0.00696106877377578,-0.00108208120206185,-0.0217656485298036,-0.00251171452598761,-0.00248760218893317,-0.00292411249722005,-0.00462511636586568,-0.00234133490732735,0.0841713140834933,-0.00417774528843703,0.00840168102924568,0.00817783305264647,0.00454678582996745,0.014703222672416,-0.00354434674121513,0.00434767646476306,-0.00702658541235635,0.000384263429867962,0.000560570791812513,0.000188969898360963,2.54289262563973e-05,0.000566516870762265,-5.83954541306453e-05,-0.000151343447978921,-6.29716631572711e-05,-7.47788571359486e-05,2.99295706398603e-06,0.00037517368154379,0.000191307507599116,-0.000122697109654758,0.000912190516514673,-0.000515463139932817,-0.00149284598849809,0.000676930445029834,0.000336223569322903,-1.5495705255471e-05,0.000522673016403477,9.78198950752716e-05,-2.82935255880985e-05,0.000736258135582491,-0.000226951845430683,0.00252230923502008,-8.70994508344642e-05,0.00188189352749585,0.00268246602189593,0.00267995579406716,0.00284367393252381,0.00187069792389102,0.00178976477186266,0.00167397720350902,0.00144638842726025,0.0018298266758634,0.00299471196627707,0.00306563311721394,0.00369411140802213,0.000794032630092087,0.000966220163160823,0.00102032446059527,0.00106008144477279,0.00031728203642483,0.000290554415188047,0.000222818963790826,0.000223030130818408,0.000590199620286718,0.00155514571689578,0.00154819364879245,0.00218432894619204,4.5379982897785e-05,-0.000100515531636687,-0.000214154486617676,-0.000457007516079983,-0.00569647549905676,-0.00446216193405521,-0.0036317368619043,-0.00111752716212085,0.00149663177910462,0.00130156424044328,0.00127168096609305,0.00109288437661488
"b_SI_PANEL",0.00381856767503199,0.00310850063078306,0.00445197420160186,0.000636152078069211,0.00196877783535037,-0.00140547141901446,-0.00303289446244253,0.00963769980433541,-0.00417774528843703,0.0455482805422733,0.000917602392740549,-0.00538140808466785,0.00677215353386591,-0.000641285732933813,0.000121764204058352,0.000725768247591712,0.000334530540071884,-0.00025398057408424,-0.000556399799505217,-3.11869486745909e-05,0.00017367935363322,-0.000179719361088376,0.000116141930574766,3.70138391021469e-05,2.86965141232375e-05,-3.70979422391815e-05,-0.000156887787460796,-9.53570942847888e-05,-1.86548340253687e-05,-6.63760729094189e-05,0.000221398337467477,0.000222541486843399,0.000210944211942315,-0.000168273174588906,-0.000251081334586438,-6.34417436178116e-05,-0.000166131404851645,-5.16643016470516e-05,-0.000252403205956531,0.00504374354898438,-7.56060163104966e-05,0.000308540766758387,-2.61542856708874e-05,-0.000214064558104341,-0.000551264050305806,-0.000637975806579956,-0.00121416067847669,-0.000362296005065775,-0.000374403161689264,-0.000385783954255977,-0.000484225309899388,-0.000438809788303112,-0.000610862514180091,-0.000654483067252511,-0.00115291204084492,-0.000215776500257532,-0.000204938552263062,-0.000213836126531269,-0.000273947369001909,0.00017215132903452,-0.000296198261086452,-0.000379160978346044,-0.00052703918006707,-0.000694663196883736,0.00565687775219389,0.00637428962499469,0.008297635109584,0.000218461933743951,0.000111241072342175,6.48468609773217e-05,2.86015953106781e-05,-0.000255977687657532,-0.00017974192117887,-0.000187672254199556,-7.0208023367389e-05,-0.000324835892753257,-0.000260560036675572,-0.000271745152075011,-0.000317473963104675
"b_SI_ZER",-0.00487366758236503,-0.00274352250745918,-0.00675426471227974,-0.00243458935040026,-0.00364650043640824,-0.00196922587217377,-0.00103002208822862,-0.000444841941750361,0.00840168102924568,0.000917602392740549,0.0685187305606539,-0.00394231123910915,-0.00380529789572636,0.00232886862006495,-0.00538022507671476,0.0133595582382685,-0.00305360329983105,0.000679879106880059,0.000845620973168109,-0.00012997941502884,4.36272365334666e-05,0.00017746682488287,-0.000458426523297369,-0.000196810620134194,-6.58374660285698e-05,0.000126501606630647,-0.000272077564918849,0.000227494560670634,5.18120685700743e-05,-0.000100984861742344,0.00050771099511717,-0.000224540136746143,3.8949131735285e-05,-2.27850847075244e-05,0.000525673972938886,0.000237403635365763,0.000800570244274728,9.49470080014349e-05,-0.000800074908123253,0.0133726199073794,0.000635680425424419,-0.000695083017450986,9.05406149424715e-05,0.00118172338354705,0.00140516400482072,0.00137533073999146,0.00195516653178719,0.00110013781369415,0.000934569289815938,0.000906737853174747,0.000985243337935745,0.000915395995654973,0.0015936814023873,0.00166693095476269,0.0030350121719696,0.000684589631855738,0.00061577584795427,0.00057339688021606,0.000485763803945543,-6.31245254707073e-05,-0.000574487125960839,-0.000789232281807871,-0.00129061614112936,-0.00351058239137457,0.016129732132228,0.0180393707344872,0.0229272627607121,-0.00110079133267665,-0.000750387650183084,-0.000527564863747833,-6.11605724596077e-05,0.000877202069773925,0.000696548067055363,0.000516756457462807,-5.18809608562322e-05,0.000878327237983317,0.000712736742895209,0.000691564668208771,0.000567185052413231
"b_Si_MTRP",-0.00466023336329762,0.00309818078598339,-0.000237506175038566,-0.00249662090392601,-0.00779278216406357,-0.00576706307901219,0.00486382974090518,-0.00929574773735028,0.00817783305264647,-0.00538140808466785,-0.00394231123910915,0.118556254008736,-0.00240102872317069,-0.00404271067912446,-0.000265229465834884,0.00252605428904329,0.002224717593318,-0.000134178159818267,-0.00059424539561927,-0.000335122194000898,-0.000360706003180777,-0.000128377240897422,0.000487028839345547,0.000409249999598326,0.000146743478893578,-0.000276230560249187,0.000292924796666405,-0.000160444749082898,-0.000214401818406076,0.000159760817092857,-0.000696510673646508,-0.000432325519290336,-0.00035321525681826,1.98185100975267e-05,-0.000664632956297194,-0.000292798359186984,-0.000692897803225989,-0.000147117261971201,0.000425230999405748,-0.0130504438470478,0.000850348589340973,-0.00265248460906102,-0.000133207974180317,-0.000967563598234661,-0.00139746648462835,-0.00144114320985839,-0.00239778140279483,-0.00103689669190625,-0.000892529599678591,-0.000854544067448886,-0.00107722488194167,-0.00114560504046623,-0.00149326124014163,-0.00149859959677529,-0.00271325432104666,-0.000585223830236755,-0.000563059111173441,-0.000541857923550161,-0.000526558290680453,0.000227370384776027,0.000476643402929071,0.00060341261778429,0.000877569874855207,0.00363421233400203,-0.0154707679937049,-0.0172685708935437,-0.0219853102667183,-0.00132753734472061,-0.000821226970817641,-0.000460886371139119,8.6649976891787e-05,0.00504468006864446,0.00387371476130276,0.00309251137636744,0.000434631167472928,-0.000815173688369628,-0.000644011436239156,-0.000612887318512762,-0.000543263386459479
"b_No_Info",-0.000867559247037069,-0.00122517668462036,-0.0731648634320467,-0.000792272767309381,-0.00171503299175717,0.000215803269680534,-0.00239255756153214,-0.0111098557430072,0.00454678582996745,0.00677215353386591,-0.00380529789572636,-0.00240102872317069,0.114352824568419,0.00238361150704841,0.014246752577163,-0.031712728681779,0.00528186779999699,-0.00127545715050536,0.000669861598093235,0.00106332212461638,-0.00110179197560623,-0.00696379386089314,0.00100123235969375,0.00101960556924203,0.00059699155324345,0.000231876034949088,0.000513146460975384,-0.00112236506725548,-0.000455576295999018,-0.000686107430997549,-0.00183725667920246,-0.00145745518546413,0.00196576755752129,0.00086170277326652,-0.00304540000353394,-0.000506871160116295,-0.000934322426077871,-0.000646604124767774,0.00230875509006539,-0.0409225902690847,0.00148288636736625,-0.00636285183101087,-0.000665226408614135,-0.0116750508047652,-0.0154371674036574,-0.0157946180579192,-0.0201550240219725,-0.0113209280151354,-0.0102168531454893,-0.00968972915139412,-0.00972581470630849,-0.016883748033626,-0.0148254120167035,-0.0142746618462518,-0.0155870360270684,-0.00551091382882336,-0.00591911464582031,-0.00605505652787505,-0.00623995300944379,-0.000648484731581827,0.0013655980109644,0.00213751575235133,0.00357339990127414,0.00840420428600798,-0.0494742924381254,-0.0549655627193724,-0.0704085810497377,-0.0028854918869719,-0.00211095430166082,-0.00150861066616935,-0.000365712278826333,0.0118977573428959,0.00817370257199619,0.00616058088231647,0.000443199112072495,-0.00732554388466497,-0.00744115594154683,-0.00746141138884151,-0.00748787313683429
"b_UsoCel_F",0.0069042715173921,0.00538069191198234,-0.132185561824701,0.00379068355483277,0.00246575905364764,-0.00173801532007691,-0.0105287023938693,-0.00474680764280066,0.014703222672416,-0.000641285732933813,0.00232886862006495,-0.00404271067912446,0.00238361150704841,0.157354319182513,0.00431453713146102,-0.0330004208997525,-0.0196518155462925,-0.00112124826653293,-6.39453687173329e-05,0.000517838509266996,-0.000516530284215297,0.00101253748142778,0.000256711194547584,-0.000493458743879823,-0.000248478771675267,-0.000145896923111256,0.000284453599731015,0.000626260808221868,0.000432799231582388,-0.000218158855973612,0.00364928876824361,0.00106251037793251,-0.00167897900174771,0.000948912701259415,0.00153344886156519,-0.00015279239370199,0.00202416886140556,0.000284419112781111,0.00283474245732309,-0.0175090550310708,-0.00500879216422946,0.0146799821391793,-6.40297532353035e-06,-0.00153629016867878,0.00106449287365421,0.00123935661930818,0.0020345228740796,0.0011345517276631,6.73304727990401e-05,-0.000498873317058934,-0.00163978919146822,-0.00199660221105143,0.00175802945587391,0.0019441356011471,0.00379374578797125,-0.000352448006610298,5.67335126737553e-05,0.000111398610379797,4.97095554250135e-05,0.000924419328321216,0.00288457893036373,0.00315780820251828,0.0042421913336516,0.00764027492768995,-0.0212385380920274,-0.0245601557437054,-0.0301725015526237,0.00741596097239975,0.0045937210892338,0.00283359020020241,-0.000397168843607974,-0.0286807517275091,-0.0209896636726339,-0.0164120363603343,-0.00268377829452807,0.000719474633852339,0.000206810964514065,0.000133348588013749,-0.000224550738414112
"lambda1",-0.00458081974403015,-0.00446480233941937,0.0244072439354183,-0.000313457478205307,-0.00557909254364616,0.00188504543374852,-0.000197536612028537,-0.0063826352461828,-0.00354434674121513,0.000121764204058352,-0.00538022507671476,-0.000265229465834884,0.014246752577163,0.00431453713146102,0.0396019924437321,-0.0850537017245409,0.00887892101448278,-0.00252369988134946,0.000791581008555738,0.00299523046689893,-0.00159419081785486,-0.000779853988417951,0.000726940363489707,0.00158591440623424,0.000990105656555404,0.000256722772455173,0.00200715369638615,-0.0017523067886054,-0.00113808925575963,-0.0002985291659669,-0.00105461353693411,-0.00134884613976568,0.000906599184172457,-0.000335129401988126,-0.00143233683730168,0.000288116398248847,-0.000333630858306339,5.15533446353359e-05,0.00475946549202764,-0.104549917285962,0.00231916585002139,-0.00843754214645274,0.000285030889825106,-0.00278674036186427,-0.0049678041485857,-0.00499066613547125,-0.0083992162159828,-0.00417052068841902,-0.00266870557403352,-0.00237163283123598,-0.00250330101716072,-0.00522524621839561,-0.00390980166276257,-0.00366168471012451,-0.00648333766845531,-0.00173715623901785,-0.00186275657266206,-0.00182722430304273,-0.00159586677662023,-0.000487358452500777,0.00344629271708774,0.00486165310128375,0.00797228207598924,0.0234621834722983,-0.125164443139336,-0.139658384192857,-0.178922114562925,-0.00383765209440337,-0.00258348744893837,-0.00177101072380235,-0.000410975759564265,0.01602508153166,0.011079610083956,0.00861884144357008,0.000941792214499918,-0.00296997532740132,-0.00230761453948343,-0.00224838182619267,-0.00182146802312689
"lambda2",0.0104790026310798,0.01029316508852,-0.0330728186439489,0.000570523178985809,0.0122928945308759,-0.00283765539801488,0.00585388707811639,0.0260660176579477,0.00434767646476306,0.000725768247591712,0.0133595582382685,0.00252605428904329,-0.031712728681779,-0.0330004208997525,-0.0850537017245409,0.211804124020374,-0.0252952489740824,0.00812833412323659,0.00137585452265322,-0.00663108717446117,0.00280309943722708,0.00285136249847024,-0.0102262966845603,-0.00455709915621085,-0.00303805102897492,-0.000713037867557932,-0.00545048338440962,0.00424473244322604,0.00286040475019229,5.53446135927293e-05,0.00139036860243917,0.00253810652947422,-0.00223804753408943,0.00144878821839694,0.0137664835436419,0.00569931288789698,0.00982611801417786,0.00308150504036063,-0.0159097144211583,0.302081520066402,-0.00489036685885633,0.0163206087341338,0.00381428079067403,-0.003557125319676,0.00543084593189153,0.00654380517662818,0.0223435967658902,0.00447204778858511,0.00150540201431276,0.00123410907839902,0.0035373098477321,0.00546420275724243,0.00152627402007944,0.00105785160028455,0.0137451079898724,0.0020925640922197,0.00188100992036301,0.0016560306943,0.00120084907923483,-0.00165387019291432,-0.0136140212054446,-0.0178113153044978,-0.0269319441674986,-0.0761936039066847,0.358224498226333,0.401495183214843,0.516484692197682,0.00775837392753301,0.00524518460925606,0.00363272908063469,0.000885297236344208,-0.0321346188373903,-0.0216800832034505,-0.0164998196909597,-0.00142822277987915,0.00287302477400644,0.00207361848839598,0.0020735092230194,0.00167392921458679
"lambda3",-0.00816759050601544,-0.00728155439123282,0.0312304544037212,-0.00225655515624086,-0.00635597770915441,0.000863745902423676,-8.73001746570401e-05,-0.0124078306832118,-0.00702658541235635,0.000334530540071884,-0.00305360329983105,0.002224717593318,0.00528186779999699,-0.0196518155462925,0.00887892101448278,-0.0252952489740824,0.0380120122282637,0.000770625967306114,0.00132058861045793,0.000526792917840706,0.000349937978717192,-0.00236976514120734,0.000126700556240433,0.00114551298719352,0.00118501970571145,0.000720072843725882,0.000540866394810026,-0.00141997998094316,-0.00109144054864139,0.000427973226733429,-0.00373486231844917,-0.000209286323872056,0.00382526859593622,-0.000501588832389871,-0.00134370861722431,5.35167105011999e-05,-0.00129150633464103,-0.000265546528643259,0.000640723916134997,-0.0211965271393093,0.00484934740879672,-0.0190700674746094,-0.000233774697569008,0.00240208752088302,-0.000689082706698186,-0.000628508275539113,-6.5653433959029e-05,-7.33743784735339e-05,0.000335737002919934,0.00104966519043226,0.00246451895586657,0.00207633753445112,-0.000557956815978743,-0.000388142738932076,-0.000145832056504304,0.00080514655764551,0.000304068171747427,0.000197991323885923,0.000385198882246659,0.00103004863974377,0.00187584425639684,0.00221072779304175,0.00237171853804527,0.00770672706086696,-0.0216368548670287,-0.0241017430036951,-0.0348619054448872,-0.00547181413024507,-0.00346478481222717,-0.00211005414029444,0.000507103604857871,0.042209437123128,0.0303989317708296,0.0240091413570688,0.00449309438669403,0.000436741113621836,3.8857378406933e-05,2.88477614960285e-06,0.000154629773838835
"gamma_EDUBASICA_LV1",0.000191356837838844,0.000117611213324188,-0.0168398484450172,-1.2568958831508e-05,0.000240831663232954,2.98443825079712e-05,-6.4935153486343e-05,-0.000537446083811093,0.000384263429867962,-0.00025398057408424,0.000679879106880059,-0.000134178159818267,-0.00127545715050536,-0.00112124826653293,-0.00252369988134946,0.00812833412323659,0.000770625967306114,0.0590227126125549,0.0495335802715002,-8.30633377281765e-05,0.00918741830715195,0.00203389627584226,-0.0100078701805792,8.78968659641193e-05,-0.00272449110370752,-0.000149907054562671,-0.0022318825163231,0.000393015385365016,0.00120918598131811,-0.0002934064508125,0.000253023301873329,-0.000513476910988506,-0.000969605890540027,0.000319447650426187,0.0130456809819189,0.00389452092024161,0.00180945713203066,0.00230537146310802,-0.0056605207930914,0.0788413315942351,0.000102264720655156,-0.00258977355959488,0.00399636539213574,0.116897372048459,0.125605425432588,0.128520089483939,0.146755259085357,0.0947905176936027,0.0902234827931282,0.089910721618312,0.0914489308040175,0.148087611842976,0.127701442603174,0.125858206463181,0.125823132712985,0.0553269636888749,0.0535661539992421,0.0529259206743285,0.0523140090668754,-0.000133432255964501,-0.00476981192455164,-0.00586603103361466,-0.00841707959620927,-0.0181946612563285,0.092253211743665,0.103867388898376,0.139456257828695,1.2727677999298e-05,-9.37067745790204e-05,-0.000174497754559585,-0.000196020238209678,0.0050475025635344,0.00383037491516492,0.0032204760344114,0.000472657342395812,0.0642204682577641,0.0639556222234791,0.0641350626401035,0.0650071954350213
"gamma_EDUSUP_LV1",-0.000596931289432113,-0.000518792321468929,-0.0147890536100047,-0.000195893916889332,-0.000393425634743527,9.21676171048378e-05,-0.000125579221941029,-0.000932090683543039,0.000560570791812513,-0.000556399799505217,0.000845620973168109,-0.00059424539561927,0.000669861598093235,-6.39453687173329e-05,0.000791581008555738,0.00137585452265322,0.00132058861045793,0.0495335802715002,0.0879636742620442,0.00284695108506283,0.000320817822407338,0.00143127284078458,-0.0113741112482151,0.00116027044552795,0.00216345228527931,0.003380740105805,0.00200635189769545,-0.000746907210148546,0.000950657861235123,0.00125043019325258,-0.00161286694928878,-0.00264045104103913,-0.000169900433366935,-0.000255746367610671,0.0169872560718529,0.00707589938825949,0.0133977399282256,0.00439809322019645,0.00464447428310713,-0.0748384517956517,0.000906812317669046,-0.00561593312879819,0.00476384674858625,0.10546310406988,0.113765530486072,0.115918092534213,0.144953792071735,0.0864517715506984,0.0823887897528518,0.0821134160756178,0.087666464675007,0.123487621580479,0.12001967163264,0.119632907870885,0.15033998272769,0.050058066109527,0.0485918994922553,0.0482444278749767,0.0490931677249057,0.00291074937197132,0.0100775662971655,0.0118203429265177,0.013562494030185,0.0256809605212418,-0.0694870614992577,-0.0797536450461925,-0.116235070951301,-0.00100266587166115,-0.00037970119984401,-9.0465251526505e-05,0.000680521289092735,0.0110503486583603,0.00832528339589629,0.00687179131451175,0.00194482309980269,0.061343551590175,0.0583269110471591,0.0581425873596241,0.0587463670197829
"gamma_HPICO_LV1",0.000305063798314022,0.000111487727541079,-0.00416724939567401,0.000249511220159842,6.61432192422052e-05,-0.000146128898824927,-0.000228791865845929,0.00045104115071953,0.000188969898360963,-3.11869486745909e-05,-0.00012997941502884,-0.000335122194000898,0.00106332212461638,0.000517838509266996,0.00299523046689893,-0.00663108717446117,0.000526792917840706,-8.30633377281765e-05,0.00284695108506283,0.0333581705153897,-0.0027396232598584,0.00122458754676982,-0.0025455490316694,0.00098667602965007,-4.17287294063329e-05,0.000878000685025938,0.00175050380318276,-0.00819687089155582,0.000191915193578132,0.000815012844243112,0.00175734420977042,-0.000579224208306467,-0.00040848730567979,-0.00117708068436496,0.00303044433919227,0.00229559581496202,0.00539114583990783,0.00120377712456981,0.00763091780687876,-0.116774915623863,0.000418641257682253,-0.00064694835061738,0.000756523541083092,0.0272376417657624,0.0274108898298663,0.0281072096378528,0.0281583371189423,0.0197301201782813,0.0204576629638565,0.0208506813692979,0.0210130915157325,0.0260739495903426,0.0322070119123538,0.0331677997152148,0.0344349459916871,0.0115315377691646,0.0113292076921396,0.0113387506835208,0.0117414613480123,-0.0163280982409572,-0.00956116587479973,-0.0075891665711089,-0.00397297763683984,-0.0126600811071739,-0.178285434160044,-0.195792757671218,-0.240190517394699,-0.000904184449333638,-0.000412148733422786,-0.000336250551117965,-0.000175386071904715,-0.000535426242348563,-0.000103495842879701,0.000111063264591471,-7.6899022029431e-05,0.0155140946862254,0.0140775091006309,0.0139506266401995,0.0133153257294796
"gamma_CSECO_LV1",-9.08809174132724e-05,-0.000187523820163459,-0.0163707743634552,3.11596857288282e-05,-0.000293325935298862,-0.000112074012275816,0.000275652254227696,-0.00101767662135643,2.54289262563973e-05,0.00017367935363322,4.36272365334666e-05,-0.000360706003180777,-0.00110179197560623,-0.000516530284215297,-0.00159419081785486,0.00280309943722708,0.000349937978717192,0.00918741830715195,0.000320817822407338,-0.0027396232598584,0.0576709026591971,0.00313972955903839,0.00459711927417878,0.00481666673862771,-0.00285089227220856,-0.000518527800052581,-0.00455280493890264,0.000416651672667435,0.00515133045018982,0.0022248747669547,0.00574425790801379,0.000389740962048151,-0.0022585948104998,-0.000509882538648937,-0.000227665839139386,-0.00235189827634859,-0.00974033024530497,-0.00177979072481527,0.0025507331157193,0.0540729965162978,0.00231175823660902,-0.000878391094483764,-0.00189797564449254,0.137557085390854,0.146688177472345,0.148052938192134,0.144099691130934,0.104622083534979,0.104386834298283,0.103690586426257,0.101792265345111,0.165550666788247,0.151393552615386,0.148904874222402,0.129573592950797,0.0596116607449978,0.0605597510703023,0.0605786196804503,0.0589089823360346,0.00959760651774463,0.00978560054984955,0.0104431668512866,0.0117903780775492,0.0166760624235734,0.0789312226210147,0.0871137513706816,0.119118503947048,-0.00072445632769388,-0.000137802040630379,0.000342446743043044,0.0017204437037867,0.00609809838601489,0.00478131606165041,0.00458455980901563,0.00259441858002151,0.0731566552323187,0.0734695232790666,0.0730703098189903,0.0714131063539852
"gamma_SININFOTRF_LV1",0.000324607533132871,0.000306381034178529,-0.00526438886776084,7.44784690623775e-05,0.000303455209443117,-0.000116955439070658,9.3623151149428e-05,0.000388573489660322,0.000566516870762265,-0.000179719361088376,0.00017746682488287,-0.000128377240897422,-0.00696379386089314,0.00101253748142778,-0.000779853988417951,0.00285136249847024,-0.00236976514120734,0.00203389627584226,0.00143127284078458,0.00122458754676982,0.00313972955903839,0.0326530299628969,-0.00198883531294639,-0.00174795797450638,-0.000483106653580256,-0.000451536535591752,0.00125869225645659,0.00142390797289279,0.000648583995970848,-0.000183379297509307,0.000784505490408372,-0.0011292563130714,-0.000827004699568249,0.00149032966290599,0.0105699436858295,0.00115380832595349,0.0049855946169409,0.00262613469039772,0.000371540989837079,-0.00355595865122838,-0.00185187610412276,0.0050419141179543,0.00235195801813827,0.0590024816068746,0.0725365037112445,0.074145121132584,0.0881859750703402,0.0540346829841449,0.0493269869976839,0.0469416227463655,0.0456322115846987,0.0756750656755082,0.0742869068238265,0.0728294939801928,0.078087284168551,0.0264409494996658,0.0284020741353937,0.0290134178040708,0.0301922462985392,0.00322175613909477,0.00258818811746631,0.00202625946834675,0.00155837604316439,0.00854849006347457,1.15774058536111e-05,-0.00217905849573547,-0.005114536809091,0.00260854437495882,0.00158048595921175,0.000900423057290737,-0.000291891970173873,-0.00993788349519611,-0.00747372256663636,-0.00600557722164321,-0.00116601056846357,0.0352264845329225,0.0354653131966463,0.0354658422986889,0.0356754858190083
"gamma_LV2_LV1",0.000192112617831154,0.000245572470087514,0.00262697077317621,-3.76385401426279e-05,0.000230566424329923,-0.000124597612576003,-0.000337267896338886,-0.00111656288257723,-5.83954541306453e-05,0.000116141930574766,-0.000458426523297369,0.000487028839345547,0.00100123235969375,0.000256711194547584,0.000726940363489707,-0.0102262966845603,0.000126700556240433,-0.0100078701805792,-0.0113741112482151,-0.0025455490316694,0.00459711927417878,-0.00198883531294639,0.0320791423216396,0.00392642117973916,0.00203687469138178,0.000103970341261385,0.00369075283917045,-0.000915412622221557,-0.00105131196258717,0.000830325729194093,0.00315585862712724,-4.76640217592005e-05,-0.000488293323905103,-0.00144705692710844,-0.0403096844221084,-0.0229433274381075,-0.0362289403166715,-0.0116554604602401,0.0120121835300543,-0.256617892230777,0.00380876684604338,-0.00115501106875277,-0.0150181447629314,0.0359997085007209,0.0194098544166413,0.0154403061767705,-0.0172496353128793,0.0152985668093396,0.0159776472765257,0.0148241951701238,0.00792093739968698,0.0246685410273902,0.0240969770438735,0.023299100397266,-0.00556707096098654,0.00649063524421464,0.00785506735407392,0.00846879848279344,0.00863404710350101,0.00572814518241107,0.0155106786981663,0.0185322515932252,0.0248173819647547,0.0732834536350369,-0.288410222438743,-0.328665113030625,-0.431570145475161,-0.00468595508838551,-0.00290437009143616,-0.00181586468869775,6.72565657326589e-05,0.00395690201016989,0.00245174926537415,0.00133518985520429,-0.000654333605193959,0.0101098613322953,0.0108557201011223,0.0108179944075043,0.0104570709927978
