"","asc_ruta1","asc_ruta2","asc_ruta4","b_tt","b_dt","b_Sem","b_ACC_1","b_ACC_2","b_SI_CAMFD","b_SI_PANEL","b_SI_ZER","b_Si_MTRP","b_No_Info","b_UsoCel_F","lambda1","lambda2","lambda3","gamma_EDUBASICA_LV1","gamma_EDUSUP_LV1","gamma_HPICO_LV1","gamma_CSECO_LV1","gamma_SININFOTRF_LV1","gamma_LV2_LV1","gamma_ADULTO40_LV2","gamma_EXP_3_LV2","gamma_EXP_4_LV2","gamma_EXP_5_LV2","gamma_HPICO_LV2","gamma_USODISPMOB_LV2","gamma_EDUBASICA_LV3","gamma_JOVEN30_LV3","gamma_ADULTO40_LV3","gamma_EXP_2_LV3","gamma_USODISPMOB_LV3","zeta_FRbr","zeta_EnfCond","zeta_AFrSem","zeta_CulFr","zeta_OmLmVel","zeta_IgPare","zeta_PasoPeaton","zeta_UsoDirec","zeta_UsoPito","tau_FRbr_1","tau_FRbr_2","tau_FRbr_3","tau_FRbr_4","tau_EnfCond_1","tau_EnfCond_2","tau_EnfCond_3","tau_EnfCond_4","tau_AFrSem_1","tau_AFrSem_2","tau_AFrSem_3","tau_AFrSem_4","tau_CulFr_1","tau_CulFr_2","tau_CulFr_3","tau_CulFr_4","tau_OmLmVel_1","tau_OmLmVel_2","tau_OmLmVel_3","tau_OmLmVel_4","tau_IgPare_1","tau_IgPare_2","tau_IgPare_3","tau_IgPare_4","tau_PasoPeaton_1","tau_PasoPeaton_2","tau_PasoPeaton_3","tau_PasoPeaton_4","tau_UsoDirec_1","tau_UsoDirec_2","tau_UsoDirec_3","tau_UsoDirec_4","tau_UsoPito_1","tau_UsoPito_2","tau_UsoPito_3","tau_UsoPito_4"
"asc_ruta1",0.14276774444803,0.116886066038063,0.108607115692333,0.0103339909961223,0.0504344416382087,0.0160575873700841,-0.00601083082862959,0.0161056482915609,-0.00945349894083801,0.00204465160908305,-0.00242498019253485,-0.00406888106135333,-0.000335936871331347,0.00896240080876246,-0.00461262189019843,0.0119015343255751,-0.0089139937294252,0.000983746078437946,0.000522879027706332,-0.000261410063714601,0.000234908773426675,-0.000672498180427905,0.000548268301776966,-0.000770787506059115,-0.00112788706757788,-0.000225056323948434,3.22080356572959e-05,-0.000582296377673206,-0.000400939531679874,0.000835608514355723,0.00222843456830254,0.00107012252048975,-0.00188819231809981,0.000143731113670179,-8.20408311199342e-05,-0.000117381838397075,-0.000625734392256046,-7.99566000150042e-05,-0.000252019555014658,0.0252996942570437,0.00318957094194947,-0.000981253981305422,-4.04976509736339e-05,-0.00230612059745735,-0.00184780479021793,-0.00188469919039695,-0.00244875843603931,-0.00176426278837785,-0.00166323870688855,-0.00172979232360367,-0.0021098653585266,-0.00149810055621927,-0.00277180473526954,-0.00335366134775261,-0.00475967015728725,-0.000876372957870742,-0.000808904591796106,-0.000805851149033524,-0.000914957665929705,-0.00212871830193389,-0.00241752063393839,-0.00261344584339228,-0.00293866250546206,-0.0135028910151361,0.0242292988573337,0.0274599084066118,0.0344778039615178,-0.00292820869221203,-0.00139104669261526,-0.000481623594189546,0.00122420576964041,0.00404492171720218,0.00351438065108988,0.00309750110990891,0.00142117353701265,-0.00106904063346148,-0.00088720709638366,-0.000895547553923413,-0.00097727823111646
"asc_ruta2",0.116886066038063,0.134148571878374,0.104752341970455,0.00488490848729384,0.0438135968618938,0.00973615149326547,0.000917768847468512,0.00567826244401746,-0.00467307587031258,0.00298728362147744,-0.000883465146530462,0.00181728591989247,-0.00245130723645891,0.00448334750580316,-0.00551433067852873,0.0153234245664671,-0.007778994034842,0.000637911394023519,0.000531871691387639,-0.000465101703124794,-0.000227527102502779,-0.000677181326038884,0.000161341493294365,-0.000619094096962766,-0.000923559201426695,-0.00019182336833366,-4.03174560244958e-05,-0.000472865284316426,-0.000357110519645407,0.000644079548132112,0.00169616619822004,0.000835398859869496,-0.00171252893586173,4.73689312162775e-05,9.28872078622062e-05,0.000100381157144869,-0.000279290905336945,-6.73333858652662e-06,-0.000117464844219622,0.0192764221082673,0.00253553947759363,-0.000623735823663399,6.38323452361675e-05,-0.00366315976429253,-0.00331905337104813,-0.00334847018105333,-0.00383337430387362,-0.00308324471060121,-0.00281989760769918,-0.00284259726592438,-0.00307017699634514,-0.00343926433730262,-0.00434925035540498,-0.00485618552974709,-0.00594957188012234,-0.0013842223733659,-0.001367945484472,-0.00137308139733565,-0.00147651110394818,-0.00200711771548278,-0.00191989612102691,-0.00203374312139886,-0.00225421536768695,-0.0122508215861127,0.0182728440454434,0.020535666656144,0.0253282436901782,-0.00245261809761966,-0.00125592261628898,-0.000533926341247197,0.000817354132425912,0.00275022371933176,0.00241891431439545,0.00212260374523776,0.000897676008784941,-0.00174201101910278,-0.00153395337041211,-0.0015270843728122,-0.00157017420860413
"asc_ruta4",0.108607115692333,0.104752341970455,0.400418424939288,-0.00709103901893181,0.0481126884240219,0.0109446586907254,0.00812473195474084,0.00612766576798255,-0.0215286727701452,0.0112792294445795,-0.00551845614359189,0.00931833108481848,-0.0649773961831882,-0.148366349893348,0.0365428376782138,-0.0763024744630611,0.038579053633176,-0.0366093639701283,-0.0377570431628219,-0.00675012141500181,-0.0142481349303659,-0.00554817502358045,0.00602792612161119,-0.000184148964859365,0.0032569831236465,0.000173398221745248,0.000227110527038502,0.00157621124121593,0.00186279184830346,-0.0104694552276796,-0.0053727930429628,-0.00488877627419525,-0.00106690278292179,0.000309079690647215,-0.00442870218125228,-0.00199343125574078,-0.00250442683516033,-0.000881945714372051,-0.00127753718071868,-0.0347110502122532,0.000951651642508153,-0.00766597946487384,-0.00140308543317817,-0.0821578656153357,-0.0833713974484189,-0.0838382847262372,-0.088444255122142,-0.0727909982684319,-0.069037703613617,-0.0684140585008725,-0.0682724066797581,-0.104570972568455,-0.0959294710108831,-0.0947582180805208,-0.096568820242633,-0.0341162777312876,-0.0332492086553092,-0.0329490038264285,-0.0323107867159101,0.00725430667214022,0.00401325703426168,0.00365882458199741,0.00366125505856685,0.0350551096699388,-0.0243294440523794,-0.0330677512140405,-0.041666719680953,-0.0183119171099863,-0.0160849461040637,-0.0150109224009687,-0.0143923922546397,-0.0085868054785691,-0.0121559621931858,-0.0135517149412578,-0.0177161367519073,-0.0381803249182712,-0.0377229663742207,-0.0376956630143963,-0.0374599362235207
"b_tt",0.0103339909961223,0.00488490848729384,-0.00709103901893181,0.0111486578717121,-0.00230730793409131,-9.69466265257709e-05,-0.00298041512502197,0.00779628503811197,-0.00153710392244868,-0.000117377398194141,-0.00151603935061426,-0.00358111946230529,0.00059400075030164,0.00674449040148932,-6.24428840638013e-05,-0.000912370333137043,-0.00244058771599019,0.00021489383354823,8.25156662133092e-05,0.000244568910380362,0.000200097621924422,1.11652907135307e-05,0.000350932853131493,-0.000425642531261858,-0.00059554931993261,-0.000161132913852087,1.51840105601111e-05,-0.000332991793047534,-0.000199660905840587,0.000285216752726353,0.000637643659340501,0.000330647352706089,-0.000460852210971988,7.04567373269148e-05,-3.71226072623222e-06,-8.40203724377672e-05,-0.000274839762533402,-2.91279443422667e-05,-0.000136597807916803,0.0145051074400696,0.00164228769119805,-0.00136123893325246,-4.02613340092344e-05,-0.000718120907085421,-0.000481688277959767,-0.000444879863188908,-0.000482253550522557,-0.000379103870795273,-0.000491361555825945,-0.000534886425040833,-0.00064720474035883,-0.000222419831386117,-0.000851236635051605,-0.000994164949761896,-0.00149306890502761,-0.000272108437031742,-0.000214832241288075,-0.000206146108227022,-0.000221381917961568,-0.00103675139613745,-0.00143421228093663,-0.00153214873713582,-0.00169047946919525,-0.00659284295530967,0.0133963847851196,0.0158959939907227,0.0201038068630271,-0.00181109987440622,-0.000953445043343615,-0.000456198657029093,0.000500552713012165,0.00323496021968231,0.00260363459424418,0.00221306614799793,0.000724211126573021,-0.000242957422904343,-0.00024045970797078,-0.000259226362381781,-0.000299530081861218
"b_dt",0.0504344416382087,0.0438135968618938,0.0481126884240219,-0.00230730793409131,0.0567383626111667,0.0103572157748117,-0.00184595995826984,0.00289913783578497,-0.00584563298693281,0.00142941076467423,-0.0054695033043687,-0.0104868464647014,-0.00420649275473007,0.000305593261751787,-0.00812251024386556,0.0220704155100215,-0.00779098492814624,0.00086077019733038,0.000736486751618405,-0.000255999112638952,-0.000733938104700326,-0.00100406322975198,1.98516823984795e-05,-0.000253534017486388,-0.000358996711838293,6.00700873501764e-05,2.14086076636356e-05,-0.00022677989002688,-0.00018478993641078,0.000607650612502989,0.00164628058050771,0.000830942437163493,-0.00138167448820555,-5.32316426871686e-05,-2.07527429543038e-05,9.17005753139105e-05,-0.000321826120388948,-6.99867965926162e-05,-3.46558631908676e-06,-0.000779562273198128,0.00152069257816009,0.000841750894980354,4.89465702360206e-05,-0.0025236479353603,-0.00220308340097363,-0.00226975995021304,-0.00291615775670399,-0.00233339614568535,-0.00181976257453255,-0.00180914151085774,-0.00202557268963511,-0.00229582649549586,-0.00291860704063042,-0.00348566060067797,-0.00458346450938977,-0.000793150871971824,-0.000909008716696939,-0.000948320684206393,-0.00112305867899398,-0.000944920132787808,-0.000394131381555054,-0.000410218614535915,-0.000518521024142525,-0.00524165763940157,-0.00142458701423024,-0.00292640576987825,-0.00581315029831283,-0.00104638524775908,-0.000421345398004294,-2.99329604868096e-05,0.000672825312473459,-2.59527693526556e-05,0.000299851552634573,0.000392638969026068,0.000556244016712739,-0.00129055138721592,-0.00103034701036181,-0.0010052997215975,-0.00102619653826266
"b_Sem",0.0160575873700841,0.00973615149326547,0.0109446586907254,-9.69466265257709e-05,0.0103572157748117,0.0270975267083421,-0.00295768541282872,0.00326285141993224,-0.00170980299085763,-0.00120504982591376,-0.00226811178706124,-0.00664193463409088,0.00333464059193366,0.00121957480752582,0.00293949650234579,-0.00804140189096187,-5.01253672921032e-05,0.000423307210815049,0.000250812167036112,-0.000294089302803903,0.000567183299760058,0.000192702614327105,0.00017806867363791,-5.74478463277692e-05,-0.000196376419973285,3.02650613222706e-05,3.26872933213728e-05,2.21984315344768e-05,6.12364670564384e-05,1.28329290924664e-05,0.0004385807753423,3.64956825993047e-05,-4.24254479954197e-05,0.000232174626315711,-0.000212608605086088,-9.77422243526075e-05,-6.98073399042355e-05,6.34971257066223e-06,-0.000121396621133045,0.0108065680945853,-0.00073361716605799,0.00102095925480184,-4.38758087055844e-05,0.00208693709169982,0.00166912317272649,0.00155033000393002,0.00108719236609718,0.00154213271204117,0.00145288887633554,0.00143472690600761,0.00122791049981619,0.00204400521422523,0.00210610844669047,0.00218958036276732,0.00193152002564311,0.00052702578805504,0.000649231440604308,0.000681804925382743,0.000726537718857847,0.000164307665650688,-0.000230745105120093,-0.000322105239040556,-0.000386061382264396,-0.000290255942683447,0.012846334932007,0.0149774195883036,0.0206858138871279,0.00132362456533017,0.000911898605072865,0.000670864510460404,0.000219518843332291,-0.00147088676682551,-0.00110808991970817,-0.000845509764675945,0.000147189640899316,0.000798723297297566,0.000783372757419369,0.000776343282966933,0.000735455004415476
"b_ACC_1",-0.00601083082862959,0.000917768847468512,0.00812473195474084,-0.00298041512502197,-0.00184595995826984,-0.00295768541282872,0.101961497520438,0.0139653887185115,-0.00296617664708373,-0.000106517991921296,0.00187365265405004,0.00518125512803468,-0.000730100702299963,-0.0112032964193516,-0.000202937410455629,0.00523223879667492,0.00214826153999953,-0.00105435552494017,0.000159928581823433,-0.000523206888011568,0.000320746218312206,0.000385386573533553,-0.000277433077299151,-0.000335618618840225,-0.000268079443762847,-0.000399009549631355,-0.000158657670715815,-0.000399757262971686,-0.00052271172874635,-0.000239348185214383,5.36251128996708e-06,8.11095586713505e-05,-0.000135309560925058,0.000304422987032618,0.000741417406346095,0.000101659482947377,0.000328019363620129,0.00022985278896476,-0.000338154622957156,0.0359558382457393,0.000856600906940856,-0.0017138423740449,6.58640198960548e-05,-0.00539531205160185,-0.00474249717480219,-0.0043653214543309,-0.00274481337183627,-0.00333487710749079,-0.00424139751659332,-0.00428696640441168,-0.00410284247102528,-0.00508044444571124,-0.0060293591805775,-0.00595933813247892,-0.00497616225294554,-0.00208290403505956,-0.00190441816945747,-0.00185890677479366,-0.00162853900160083,-0.00237882017657747,-0.00276120665050402,-0.00285690713983437,-0.00290988329888839,-0.0148928305165463,0.0373025379507041,0.0429496644113647,0.0570438409271433,-0.00152375286646553,-0.0010350203322011,-0.000735086370605867,-0.00020948014027956,0.00271073744740258,0.00202872901058273,0.00158441796126467,8.76331610396048e-05,-0.00180576116041301,-0.00216690579785086,-0.0022021627952721,-0.00220390193360361
"b_ACC_2",0.0161056482915609,0.00567826244401746,0.00612766576798255,0.00779628503811197,0.00289913783578497,0.00326285141993224,0.0139653887185115,52946.7817463676,-0.00757536805063449,-0.00758571919178185,-0.0247522484390233,-0.0279963666344451,-0.00371135047115123,0.000229780979857402,-0.00505354877529562,0.0227259553025504,-0.00591573326213258,0.00483056004319691,0.00413133986412797,0.00225802271481266,-0.00263392505356553,-0.00130243239781344,-0.00204952430546238,0.00109492827940972,0.00215165663602888,0.00112954980213383,0.000565057172508021,0.000662937418531884,0.000417416908165971,0.00103363851557417,0.000265172806115783,0.00174605008454493,0.000845026717577708,-0.000725967927559771,0.000113945995029548,-0.000263254918504789,0.000797751212751712,0.000123195491953013,-0.000834205785147435,-0.0346904840905036,-0.00129415527516627,0.00218155207019688,0.000175261688963314,0.00960598336507749,0.00874979273284929,0.00936705211202404,0.00927272562222659,0.0086553712959669,0.00733094660361519,0.00703686755078725,0.00636028859037931,0.00985334027996421,0.0115156679207786,0.0125244781156527,0.0131651003913581,0.0039746555574564,0.0035582893490978,0.00352396243902695,0.00375264441464701,0.00419359955697368,0.00465815414345541,0.00471073012055402,0.00468075726484101,0.0210913416950611,-0.0202181797203959,-0.027450387883138,-0.0430024758068159,0.00367231684257931,0.0028369198145317,0.00251842142740157,0.00193100779871714,-0.00153618966113171,-0.000429316157045852,9.91205988466198e-05,0.00185803008094011,0.00415071685135661,0.00417547371697772,0.00433530955802411,0.00462512353048635
"b_SI_CAMFD",-0.00945349894083801,-0.00467307587031258,-0.0215286727701452,-0.00153710392244868,-0.00584563298693281,-0.00170980299085763,-0.00296617664708373,-0.00757536805063449,0.0923621286142914,-0.00899570510590803,0.0058009186802849,0.010097399748845,0.00224685975091873,0.0100548069214197,-0.00384065059205299,0.00875738353303525,-0.00451455331272939,0.000711908704683488,0.00184032271033518,0.000352570633257765,-0.000704959059882317,0.000104979866881416,-0.000652756207520483,-1.05443584258513e-05,-0.000243405682477543,-0.000116747380096562,-0.000114196869241686,-9.57691234614545e-05,-0.000202432447325074,-3.78464997459271e-05,0.000553028180725482,-0.00056545682978372,-0.00094253412668989,7.48774855172497e-05,0.000249239888723231,0.000587673628044563,0.000600165604653622,0.000129515271881825,0.000302945623249304,-0.00373761403590954,-0.000145602612816856,-0.000107061357855525,0.000178800900833374,-0.000745025252635569,-0.000942450056282269,-0.00112870500173754,-0.00199463046380533,-0.00142826275307991,-0.000554537210945793,-0.000391197248547517,-0.000379737155876686,-0.00161741520056525,-0.000949873785974032,-0.000814590435943409,-0.00142289370881247,-0.000267369805763518,-0.000348784520817866,-0.000361717106178518,-0.000451783565425686,-0.00106479596603901,-0.000311145112465802,-0.000164805960012138,-6.94988278995084e-05,-0.00431351342176864,-0.00605450148123351,-0.00648149728841587,-0.00917735983116921,-3.04065318024114e-05,-0.00016848671904993,-0.000184776795908545,-0.000245532594965507,-6.91693056806353e-06,-0.000167823203776564,-0.000225644056709276,-0.000278668348417709,-0.000431200824194654,-0.000405562472163134,-0.00042168620322726,-0.000507262788861238
"b_SI_PANEL",0.00204465160908305,0.00298728362147744,0.0112792294445795,-0.000117377398194141,0.00142941076467423,-0.00120504982591376,-0.000106517991921296,-0.00758571919178185,-0.00899570510590803,0.0482958492022325,-0.00133832514170935,-0.00231628482613898,0.00652984331820354,-0.00251439529522059,0.00324576799520918,-0.00897155392767245,0.00351001737627189,-0.000823173395485032,-0.000998698335128118,-0.000297401811169801,0.000649208468057363,1.72992981394259e-05,0.00015285007176387,-0.0001571196168097,-0.000146076553918364,-0.000153948976737417,-3.21779592814738e-05,-7.47277637472039e-05,0.000111253813097648,-0.000351847506170751,-0.00054532409905194,-0.000290173240442632,0.000325986709571604,0.00040269096822988,3.80854909311728e-05,0.000111192141500445,5.09765191576661e-05,2.93146248684908e-05,-2.03605817427384e-06,0.0069215456120732,5.58277271879831e-05,-0.000682825851720161,3.18013827113986e-05,-0.00106050237550043,-0.00110341580889963,-0.00118356197862372,-0.00109380504472308,-0.00104034239969275,-0.000895927813109049,-0.000861389328906435,-0.000677680790743722,-0.00124744218689472,-0.00135691125396495,-0.00141582046026297,-0.00121867148755444,-0.000551800308290989,-0.000434981931448809,-0.000427272523414948,-0.000425740174817369,-7.66204536086889e-05,-0.000533630214011416,-0.000601248127121182,-0.000633982946610811,-0.00102219041941839,0.00607778735580384,0.00743153008332144,0.0107929403326609,-0.00057033259859959,-0.000422748245306164,-0.000361229993287365,-0.00027589313592812,0.000505874982192829,0.000242290869622619,0.000140142164988348,-0.000286011169359217,-0.000538733432434622,-0.000495845686163774,-0.00050315885904238,-0.000504879573755229
"b_SI_ZER",-0.00242498019253485,-0.000883465146530462,-0.00551845614359189,-0.00151603935061426,-0.0054695033043687,-0.00226811178706124,0.00187365265405004,-0.0247522484390233,0.0058009186802849,-0.00133832514170935,0.0742778435990783,0.00349032893100203,-0.00717539312966282,0.00247588785079149,-0.00523462443241423,0.0171325816323092,-0.00239578832052829,0.00151144847842304,0.000869760491265058,-0.000362955262288329,-0.000919791683770244,-6.85849516137798e-05,-0.00058342726830673,-0.000349583141335485,-0.00031995544431171,-1.71736378494591e-05,-0.000115762710923463,-0.00015343998323009,-0.000363573253553614,0.000832877614804022,0.00062972627903969,-0.000330682114635078,-0.00014665535153834,-1.93616136707351e-05,0.000228204473669372,0.000417189646236447,0.000233813754630286,8.39721586025755e-05,-0.000372005951112367,0.0157981010432986,0.00224737828282863,-0.00201647042108347,0.000212977698295659,-0.00157408607012387,-0.00180419958776082,-0.00188339590487703,-0.00210064002488573,-0.00182925921648753,-0.0013462127613784,-0.00128189192841299,-0.0010670416257683,-0.00181639894934148,-0.00225946250061337,-0.00241591090014059,-0.00266104156349184,-0.0005813627817237,-0.000677184883560179,-0.000709868189798264,-0.000779484055981817,-0.00124367535990474,-0.00134751986839541,-0.00149763384618026,-0.00175282037801031,-0.00745799817066888,0.0178231840906434,0.0195811394410736,0.022091604429976,-0.00232396765343069,-0.00119434243665354,-0.000486398796541721,0.000907304302545863,0.00480622911580244,0.00402727901772156,0.00345606674605727,0.00124099847136766,-0.0010018032312402,-0.000746637606643355,-0.000712792237012904,-0.000671177197183721
"b_Si_MTRP",-0.00406888106135333,0.00181728591989247,0.00931833108481848,-0.00358111946230529,-0.0104868464647014,-0.00664193463409088,0.00518125512803468,-0.0279963666344451,0.010097399748845,-0.00231628482613898,0.00349032893100203,0.14346867925643,-0.00263765772223828,-0.00233239644477066,0.00615732587012903,-0.013572156771237,0.00294401761961055,-0.000746246610462728,-0.000877672560367506,-0.0012306770679871,0.000386406649337555,0.000534267289377624,0.000170679253728046,-0.000317971862418825,-0.00019716013943762,-0.000256616611806508,1.34654639599942e-05,-5.04523645523061e-05,0.000144554893816417,0.000243967525288993,-0.00139966317572258,0.000219273461623813,-0.000441127331083362,-9.39439679466188e-05,-0.000114826034806694,-0.000248855813465577,-2.32645964254494e-05,7.78993287778947e-07,-8.74587182021047e-05,-0.000211535953324106,0.00173895998361017,-0.00296044480383647,-7.87022279318094e-05,-0.00161210481750422,-0.00176432199545944,-0.00171089402557612,-0.00177817916926039,-0.00104157326805042,-0.0016065252354395,-0.00175626846837034,-0.00185114502656491,-0.00217791688278999,-0.00188956789616927,-0.00169419145963751,-0.00174901614630744,-0.000796621599718311,-0.000689883786114248,-0.000664928115536947,-0.000592856867104699,-0.000124530352875102,-0.000445731434944,-0.000518131985707196,-0.000584031102338917,-9.75485490285891e-05,-0.00251282295228037,-0.00288400778545576,-0.00269894317940811,-0.00244901838224955,-0.00141351419598606,-0.000725140455538291,0.000400320236104867,0.00556020013174176,0.00429850808134591,0.00351888277428044,0.000728165353706323,-0.000679575662943344,-0.000805852781573683,-0.000829446020419314,-0.00083586006257748
"b_No_Info",-0.000335936871331347,-0.00245130723645891,-0.0649773961831882,0.00059400075030164,-0.00420649275473007,0.00333464059193366,-0.000730100702299963,-0.00371135047115123,0.00224685975091873,0.00652984331820354,-0.00717539312966282,-0.00263765772223828,0.13904203796148,-0.00174152144506439,0.0259844107504265,-0.0684479101552513,0.00639255111801488,-0.00067268083588252,0.00130823464923702,0.00105759341630648,0.000606451857505836,-0.013994691551149,0.00538969207495872,0.00190940345124899,0.00190338948593236,0.00111249169732701,0.000510269081100078,0.000247255724128342,0.000550821647562023,-0.00063509923463685,-2.51285010415676e-05,-0.00056889651439904,0.00131991682787518,0.000781327217345746,-0.00651777422526532,-0.00459938304272088,-0.00463606101852611,-0.00182139311924137,0.000322180335175127,-0.0660738703110491,0.000242742116137565,-0.000154163491078368,-0.00216079982693236,-0.000657295038449807,-0.0060270936045172,-0.00713547853041844,-0.00943883196049404,-0.00290786212770379,-0.00457939805748372,-0.00466752576484238,-0.0053294790331281,-0.00861553822749289,-0.00461667530937442,-0.00318282982947205,-1.28507887392706e-05,-0.00138715327546577,-0.00186213412990916,-0.00199497161802764,-0.00181227659577563,0.00587357074375886,0.00523577047142259,0.00540684497101185,0.00579390510288985,0.0358821861644346,-0.0693088553762791,-0.0783600813901084,-0.101361507753472,-0.000542728517294879,-0.000381199499741613,-0.000235150274873717,0.000203225223491102,-4.827300270489e-05,-0.000127309692738657,-0.000125340518886271,-9.97649548197543e-05,-0.00185213199460528,-0.00224102957159006,-0.00222882247716866,-0.00207249841235203
"b_UsoCel_F",0.00896240080876246,0.00448334750580316,-0.148366349893348,0.00674449040148932,0.000305593261751787,0.00121957480752582,-0.0112032964193516,0.000229780979857402,0.0100548069214197,-0.00251439529522059,0.00247588785079149,-0.00233239644477066,-0.00174152144506439,0.172111218228179,-0.00257763993892985,-0.0196183904114823,-0.0230408555674801,-0.000369789651289392,0.00439797775327802,-0.0013386412100655,0.000560843534570603,-5.25049383225346e-05,-0.000869000961502381,-0.00014617253668132,-0.00299166019383241,-3.51653587577143e-05,0.00019587482312535,-9.73985284662747e-05,-0.00060048565916248,-0.000772611983055399,0.00191036589347303,0.00218722722311251,-0.000348358457276813,-7.72265143131682e-06,0.00146631902798428,0.000856834839232782,0.00200334283006414,0.000314920452497152,0.000915848839116152,0.000424255439394125,-0.00131218402952191,0.00589308179433791,0.000506134964452948,-0.00325678545729596,-0.00238921390852571,-0.00232662680375777,-0.00250087650497488,-0.00193442701844616,-0.00225276490706916,-0.00254538537064272,-0.00357555507147474,-0.00437246116538042,-0.00275481490737325,-0.00245537714172196,-0.00197740342390938,-0.0009685221410003,-0.000998761164700602,-0.00101028190143877,-0.00131952353711439,-0.000786510541990594,-0.000164082097970267,-0.000124852178293771,-3.75789402448027e-05,-0.00262169332323496,-0.00506414038123146,-0.0056965379295636,-0.00136437553236066,0.00286668932630097,0.00151680644374555,0.0006691574863765,-0.000227791447925351,-0.0100568516608265,-0.00708546178151203,-0.00532277874080834,-0.000971141196509291,-0.00126720070281097,-0.00118123679734373,-0.00121947335735241,-0.00142977553133235
"lambda1",-0.00461262189019843,-0.00551433067852873,0.0365428376782138,-6.24428840638013e-05,-0.00812251024386556,0.00293949650234579,-0.000202937410455629,-0.00505354877529562,-0.00384065059205299,0.00324576799520918,-0.00523462443241423,0.00615732587012903,0.0259844107504265,-0.00257763993892985,0.040355293606334,-0.10382607094658,0.0111980357220469,0.000109201698056674,0.00414764146179824,0.00189364046531127,0.0025724037492733,0.00354240608617835,-0.000821937903775766,-0.000234876794398443,-0.000211834394243262,-0.000352509752442671,0.000428612609138664,-0.000321489436705489,0.000733856601443456,-0.00121755387057103,-0.000953988534167148,-7.12089268779987e-06,0.00177753212653783,0.000819677369222703,0.000811644897950711,0.00074298651314584,0.00205043529510551,0.000996881454615743,0.000169626913487865,0.0171563227830796,0.000675819423291682,-0.00230375213593273,0.000401677910485297,0.0127078648773636,0.0106681164471596,0.0102757482855599,0.0106033301812623,0.0104833887689326,0.00889545406871517,0.00858913773619724,0.00856333920309152,0.0125558592320611,0.0135156840772987,0.0144155846528646,0.0168521527808974,0.0028290500823187,0.00397118501706741,0.00435931246113918,0.00533718554910026,0.00181061869438117,-0.00076026561122224,-0.00099636117980507,-0.00101688946351698,0.00908449032472559,0.0119959604042938,0.0188537979881456,0.0337704835714656,-0.00120107542423958,-0.000396959030661981,-3.77026533434906e-05,0.000673191788595623,0.00345735967310339,0.00261120881059761,0.00229116105867659,0.000920735585114699,0.00569970669208494,0.00490543220426934,0.00476517173420974,0.00463114227204965
"lambda2",0.0119015343255751,0.0153234245664671,-0.0763024744630611,-0.000912370333137043,0.0220704155100215,-0.00804140189096187,0.00523223879667492,0.0227259553025504,0.00875738353303525,-0.00897155392767245,0.0171325816323092,-0.013572156771237,-0.0684479101552513,-0.0196183904114823,-0.10382607094658,0.303663735147083,-0.0330207478707816,0.00568246321320698,0.000240328095818734,-0.00278077602756552,-0.0101120100484732,-0.00270961750674747,-0.0212193066365772,0.00061561669875518,-0.000379896829015992,-0.000556422829556791,-0.00249610143459587,0.000703880077171414,-0.00305186766345129,0.0026521716443158,0.00201535632618299,-0.000115267351819002,-0.00506384705268566,-0.00209079358342369,0.0135476938904697,0.0112628447056716,0.0111212616692636,0.00374668695357784,-0.00242588523550545,0.0434081070806512,0.000117620610086831,-0.000115719928244441,0.0055714166547645,-0.0508164178981097,-0.0443825771098449,-0.0415753286225403,-0.0315544802360958,-0.0423035684649138,-0.0364551747089785,-0.0343908170309559,-0.0290058161483494,-0.0483417308721505,-0.0557800614734711,-0.0583095312507527,-0.0545725862295834,-0.0150801609090384,-0.0171438379177611,-0.0176089926050838,-0.0180331289516863,-0.0124297721470183,-0.00418465857075981,-0.00353852387456905,-0.00341266479523396,-0.0698794404289312,0.070004507886601,0.072000497415885,0.0636191960689127,-0.000838123279412832,-0.00154540489296004,-0.00155110346763872,-0.00199176523493642,-0.000378012733057553,0.000123252268241475,-0.000248285799451836,-0.00182344790108884,-0.0219237493322073,-0.0198551411988823,-0.0192420374727588,-0.0181287699766985
"lambda3",-0.0089139937294252,-0.007778994034842,0.038579053633176,-0.00244058771599019,-0.00779098492814624,-5.01253672921032e-05,0.00214826153999953,-0.00591573326213258,-0.00451455331272939,0.00351001737627189,-0.00239578832052829,0.00294401761961055,0.00639255111801488,-0.0230408555674801,0.0111980357220469,-0.0330207478707816,0.0399797446530462,0.00240313832440671,-0.000859335700846373,0.000895660900596138,0.000646146689709109,0.00110050156057529,-0.000699544427725136,0.000623940468448429,0.00296679810524343,-0.000105793385401837,-0.000242145750804751,0.000783156757625473,0.000892414060215508,-8.62710251716176e-07,-0.00403005986374664,-0.00198599539026789,0.00435043935523928,0.000967777605255616,0.000356789600868305,3.23776888555314e-05,0.000549924732257533,-6.22969738463181e-05,-9.11679581943e-05,0.00890977985440619,-0.00632652630571691,-0.00275632915087702,-0.000139121698410389,0.0101300105220501,0.00967423305076711,0.0100723046726726,0.0133130329564088,0.00895375070337166,0.00813732978848385,0.00860954864935803,0.0100298046543002,0.0118902235946359,0.0119146767838488,0.0130475100299991,0.0168911819170081,0.00454074905646689,0.00413045112427852,0.00397054598184135,0.00410056365659866,0.00332082124326185,0.00217262043804215,0.00205024885241547,0.00219751762283451,0.0153969193347414,0.0160292009374064,0.0201682056944953,0.0283852265376822,0.00827483329295255,0.00499337206882221,0.00318666066982912,-0.000783144663111995,0.00492972181771752,0.00331541788855976,0.00247995354159723,0.000845087926044064,0.00521068077128843,0.00445708612342691,0.00445510373574512,0.00459217095258018
"gamma_EDUBASICA_LV1",0.000983746078437946,0.000637911394023519,-0.0366093639701283,0.00021489383354823,0.00086077019733038,0.000423307210815049,-0.00105435552494017,0.00483056004319691,0.000711908704683488,-0.000823173395485032,0.00151144847842304,-0.000746246610462728,-0.00067268083588252,-0.000369789651289392,0.000109201698056674,0.00568246321320698,0.00240313832440671,0.103014538536201,0.089574473155986,0.00171114540989193,0.00566683898681437,0.00708229619815252,-0.0197555909970206,0.00298705774974251,0.0019875745777829,0.00172327762793802,0.000737562018259216,0.00341938186396593,0.000649337561547863,0.00363870224564715,-0.00057211562290027,0.00199592694168581,0.00289797217426614,-0.00378772273572107,0.00672535859034289,0.00580765794625192,0.000549250915853751,0.00337145294286676,-0.000998241574757218,0.0539149039043357,-0.00610092280157391,-0.000416692485655647,0.00384751035440854,0.189157181982099,0.176656352606556,0.177592230342745,0.190567278295838,0.156924986707968,0.149974711194248,0.150700850296112,0.156582109594738,0.242622132568763,0.203493139023554,0.19935851196524,0.202331758116152,0.0727075397647654,0.0712655010096968,0.0710620826231787,0.0730625003070251,0.0130656846581235,0.0149877538734593,0.0147616439614672,0.0141267938002086,0.0579563636774684,0.132949617412095,0.155503312621238,0.170779562746807,0.0138097447759311,0.0099376639101833,0.00803620833250322,0.00507954107307698,0.00761358914913869,0.00794291733324619,0.00745735668099416,0.00641113141254296,0.0829015229927057,0.0818496984570697,0.0822466269231734,0.0836565765004469
"gamma_EDUSUP_LV1",0.000522879027706332,0.000531871691387639,-0.0377570431628219,8.25156662133092e-05,0.000736486751618405,0.000250812167036112,0.000159928581823433,0.00413133986412797,0.00184032271033518,-0.000998698335128118,0.000869760491265058,-0.000877672560367506,0.00130823464923702,0.00439797775327802,0.00414764146179824,0.000240328095818734,-0.000859335700846373,0.089574473155986,0.151830529812392,-0.000295699056217951,-0.00148160752257288,0.0123056086898537,-0.0294193585238398,0.000680509763488554,0.000205066440737609,0.00148677204319327,-9.22062123625037e-05,0.00203495532123735,-0.000334373925904762,0.00422172373236852,-0.000973247463418979,0.00208952544823666,0.00194080169839383,-0.00335845048575335,0.0184501324450687,0.0156933909039173,0.019893371028079,0.00815001289531381,0.00193195294891768,0.161730215623223,-0.0032692247493219,-0.00117578823557698,0.00882814007310017,0.161723297817167,0.150561717188467,0.150103793141079,0.162770934396819,0.134186050233654,0.127719603434923,0.12738265422436,0.132730613845425,0.197662953697186,0.176241158377067,0.174491275536309,0.188949886994181,0.0611897491431346,0.0602134860506617,0.0604905160513882,0.0628690220107161,0.00824429787086415,0.00939953111714357,0.00947832836334753,0.00953417470232619,0.0273495446913426,0.237665673157188,0.280279265460091,0.336254988410531,0.0103122385841512,0.00829799573221093,0.00735769171241833,0.0061194760980291,0.0096389041146378,0.0094925318658304,0.00892213824432912,0.00745120974253152,0.0713580624096952,0.0699303062881289,0.0701874740023405,0.0710745244774511
"gamma_HPICO_LV1",-0.000261410063714601,-0.000465101703124794,-0.00675012141500181,0.000244568910380362,-0.000255999112638952,-0.000294089302803903,-0.000523206888011568,0.00225802271481266,0.000352570633257765,-0.000297401811169801,-0.000362955262288329,-0.0012306770679871,0.00105759341630648,-0.0013386412100655,0.00189364046531127,-0.00278077602756552,0.000895660900596138,0.00171114540989193,-0.000295699056217951,0.0432643403184847,-0.00615446703298261,0.00373971779646527,-0.00703777003920626,0.00136779577909227,0.00633905260129041,0.000272458770657556,0.000422291151561657,-0.00478230390115913,0.00194609347906385,-0.000394271173735836,0.00103397477178002,-0.000533150487295368,-0.00138244789803987,-0.00065320959534822,0.0045581980428515,0.00442499133322809,0.00468032227704708,0.0015141995141193,0.000717370925513695,-0.10374011469959,-0.00208575292162324,0.00323889618448676,0.00130569353087704,0.0299989781391789,0.0318143084950369,0.0330317168526819,0.0366371025905368,0.024306143397329,0.0271624884714171,0.0290199005743827,0.0315038275551801,0.0374575785516011,0.037659510668926,0.0386697493304486,0.0418705169269449,0.0128082912803177,0.0123641471954544,0.0123544324910959,0.0129566916355622,-0.00625844483804659,-0.00477412118945264,-0.00405572265814279,-0.00334649080269767,-0.0208749942480134,-0.163888837379687,-0.171545952256251,-0.214340568306661,0.0021583787434137,0.00113842468631669,0.000451954192056628,-0.000916890610374197,-0.00755460046116842,-0.00600705952488252,-0.0049365860287253,-0.00166349294093239,0.0156986420811243,0.0142256557116678,0.0142117467329956,0.0142902303581529
"gamma_CSECO_LV1",0.000234908773426675,-0.000227527102502779,-0.0142481349303659,0.000200097621924422,-0.000733938104700326,0.000567183299760058,0.000320746218312206,-0.00263392505356553,-0.000704959059882317,0.000649208468057363,-0.000919791683770244,0.000386406649337555,0.000606451857505836,0.000560843534570603,0.0025724037492733,-0.0101120100484732,0.000646146689709109,0.00566683898681437,-0.00148160752257288,-0.00615446703298261,0.0563600434973994,-0.00238684487794917,0.00756616538518641,0.00216321338160221,-0.00229637750406128,-0.00148525271764707,0.00104876178803415,0.000387990061042169,-4.35520629010208e-05,-0.00100486787775957,-0.00101485437858288,-0.00170993947463317,0.00229674350604063,-0.00111980299177664,-0.000143616562542007,-0.00600848631410287,-0.00402779558280754,-0.00181203730675493,0.000417884540389461,0.0576745536180432,-0.0040878136254109,-0.00305931546454242,-0.00241414135343444,0.0777031499764037,0.0899514848348293,0.0905063967873451,0.104139279709793,0.0793747006569538,0.0706072114513756,0.0681635252437091,0.067061412892945,0.102274796444073,0.102025328493567,0.102000135859891,0.114220231653579,0.0344373043124122,0.0351060871216764,0.034977669955709,0.0342573785653985,-0.000464140412712963,-0.00255858292904282,-0.00285628657785916,-0.00296351033092618,-0.00530699934252108,0.0595168074255616,0.066992348958501,0.108413350735531,0.00256495650289712,0.0010383761051929,0.000172140012996934,-0.00185669126423652,0.000884676330682736,0.000700792773484634,0.00036061292905864,-0.00106585409649452,0.0409120623724549,0.039251989171931,0.0387811323887656,0.0378366831363629
"gamma_SININFOTRF_LV1",-0.000672498180427905,-0.000677181326038884,-0.00554817502358045,1.11652907135307e-05,-0.00100406322975198,0.000192702614327105,0.000385386573533553,-0.00130243239781344,0.000104979866881416,1.72992981394259e-05,-6.85849516137798e-05,0.000534267289377624,-0.013994691551149,-5.25049383225346e-05,0.00354240608617835,-0.00270961750674747,0.00110050156057529,0.00708229619815252,0.0123056086898537,0.00373971779646527,-0.00238684487794917,0.0578343585997876,-0.0164721363327893,-0.00775034573366002,-0.00535751494929668,-0.00329068585859605,-0.000342921701065936,-0.00305018480831585,-0.00156510371901729,-0.000619621884234955,-7.81509328256673e-05,0.000865618721419624,0.000530795080434419,0.000214180489393144,0.0200050104586417,0.0148775483633205,0.0187325286703348,0.00726227411575622,6.17751034611196e-05,0.244884361579088,0.000629251836539251,-0.0025539533055962,0.00709478674762473,0.0428987499258494,0.0518217998149274,0.0533791305332081,0.058496113784493,0.0414007275331579,0.0423253675393238,0.0418666531544714,0.0437427995953594,0.0643888845342512,0.0570883645556377,0.0554266394341671,0.0512772057467068,0.0151976534589824,0.0187669358833434,0.0198668389813115,0.021168823664785,-0.016275429893464,-0.0194756569426274,-0.0203153296462462,-0.0216846121285951,-0.101391122954681,0.236507207425587,0.28245672334487,0.370890233241566,0.00023328647323095,0.000504233205098086,0.00072661088411369,0.00129114308741981,0.00679178282829348,0.00539002511683423,0.00448567650642996,0.00230065443014009,0.0230671392092816,0.022452740591039,0.022092316769939,0.021186904677402
"gamma_LV2_LV1",0.000548268301776966,0.000161341493294365,0.00602792612161119,0.000350932853131493,1.98516823984795e-05,0.00017806867363791,-0.000277433077299151,-0.00204952430546238,-0.000652756207520483,0.00015285007176387,-0.00058342726830673,0.000170679253728046,0.00538969207495872,-0.000869000961502381,-0.000821937903775766,-0.0212193066365772,-0.000699544427725136,-0.0197555909970206,-0.0294193585238398,-0.00703777003920626,0.00756616538518641,-0.0164721363327893,0.0645678240442498,-0.00288579614928901,0.00366388635922874,0.00399093259219513,0.00395578766793592,-0.00165872344501692,0.00222045709660108,0.000968121271979607,0.00396832893530265,9.47935164122178e-05,-0.0028315069607762,0.00178295865809903,-0.0420352945888191,-0.0350800584021851,-0.0452714568048356,-0.0159782113664312,0.00304950944969485,-0.212507745193203,0.00738782795104339,0.00236474298267174,-0.0173211837376273,0.032065388459163,0.0276379306103947,0.0224919583189534,-0.00668728511221783,0.026637594178256,0.0214372195476639,0.0176474332292878,0.00498084502693442,0.0258063633010979,0.0342236940531466,0.0328644008723464,0.00404328093726313,0.0117751215864897,0.0109402771815116,0.0101078548717702,0.00593977201050559,0.0132433832268974,0.0100020512082597,0.00966917239505509,0.00825479426939712,0.0852712345044646,-0.248194041602435,-0.299848346131415,-0.40032294311668,-0.00666836666774127,-0.00335366246439206,-0.0016605049433577,0.00176450441059091,0.00241307891838315,0.00127209414289892,0.00110900479021584,0.00124999159023143,0.0110794766824909,0.0114251448499072,0.0107569911369759,0.00894921762823689
