"","asc_ruta1","asc_ruta2","asc_ruta4","b_tt","b_dt","b_Sem","b_ACC_1","b_ACC_2","b_SI_CAMFD","b_SI_PANEL","b_SI_ZER","b_Si_MTRP","b_No_Info","b_UsoCel_F","lambda1","lambda2","lambda3","gamma_EDUBASICA_LV1","gamma_EDUSUP_LV1","gamma_HPICO_LV1","gamma_CSECO_LV1","gamma_SININFOTRF_LV1","gamma_LV2_LV1","gamma_ADULTO40_LV2","gamma_EXP_3_LV2","gamma_EXP_4_LV2","gamma_EXP_5_LV2","gamma_HPICO_LV2","gamma_USODISPMOB_LV2","gamma_EDUBASICA_LV3","gamma_JOVEN30_LV3","gamma_ADULTO40_LV3","gamma_EXP_2_LV3","gamma_USODISPMOB_LV3","zeta_FRbr","zeta_EnfCond","zeta_AFrSem","zeta_CulFr","zeta_OmLmVel","zeta_IgPare","zeta_PasoPeaton","zeta_UsoDirec","zeta_UsoPito","tau_FRbr_1","tau_FRbr_2","tau_FRbr_3","tau_FRbr_4","tau_EnfCond_1","tau_EnfCond_2","tau_EnfCond_3","tau_EnfCond_4","tau_AFrSem_1","tau_AFrSem_2","tau_AFrSem_3","tau_AFrSem_4","tau_CulFr_1","tau_CulFr_2","tau_CulFr_3","tau_CulFr_4","tau_OmLmVel_1","tau_OmLmVel_2","tau_OmLmVel_3","tau_OmLmVel_4","tau_IgPare_1","tau_IgPare_2","tau_IgPare_3","tau_IgPare_4","tau_PasoPeaton_1","tau_PasoPeaton_2","tau_PasoPeaton_3","tau_PasoPeaton_4","tau_UsoDirec_1","tau_UsoDirec_2","tau_UsoDirec_3","tau_UsoDirec_4","tau_UsoPito_1","tau_UsoPito_2","tau_UsoPito_3","tau_UsoPito_4"
"asc_ruta1",1,0.836260697738677,0.493255821198012,0.240984036818697,0.584161365477556,0.241478713954916,-0.0782346516267909,0.0104891923324447,-0.0735366701549432,0.0440725626943669,-0.0369862389068795,-0.0208207957225776,-0.00983056430085911,0.0506363522898001,-0.0395983287448699,0.0392647506074327,-0.0799975505718251,0.00105834330447795,-0.006576304362727,0.00490057388163432,0.00239820747102341,-0.00280553042669712,-0.00642652056480714,-0.00659477120756914,-0.00975254647476928,-0.00173740241535057,-0.0142231563079856,-0.00462113012834794,-0.00509893913076474,0.00317380665182177,0.0104502028664432,0.00782963725224747,-0.00776585267083557,0.00294309319059426,0.00506393910443129,0.00481109033760898,0.00312950245905692,0.00497003291149159,0.00121842799606192,0.00612884688003051,-0.00784629209655885,0.0131473186121466,0.00255264507584867,-0.00798861079776763,-0.00711996100254433,-0.00678090366378852,-0.00440479744324594,-0.0076837828162143,-0.00760100257504805,-0.00715686230657918,-0.00599981550202936,-0.00692943887476033,-0.00792918258287713,-0.00768875872035804,-0.00516294828812838,-0.00726952458355303,-0.00750292343841039,-0.00745216625580832,-0.00623569090524102,-0.0123117797891418,-0.00828381976479531,-0.00764267988786502,-0.00631674654617551,-0.0135578788171549,-0.00152779009206882,-0.000904254580731266,0.000368844793154435,0.00988252549522034,0.0102116842252657,0.00970367834712468,0.00497470496044631,-0.0110993831954476,-0.0102358184289537,-0.00934876036579016,0.00302893295300158,-0.00652045678019419,-0.00775072164691011,-0.00772024331180965,-0.00742649644921296
"asc_ruta2",0.836260697738677,1,0.480713589868206,0.106898776564926,0.513041148907124,0.153309261984784,-0.0214034412631749,0.0229256153667295,-0.0245045996484823,0.0461020577873416,-0.0259686979712584,-0.00236206863168965,-0.0206627388702756,0.0275932339739793,-0.0585099625645954,0.0581089162162073,-0.0706606386616063,-0.000205376581692968,-0.00828689098082123,-0.002558643040212,-0.00278859575887292,-0.00437359387056245,-0.00764895702595954,-0.00480980501670829,-0.0109967104181659,-0.000829523203844912,-0.0156912493010936,-0.00102856470978984,-0.00582961991513421,0.00299043722558535,0.00935793036926726,0.00666809401482884,-0.00690309299945074,0.00237923182277901,0.00615028808797545,0.00618008638625062,0.00324433824347752,0.00616800380358015,0.000876790145038121,0.00841974725258993,-0.00897369674328903,0.0132139908079769,0.00366111509190248,-0.0111969680737517,-0.0102274211011305,-0.00975281968336367,-0.00655769605126704,-0.0110422778437924,-0.0106756604127547,-0.0100607128517026,-0.00839732460087246,-0.00957987507466822,-0.0114267228191651,-0.0111698708137547,-0.00799457401783101,-0.0103239248976516,-0.0106967463439476,-0.0105906941299783,-0.00882600494794318,-0.0106414065426631,-0.00653261530517535,-0.00606484588490341,-0.00505183321621273,-0.0122008559690207,0.00207280288765089,0.00258955776924524,0.00368635000080979,0.0101625825436395,0.0101557784804762,0.00935158145645807,0.00420155241323964,-0.0116213271784507,-0.0108493736439648,-0.0100568446175109,0.00199153550558068,-0.00972318499307674,-0.0108386314022003,-0.0107028348682493,-0.0100568149219949
"asc_ruta4",0.493255821198012,0.480713589868206,1,-0.112035088423121,0.377350811087187,0.121815234543194,0.0133411854151997,0.00322793099718798,-0.0960176211748324,0.0682005626732241,-0.0338488942906095,0.0426035553174525,-0.323721021777967,-0.556666080659276,0.147727115466487,-0.11891625614369,0.276901212668498,-0.18670285547796,-0.153184848841373,-0.0670115597113033,-0.160445637655542,-0.091610086478959,0.0535146021295404,0.013348059032837,0.00846744198409119,-0.007981582969234,0.0200677740766875,-0.00548439725792835,-0.018936364875625,-0.0596344078650418,-0.025504985710258,-0.0330593557592404,0.0142811077720811,-0.0172487690013792,-0.0595401770923938,-0.0550512303379157,-0.0454036593519864,-0.0490029674245319,-0.034890046494244,-0.0211065594666457,0.0287543178288219,-0.0566483375376047,-0.048424273788009,-0.1416139313369,-0.151028986506968,-0.146704542896935,-0.127796435639017,-0.152740984524202,-0.145898833982366,-0.140791179885219,-0.126345292244815,-0.144687571631266,-0.140211145228895,-0.135299443064037,-0.111754540384406,-0.135471861307981,-0.150633185184418,-0.149652677305437,-0.125138667307318,0.00971738551295465,-0.00693696560525672,-0.00949116978271677,-0.0119798212105139,0.00896780562736002,-0.00544115774728914,-0.00795544023831023,-0.00952104370696965,-0.0577168304520954,-0.0636251158089253,-0.0631459565250852,-0.0453097646788971,0.0373784140992424,0.0297009232836767,0.0221862595326504,-0.0432144060688834,-0.149356473889767,-0.145103942361754,-0.141663776931812,-0.126977187554357
"b_tt",0.240984036818697,0.106898776564926,-0.112035088423121,1,-0.102090377098372,-0.0282497710832302,-0.121298632320799,0.0301437616691172,-0.0439941214431252,0.018651750882177,-0.0756543001026802,-0.0686417442037543,0.0198466150734699,0.14724692773141,0.0163714976927722,-0.0174966480995971,-0.120103331097395,0.00219637177944975,-0.00212410044385682,0.0298402134800722,0.0116127979556542,7.19064901603315e-05,-0.00460322149455527,-0.00619625554630013,-0.00190016670853576,-0.0021755070493832,-0.00315939712593962,-0.0174249135371445,-0.0060154796572278,0.000463249676827338,0.0122841690238355,0.00105350547277959,-0.00909296045807385,-0.00352971279032728,0.00578074941552419,0.000872129026793129,0.00411665178428123,0.0006089781378384,0.00151484804939692,0.00381879473856527,0.0156236154664222,-0.0197833387421847,0.000673405901525907,-0.0020279601240174,0.00168511936453535,0.00228972283707292,0.00349211188806407,0.000791555690810834,-0.000431267028479343,-0.000581547101559944,-0.000876211576448237,-0.00127117682570715,0.00119750764205885,0.0015906510737602,0.00244167823333555,0.00107511224810582,0.000358505180877602,-0.000105044068043658,-0.000778523460241897,-0.0142539321740404,-0.0117128338296849,-0.0109001091885709,-0.00910457693222319,-0.0143946076083655,-0.0066823026271163,-0.00542567653973466,-0.00400227274114599,-0.0131558573386296,-0.0104809754264837,-0.00749126170261049,0.000799103133623404,0.0198161262004261,0.0199954989726292,0.0197822981409164,0.00830210997108702,0.000991492278047197,-0.000281624012291852,-0.000498831896136931,-0.000948940050295509
"b_dt",0.584161365477556,0.513041148907124,0.377350811087187,-0.102090377098372,1,0.274816202055692,-0.0440179113761744,-0.0188565498013268,-0.0673160206565758,0.0460755741482688,-0.0818695417205862,-0.106241245630811,-0.0346040147625418,0.00236611067326232,-0.119985366230154,0.115706586081203,-0.0926346431412008,-0.000245580437666584,-0.0163066080005414,-0.00846746125343222,-0.00495911215583869,-0.00705727421122697,-0.0109104404333283,-0.00845317657239844,-0.0174111057113141,0.000621459947310086,-0.0249611732116698,-0.000973300171130008,-0.00879311781692282,0.00582282959529385,0.0138423312772715,0.0119866221033164,-0.00854383209302311,0.00452975554797111,0.00907575021528062,0.00960996997019529,0.00370171413606265,0.00955321074117917,0.000357124274164788,0.0132219010559793,-0.0208579855365093,0.0305109396088503,0.00476325446520192,-0.017650935481712,-0.0162013162281787,-0.0155123762636091,-0.0104682950194483,-0.0176861496643854,-0.0167430722474435,-0.0157114247997987,-0.0129648777760541,-0.0146843512024487,-0.018612311059424,-0.018339625584538,-0.0136502529386674,-0.0167375592400681,-0.0169448007722498,-0.0166292414368439,-0.0137371974583992,-0.0152770857482137,-0.00925056460122586,-0.00864757385757486,-0.00736786855824504,-0.0180286496751123,0.00456049862296992,0.00510334010233586,0.00658321789108933,0.0226794333563685,0.0219789889270846,0.019669199016753,0.00776421139670412,-0.0275156056660292,-0.0260443926666178,-0.0244168250790156,0.00149613485740088,-0.0152719162117789,-0.0171550540198977,-0.0169476658823131,-0.0159859118969623
"b_Sem",0.241478713954916,0.153309261984784,0.121815234543194,-0.0282497710832302,0.274816202055692,1,-0.105590752871329,0.00310930843129901,-0.0715123451479073,-0.0207539459506473,-0.0884379073486462,-0.0728808863342427,0.0420297860512004,0.00345220161013673,0.114726990974889,-0.103575005565962,0.0259915508525499,0.000235926745456684,0.0125460899195468,0.00439232502570047,0.0023409231688628,0.00784361604779157,0.00594035987467355,-0.0041726327145256,0.00636381845911871,0.00329729687420892,0.00668225348316424,0.00179172442047329,0.00913019269703269,0.00523772515564182,-0.00118822294412001,0.0105252887946754,-0.000175340616322455,0.00374116404799743,-0.00797720499189449,-0.0017633797393437,0.00253767590335745,-0.00110026745741696,0.00276588852030537,-0.00543280975138433,-0.0170213180117336,0.0295268311374125,-0.000611781439860384,0.0134867155847344,0.00775726488682405,0.00646815824194669,0.00183622007359284,0.010394623615093,0.010519954274985,0.0100546938229417,0.00839817245353027,0.0077635545209317,0.0125757028253071,0.0126095931159478,0.0111371806345742,0.00933673385168369,0.0101008991514974,0.0102783065724535,0.00908067452753497,0.00720534108778343,0.0045789977803591,0.0043561680978919,0.00390262409590907,0.00823901088187957,-0.00282547182559112,-0.00303799395690772,-0.003679695146568,0.0187558787847471,0.0171102800110597,0.0144989622150646,0.00439466145295423,-0.0265289150178017,-0.0265527011420082,-0.0254159924216177,-0.00378228740762965,0.00964199546741016,0.0103109320961874,0.01007601581292,0.00916163930708343
"b_ACC_1",-0.0782346516267909,-0.0214034412631749,0.0133411854151997,-0.121298632320799,-0.0440179113761744,-0.105590752871329,1,0.11535213675127,-0.0310269116334361,-0.0263225454172811,0.0145866807753453,0.00218137814414531,-0.0199523488144556,-0.0933877785693278,-0.0646414582434333,0.082513779524151,0.03263178833892,-0.00758887582430825,-0.0106949386178389,-0.0106140351060271,-0.000734962896639812,-0.00641747616947799,-0.00618377182674613,0.00268471776095875,-0.00706015383318597,-0.00247910682480071,-0.0117794354433842,-0.00163212480443906,-0.00523272042716951,-0.000178679187915947,0.00372250511740084,0.0011796845514637,-0.00258422790368913,0.00226414645731795,0.0053606409953404,0.00411689317870089,-0.000673634808820678,0.00561496828069817,-0.0018315712296057,0.00872003131568647,-0.00051709539671344,0.00228540088069562,0.00285758332993105,-0.0129543255796367,-0.0113405342271524,-0.0106597678372194,-0.00685243241154742,-0.0122254963444781,-0.0121381840764313,-0.0115457903808239,-0.00959066519446738,-0.00962584321374508,-0.0141637756350606,-0.0141043993192316,-0.0115525220772725,-0.0117811070000824,-0.0119540538705266,-0.0116901542055121,-0.00923231506239768,-0.00667268931817119,-0.00293500782832141,-0.00292703153705359,-0.00279181047524047,-0.0081984835814241,0.00676972964269458,0.00676639731363467,0.0069927083676436,0.0010838878368472,0.000723901494722155,0.000401125829409769,0.000348926359732957,-0.00142530736846508,-0.00157046921081704,-0.00180200347831044,-0.000204208024569208,-0.0112717457865166,-0.0119478584724895,-0.0117080658250168,-0.0106181397102647
"b_ACC_2",0.0104891923324447,0.0229256153667295,0.00322793099718798,0.0301437616691172,-0.0188565498013268,0.00310930843129901,0.11535213675127,1,-0.0134346004919615,0.00753790901725933,-0.0413671842431556,-0.0431560471348404,-0.0353624475979248,-0.0152522199442316,-0.0558190632927213,0.0645418533750184,-0.0413732553034847,0.000642507573534199,-0.00477270993802372,0.00181396667075459,-0.00642259237844781,-8.01557940892417e-05,-0.0125517484163128,-0.00635277596038383,-0.00607133579525039,0.00194264110220906,-0.00915006670855112,-0.00566721139698672,-0.00571458025284642,0.00244548445350664,0.00534590325379893,0.00356230773477109,-0.00113542047083356,0.000222175967129513,0.0106095691050891,0.0103971009078226,0.00816630943269574,0.00932813569888558,-2.1625665359417e-05,0.0103700956867718,-0.00589434366889375,0.00649690565250852,0.00873814079430351,-0.0102269282194531,-0.0084407536637208,-0.00778927103026547,-0.00484898078780272,-0.00948153335471663,-0.00923826043116623,-0.00878277315554322,-0.00742836034578714,-0.00901666863894723,-0.00905529535532011,-0.00870736177586646,-0.00561734363646027,-0.00819061863160453,-0.00907128555635026,-0.00923370471704653,-0.00808817987334755,-0.00896016275890215,-0.00613380974059411,-0.0057911063071506,-0.00501729181656313,-0.0106152206012963,0.0043633156496093,0.00495859995137613,0.00581673572497829,0.0063410996372691,0.00621831360061193,0.00552049621248528,0.00207161489329348,-0.00568235970760719,-0.00520682778371775,-0.00474792617645362,0.00157675538655141,-0.00858564411287118,-0.00932169971132736,-0.0091789472752928,-0.00853432189065149
"b_SI_CAMFD",-0.0735366701549432,-0.0245045996484823,-0.0960176211748324,-0.0439941214431252,-0.0673160206565758,-0.0715123451479073,-0.0310269116334361,-0.0134346004919615,1,-0.112501183011214,0.0769339730150711,0.0562438441586534,0.00686002083772197,0.0994454100755137,-0.0542163620098638,0.043063166715372,-0.0894881332912132,0.00368775431378204,0.00163162544554341,-0.00127782436017123,-0.00517709464632446,-0.00813583249926474,-0.0173982325553159,0.00369805800492445,-0.00796876280049887,-0.00388553913138867,-0.0205943916872451,-0.00381675622365378,-0.0102127666906422,0.00228771027026725,0.00630515120098488,-0.00416540806640523,-0.00804675107343945,-0.000324284435855649,0.0121699457974476,0.0119940927189088,0.0114282488947982,0.0130135474929946,0.00188226553995713,0.0110347003135143,0.00138396324672232,0.00022787340030037,0.00891288070478997,-0.0131644860569387,-0.0121226014066421,-0.0115504158897603,-0.00648875570641856,-0.0126189542296136,-0.0129937982006244,-0.012201102480497,-0.00958257055116879,-0.0128452518924615,-0.0119911600114794,-0.0111198630375209,-0.00498979387295293,-0.0120138969619614,-0.0127040408325474,-0.0125181793852931,-0.00984091526999815,-0.0114296442771331,-0.00639489632446282,-0.00540454930204555,-0.00367301181352803,-0.0123889436998405,0.00404927450226978,0.00541180493965228,0.00769017408888265,-0.000777458178114089,-0.000780198223930828,-0.000738202604218721,-0.00112854825342365,0.000356249889498694,-0.000202515836869697,-0.000397511798686359,1.14807069752997e-05,-0.0108297909265448,-0.0129468522677124,-0.0127730834569988,-0.0119387081529425
"b_SI_PANEL",0.0440725626943669,0.0461020577873416,0.0682005626732241,0.018651750882177,0.0460755741482688,-0.0207539459506473,-0.0263225454172811,0.00753790901725933,-0.112501183011214,1,-0.0240329916241049,-0.0319815421882862,0.0567477084154498,-0.0379979217182619,0.00382795441718687,-0.000644473062780263,0.0364147989886636,-0.00381428911809346,-0.00245954260184926,0.000597493665761458,0.001305104359671,0.00148027723531893,-0.00167153849187291,-0.00353938664889233,-0.000522867468551835,-0.00467838621388084,-0.00119045815746871,0.000658846388058885,0.000573758490255112,-0.00354663729882809,-0.00411681499890305,0.00327587297649095,0.00272005430439243,0.00193838991250598,8.1597689335313e-05,0.00148504993545122,0.00335985431611567,0.000824041291079619,-0.00224389143529746,0.000919285458090901,-0.00194355983822843,-0.000238514127541307,0.00254035616912229,-0.00185479266059529,-0.00240818530595819,-0.00267304868199622,-0.00303488693212262,-0.00241356905111766,-0.00201651757661665,-0.00206383249232131,-0.00204515757115935,-0.00355212032293487,-0.000682774304762487,-0.000655248596898123,0.000434589126541937,-0.0015698497562736,-0.00224582636681911,-0.00234642952736067,-0.00231100025481412,-0.0020184291479906,-0.00303068466549918,-0.00301921581992314,-0.00278490424650381,-0.00234072125798541,-0.000145360824473939,3.10443780407274e-05,8.22270432284531e-05,0.00133004609802252,0.00082467795041792,0.00029610041690801,-0.000205196068069616,6.46020794218844e-05,9.38645069201462e-05,9.72709846760903e-05,-0.00068343916533496,-0.002789715176528,-0.00194706908183508,-0.0018628929423481,-0.00159202852339676
"b_SI_ZER",-0.0369862389068795,-0.0259686979712584,-0.0338488942906095,-0.0756543001026802,-0.0818695417205862,-0.0884379073486462,0.0145866807753453,-0.0413671842431556,0.0769339730150711,-0.0240329916241049,1,-0.0568104226820869,-0.0554859191846611,0.0194614216436537,-0.0909228257186544,0.0931485828583711,-0.0287550823340993,0.02906413416754,0.00858007620742201,-0.00750083542037194,-0.00253174184086722,0.00596699451811159,-0.0161466238090031,0.00141123350203409,-0.00735121066299773,-0.00209506235460251,-0.00902696513887856,0.00662252748408852,-0.00743321267151274,0.00242684113725148,0.00823279893767334,-0.00969425285721418,-0.0055160036951534,0.00113202878507453,0.0131532572967346,0.013199004857187,0.0103200573269632,0.011830618197485,0.00123166847781217,0.00783479927132902,0.00958039068831824,-0.0137962582709238,0.0103329576122487,0.00218086713090068,0.00400873748428029,0.00429516795556367,0.00534919371303592,0.00316617430661907,0.00318678592470096,0.00338540890108865,0.00355776686237417,0.00326139158568253,0.00296750586019307,0.00307565172075953,0.00357675434478809,0.00282573353290243,0.00332568177679526,0.00319382685556327,0.00264746949963318,-0.00591778507191028,-0.00234672010858935,-0.00239913158872354,-0.00211240582775282,-0.00679312379886889,0.00433450926803577,0.00438972855645406,0.00494296283412248,-0.0077599426698997,-0.00669973345820487,-0.00516210759491412,-4.15893254918668e-05,0.0142325871573423,0.0143793558410686,0.0139257649580256,0.00414665570557064,0.00412342365112704,0.00284504385075312,0.00273844383495749,0.00220541295108359
"b_Si_MTRP",-0.0208207957225776,-0.00236206863168965,0.0426035553174525,-0.0686417442037543,-0.106241245630811,-0.0728808863342427,0.00218137814414531,-0.0431560471348404,0.0562438441586534,-0.0319815421882862,-0.0568104226820869,1,-0.0433149109148162,-0.0386165190411258,0.0432661946406198,-0.0414892864551224,0.0427002009407595,-0.00645717718443271,0.00168715775259915,-0.0100628774352302,-0.00943130155552121,-0.006336895886604,0.0119539512079564,0.00502783460601455,0.00337711960697567,-0.000761205775950658,0.00624458019194866,0.00580291541638661,0.00309358923460801,-0.00387406168363704,-0.0100793740098038,-0.000553816289908642,0.00609413805018784,0.00361764068487483,-0.0101961864568382,-0.0114008266123462,-0.0101672896356406,-0.00980294142242312,-0.00187724063869856,-0.0123684999997089,0.00235828846395777,-0.00148456903725505,-0.00840889931549972,-0.00158630683445345,-0.00272827605513395,-0.00270227603204932,-0.00321928899293752,-0.00194928061147703,-0.00239680013146471,-0.00249549324983546,-0.00264493910767848,-0.0011251638260269,-0.00283923065638413,-0.00289198241567921,-0.00414762493106688,-0.00175632489464338,-0.00238313825424639,-0.00227438930672858,-0.0016524866492579,0.00671065357111119,0.00446731347507144,0.00418534068753463,0.00355770055245658,0.00766389317117635,-0.00634394370804752,-0.00729609978384967,-0.00787332264560809,-0.00244137956519213,-0.00217259145381868,-0.00127894856084489,0.000482726472465778,0.00161974619491497,0.00159577850691089,0.00135332069792185,-0.000176174012243641,-0.00302078839295449,-0.00176781530893381,-0.00158148878154265,-0.00103326948759156
"b_No_Info",-0.00983056430085911,-0.0206627388702756,-0.323721021777967,0.0198466150734699,-0.0346040147625418,0.0420297860512004,-0.0199523488144556,-0.0353624475979248,0.00686002083772197,0.0567477084154498,-0.0554859191846611,-0.0433149109148162,1,0.00194530092977881,0.345573418026858,-0.333598782794028,0.0786192332003548,-0.0542267657111731,0.0159550047464584,0.0568673750007232,-0.0324599074700389,-0.205517288669616,0.0542482695292662,0.0439027314134715,0.0381809253851726,-0.0215332726780503,0.010141424882115,-0.0729117134996125,-0.0166884686587343,-0.0109107239046509,-0.0149454893159312,-0.00423127923322248,0.0117135844264129,-0.00792768131355316,-0.0783479252868357,-0.0733155821894239,-0.0299943400752358,-0.0585566437289238,-0.0165234239278876,-0.0353170034504465,0.023971620048418,-0.0320551023677946,-0.0623376438779967,-0.0624449823453361,-0.0879041507311142,-0.0885394321798528,-0.0774819871478017,-0.0741820981862334,-0.07963742747943,-0.077981765929949,-0.0692781827583348,-0.0849436627737526,-0.0635480871474171,-0.0569556799614595,-0.0310336478516987,-0.06553082253464,-0.0779761465575247,-0.0780230784348551,-0.0627335274473047,-0.0136567301882052,-0.0189341245367041,-0.0167557905561171,-0.0142872094163609,-0.0108771529949958,-0.0379842975403363,-0.0364490279003278,-0.0331200163490772,-0.0289325562425067,-0.0283361261981751,-0.0251777540026461,-0.0100159113969457,0.0263505110255589,0.0248486674444014,0.0232813167741653,-0.00436126531103568,-0.0733460751380605,-0.0758485527508042,-0.0742250457070425,-0.0666632248666615
"b_UsoCel_F",0.0506363522898001,0.0275932339739793,-0.556666080659276,0.14724692773141,0.00236611067326232,0.00345220161013673,-0.0933877785693278,-0.0152522199442316,0.0994454100755137,-0.0379979217182619,0.0194614216436537,-0.0386165190411258,0.00194530092977881,1,0.0475555571250936,-0.120532521458029,-0.211194750824069,-0.00725610160440255,0.0289159991508114,0.0119363961689176,0.0182973840337322,0.00905766359876497,-0.0170933675898724,-0.00943458061357823,0.0092299890832603,0.0193400534477742,-0.000546679788641771,0.00769566100073533,0.0262009253372209,0.0035388663482364,0.00345318130827592,0.0172508385180111,-0.0053897948685139,0.00269795919388131,0.0177043109860488,0.0135130115800546,0.0238448339180787,0.0150400215436418,0.01895862927288,0.00391871028800492,-0.036956313191395,0.0409380999300772,0.0130995037335362,0.0147126685866804,0.0155036313730875,0.0150232960279455,0.0158200614206284,0.017709967096435,0.0131765270277222,0.0121028437902647,0.0108651967314462,0.0108363049827899,0.0185538484866701,0.0191053653643265,0.0231600397314184,0.0145312959916052,0.0153143951439801,0.0148901613607072,0.0121346748779313,0.0123293393057367,0.0160441917107813,0.0160886441720401,0.0161044510480137,0.0152823446896939,0.00556256794309284,0.00607134944853178,0.00624041802469284,0.0313890335324344,0.0274455243009749,0.0212613158622458,8.29339981330833e-05,-0.0424930854904498,-0.0406566421933661,-0.0377911413504047,-0.00740202317396155,0.0172324377386325,0.0137699860211655,0.013170401296927,0.0112249043950634
"lambda1",-0.0395983287448699,-0.0585099625645954,0.147727115466487,0.0163714976927722,-0.119985366230154,0.114726990974889,-0.0646414582434333,-0.0558190632927213,-0.0542163620098638,0.00382795441718687,-0.0909228257186544,0.0432661946406198,0.345573418026858,0.0475555571250936,1,-0.953567462297739,0.249618943071712,-0.00399310515503621,0.17113603760956,0.204897151351394,0.00950956734116286,0.0714139502803307,0.0278941670053288,0.012463083642586,0.121250465747232,0.000108403765960129,0.162005037706209,-0.0459031408255687,0.0886060313279073,-0.0266956898839749,-0.0603427663037278,0.0106460284576108,0.0322801470705231,-0.00129165440532823,-0.0314573231973687,-0.0184162080471309,0.0374075758940161,-0.016641693529054,0.0222471443760683,-0.0885133268096204,0.0633368746952071,-0.068096152386634,0.00550409639164629,0.136772487486712,0.116606407089767,0.108442806222662,0.0698815377953567,0.131777223580299,0.123902370477034,0.116209881583854,0.0952196795595636,0.0979917392450255,0.148796798230423,0.148576665582878,0.127726202403878,0.123549903958004,0.125278862970224,0.123261280681278,0.102259740127219,0.0780354393553256,0.0459279208206557,0.044182248904509,0.0389604880021839,0.0958844862033116,-0.0575397292330381,-0.0614163643715127,-0.069371737202636,-0.0650292680813319,-0.0606507514843439,-0.0515639648420875,-0.0157350428294886,0.0590216837260337,0.0563825721348854,0.0546695805401678,-0.00572650897527842,0.119402496869797,0.125039392527133,0.122448543626023,0.112323702203461
"lambda2",0.0392647506074327,0.0581089162162073,-0.11891625614369,-0.0174966480995971,0.115706586081203,-0.103575005565962,0.082513779524151,0.0645418533750184,0.043063166715372,-0.000644473062780263,0.0931485828583711,-0.0414892864551224,-0.333598782794028,-0.120532521458029,-0.953567462297739,1,-0.272828640112798,0.0415539349725242,-0.106092439402176,-0.13865274107748,-0.0400380634721855,-0.0266481676111936,-0.229515713650176,-0.0120062857473285,-0.123886626015567,-0.0396829545702036,-0.202871238790186,0.0547960210868678,-0.0961025957777147,0.0258778529162758,0.060344947219351,-0.0174816132094527,-0.0328816221427026,0.00414323063644358,0.176754712002871,0.172648938612625,0.108997281938042,0.174628750298683,-0.00632512084430758,0.137287541739207,-0.0500024053846852,0.032070247233831,0.147169604404182,-0.161366155659865,-0.132106519160833,-0.122322338383172,-0.0720997467049305,-0.150009791347432,-0.146884209927755,-0.139016096625317,-0.114586088256155,-0.126766298163207,-0.158644296179569,-0.155877599087901,-0.113097964600698,-0.141161372861054,-0.14472273052711,-0.142754599271157,-0.117647313683844,-0.108749773400536,-0.0563071599651334,-0.0523863292023803,-0.0429973279155797,-0.129254199387733,0.0844712998953901,0.0928652899877178,0.105956772116242,0.0501015625991407,0.0452868567355683,0.0374956694340089,0.00914709381320676,-0.0250529970768441,-0.0224699861343026,-0.0220198352858147,0.0109956358749976,-0.1357230791672,-0.147048921075196,-0.144432727584782,-0.133116208500478
"lambda3",-0.0799975505718251,-0.0706606386616063,0.276901212668498,-0.120103331097395,-0.0926346431412008,0.0259915508525499,0.03263178833892,-0.0413732553034847,-0.0894881332912132,0.0364147989886636,-0.0287550823340993,0.0427002009407595,0.0786192332003548,-0.211194750824069,0.249618943071712,-0.272828640112798,1,0.0511053601468901,0.0316581326776769,0.0448186307883645,-0.0331572990757518,-0.0140665454327897,0.0021479815682953,0.0198807867654288,0.0241128941316609,-0.0797651617319792,0.0274711246689296,-0.0186009747458238,-0.0106341189438791,-0.0175094593457371,-0.0662284476422078,-0.0414115989462298,0.0377628135365694,-0.00077151296313856,-0.0180945997566392,-0.0133001233567246,-0.0138275849091584,-0.0109499307119612,-0.0315545492145724,-0.0302823429316,0.117589238987731,-0.157983541482526,-0.00470326054972821,0.00941814273045345,0.00380988035052451,0.00361683337771293,-0.00137290321940659,0.00531339526900316,0.0065168232783812,0.0072932008896345,0.00670833618403247,0.00747950810257278,0.00640534714933047,0.00701549027985334,-0.000400678107844223,0.00631121987470622,0.00517823796846202,0.005428736864061,0.00692688183519049,-0.00929699743491604,-0.0236329316890754,-0.0237679290128311,-0.0229207721487225,-0.00684757495012159,-0.0303697233945852,-0.0289293972409813,-0.0267922437541014,-0.101603749470799,-0.0951812557796097,-0.0793935328822871,-0.013735845012046,0.162010400071745,0.156159283139773,0.147567505699673,0.0187699743127315,0.00246440949627011,0.00721800596427598,0.00793944131319038,0.00945329403161328
"gamma_EDUBASICA_LV1",0.00105834330447795,-0.000205376581692968,-0.18670285547796,0.00219637177944975,-0.000245580437666584,0.000235926745456684,-0.00758887582430825,0.000642507573534199,0.00368775431378204,-0.00381428911809346,0.02906413416754,-0.00645717718443271,-0.0542267657111731,-0.00725610160440255,-0.00399310515503621,0.0415539349725242,0.0511053601468901,1,0.688256825695163,0.0434900225902293,0.148370732662351,0.239573576525713,-0.17076128576288,-0.0539255305112201,-0.0277930033069523,-0.10972452229958,-0.0257737800439502,0.106776900806415,-0.0438216937285211,0.0210156992945405,0.0207001178896863,0.019242626698832,-0.0197604498048335,-0.0257683471863708,0.165520805113113,0.163631610609475,0.105073547557474,0.134716012512789,0.0243253935322671,0.0394009549837035,0.0733208072237023,-0.06715974810453,0.150097292522539,0.447905680202843,0.47119191183788,0.460706831265827,0.396475011371588,0.474251554003234,0.461820286721,0.449281007811393,0.40433980659492,0.465936074597702,0.432661076146324,0.417964084576214,0.325326824599471,0.430481017472686,0.471681868391722,0.468432132271161,0.394515999078775,-0.0141471356350664,-0.00499541483673889,-0.00630538707717473,-0.00747386162314149,-0.0172906547747725,0.0143801809780653,0.0178088906287672,0.0165358206927677,-0.0428284929556921,-0.0379496467847608,-0.0276949159491463,0.00909322560279282,0.0825673360717537,0.0827630824178098,0.0793696704589515,0.0211692399845901,0.46107748040748,0.458584461404174,0.449577598158458,0.406549000673515
"gamma_EDUSUP_LV1",-0.006576304362727,-0.00828689098082123,-0.153184848841373,-0.00212410044385682,-0.0163066080005414,0.0125460899195468,-0.0106949386178389,-0.00477270993802372,0.00163162544554341,-0.00245954260184926,0.00858007620742201,0.00168715775259915,0.0159550047464584,0.0289159991508114,0.17113603760956,-0.106092439402176,0.0316581326776769,0.688256825695163,1,0.1239502469377,0.0676811769787665,0.270636722731554,-0.250396076420003,-0.0146797157403495,0.108455772787101,0.00438034507608941,0.0881148265814869,0.133816133839968,0.0950084186777127,0.0108102040372644,-0.0105213859476401,0.0147032034229815,0.00640297767310082,0.00395628072617026,0.206119855693923,0.224501092606249,0.248927299023776,0.212309259630669,0.0688723932648344,0.02617269722911,0.0695569783070406,-0.0564556473035636,0.228199784144009,0.446839327178309,0.446550118754446,0.427648882431961,0.361970177496294,0.466680596736523,0.440669949096266,0.42339507239103,0.379290104461243,0.408882061425515,0.458893785965521,0.451320284153606,0.403989285927144,0.426333392574442,0.45533221029742,0.450925389931145,0.381111477033047,0.104114049599564,0.102533582012586,0.0978372697282595,0.089311774878435,0.11183806872852,0.0648331535664248,0.0613167424279587,0.0530843443361198,-0.0446422264557719,-0.0391441173773292,-0.0291430434272944,0.00612069914398727,0.0664653727013937,0.0673307334683721,0.0654907883880507,0.014918368290297,0.451006926158869,0.442368293868144,0.43357437934855,0.393030703483058
"gamma_HPICO_LV1",0.00490057388163432,-0.002558643040212,-0.0670115597113033,0.0298402134800722,-0.00846746125343222,0.00439232502570047,-0.0106140351060271,0.00181396667075459,-0.00127782436017123,0.000597493665761458,-0.00750083542037194,-0.0100628774352302,0.0568673750007232,0.0119363961689176,0.204897151351394,-0.13865274107748,0.0448186307883645,0.0434900225902293,0.1239502469377,1,-0.0509949724694143,0.136701692209691,-0.298353515221744,0.013239830549517,0.0633391934752502,-0.032440936840217,0.0350109479409899,-0.390606753337191,0.0800789426906372,-0.00299333280420916,-0.0287473538682478,0.0092396359942719,-0.00435885044221346,0.0118738056465725,0.229714882264155,0.238366273501919,0.257782153852838,0.236828582612108,0.0959988820297365,0.0329432160471921,0.0333692067537933,-0.0743453493268492,0.235624062203053,0.0969004547460935,0.109942141343586,0.109147711668455,0.100365320391128,0.114063186698302,0.0982186587503162,0.0938407438586461,0.0792025223600568,0.07326579283999,0.130481530125442,0.134848258327131,0.141318331061987,0.105529195432225,0.106005707636204,0.101930813335907,0.084582810259066,-0.146233689097418,-0.0978353083379547,-0.0799114699141324,-0.0566511694842025,-0.139866310105986,-0.111273852515627,-0.0973537663437065,-0.0740672917526616,-0.040107832793022,-0.0378316880890476,-0.0329038688418085,-0.0123234999552092,0.0641741430778993,0.0654918499727512,0.0643859294564907,0.00845672980470924,0.114095079946363,0.0975634432515348,0.093780667311053,0.0817440061419224
"gamma_CSECO_LV1",0.00239820747102341,-0.00278859575887292,-0.160445637655542,0.0116127979556542,-0.00495911215583869,0.0023409231688628,-0.000734962896639812,-0.00642259237844781,-0.00517709464632446,0.001305104359671,-0.00253174184086722,-0.00943130155552121,-0.0324599074700389,0.0182973840337322,0.00950956734116286,-0.0400380634721855,-0.0331572990757518,0.148370732662351,0.0676811769787665,-0.0509949724694143,1,0.144201489581348,0.158863852277244,0.0721021939967466,0.0307048766910105,0.00608810160710086,0.0506420986294149,0.106686992759706,0.123420568528811,0.0111915679718805,-0.0170318436413406,0.0383498774422631,-0.024533281735192,0.0534781775073519,-0.0899072337400375,-0.102082162689755,-0.103375500995612,-0.0984200031863329,0.0508678667729755,-0.0864283452515466,-0.0200353777411832,0.0972893353789254,-0.0924858219747651,0.456856439112743,0.458261414404236,0.436426488812382,0.346406740777129,0.471665509514133,0.459222412326898,0.440080290125681,0.387112468164496,0.457328991745626,0.428926290793525,0.407021602577727,0.300855300941893,0.409935455391989,0.466720573127363,0.468140818691881,0.393896143609192,0.0919851418771391,0.0949496344939925,0.0974461014254559,0.0923070435975728,0.107997278569062,-0.0221587133088969,-0.0265187708277406,-0.039335058631039,0.0421589493012498,0.0417207567092825,0.0378612593698282,0.0193785771244679,-0.0826522085020508,-0.0799437025471228,-0.0750245122447439,-0.00888715851821399,0.450089327202992,0.458302344444254,0.448449410558926,0.406210732927114
"gamma_SININFOTRF_LV1",-0.00280553042669712,-0.00437359387056245,-0.091610086478959,7.19064901603315e-05,-0.00705727421122697,0.00784361604779157,-0.00641747616947799,-8.01557940892417e-05,-0.00813583249926474,0.00148027723531893,0.00596699451811159,-0.006336895886604,-0.205517288669616,0.00905766359876497,0.0714139502803307,-0.0266481676111936,-0.0140665454327897,0.239573576525713,0.270636722731554,0.136701692209691,0.144201489581348,1,-0.170357614361646,-0.170071820472509,0.0505918695547102,0.111983180985226,0.233275560903092,0.219614912185625,0.208539572494562,0.000426459407463814,-0.021217993019191,-0.00685414846187995,0.00171598093687278,0.0571672933044818,0.269312174253477,0.270254244083835,0.199998226895882,0.201240474657596,0.105379101799359,0.0217184494358472,0.0294082303805613,-0.00188108551323855,0.260136828227382,0.508314346655429,0.58140805064022,0.56934903530792,0.452914657725295,0.549428756399439,0.559581589330931,0.539180411942506,0.464401591303571,0.527893774604204,0.541896653431883,0.515516087638248,0.371508314285691,0.503810992192339,0.555497785860523,0.549963512039514,0.44436782842753,0.181004923887783,0.150538120982486,0.138870404544725,0.119881873825631,0.195128144620846,0.0783803344315346,0.0666647584900097,0.03938503244258,-0.0104606575780953,-0.00577363784168858,-0.00112679822004509,0.010267479113756,0.00993686470619431,0.0112025146001177,0.0126944387448702,0.00657931068223248,0.526610974135739,0.544716588817605,0.533004682420853,0.481743344410377
"gamma_LV2_LV1",-0.00642652056480714,-0.00764895702595954,0.0535146021295404,-0.00460322149455527,-0.0109104404333283,0.00594035987467355,-0.00618377182674613,-0.0125517484163128,-0.0173982325553159,-0.00167153849187291,-0.0161466238090031,0.0119539512079564,0.0542482695292662,-0.0170933675898724,0.0278941670053288,-0.229515713650176,0.0021479815682953,-0.17076128576288,-0.250396076420003,-0.298353515221744,0.158863852277244,-0.170357614361646,1,-0.00340838149452635,0.0358777701019628,0.186204526298678,0.248233848598828,-0.0374334701535792,0.0354099956518072,-0.00708515433989835,0.0104333192304077,0.0360265030772975,-0.00534470261564096,-0.00372247374088683,-0.721653286245823,-0.755552420375485,-0.702471369181508,-0.773739108776294,-0.0884585174343819,-0.261937608246914,-0.0223434578622393,0.139878894920596,-0.736352576123733,0.165714848740716,0.114795606270144,0.103972577674807,0.0295053067525486,0.131548807051181,0.155286045994619,0.151818333905117,0.126144984313896,0.172216344643351,0.0993703669076669,0.0864313540730377,-0.0310716825382853,0.127533262001284,0.137001951109809,0.136915768078053,0.110052197773222,0.161502345151265,0.0580655857392867,0.0456297517046993,0.0211593635340536,0.1751020128797,-0.140027613380639,-0.165875682153362,-0.19748188026617,0.0394764983064526,0.0472780291012936,0.0479952381239837,0.0317262822228153,-0.12874624687449,-0.128487207544326,-0.122402095403662,-0.0150648808940289,0.116597365364705,0.15077802912572,0.149899942669133,0.140876324017369
"gamma_ADULTO40_LV2",-0.00659477120756914,-0.00480980501670829,0.013348059032837,-0.00619625554630013,-0.00845317657239844,-0.0041726327145256,0.00268471776095875,-0.00635277596038383,0.00369805800492445,-0.00353938664889233,0.00141123350203409,0.00502783460601455,0.0439027314134715,-0.00943458061357823,0.012463083642586,-0.0120062857473285,0.0198807867654288,-0.0539255305112201,-0.0146797157403495,0.013239830549517,0.0721021939967466,-0.170071820472509,-0.00340838149452635,1,-0.0814711783838255,-0.0381400668450928,0.0677620936154382,0.130221982713342,-0.10489162923033,0.00623356435476046,-0.0128143147994251,0.0947505244205539,-0.0040788766164415,-0.043451220874973,-0.0183534779362081,-0.0243628074930736,-0.0504751933745268,0.00190138406524066,-0.0103629248122142,-0.0789922737153901,-0.0173264888072322,-0.0723098728193861,-0.00711906402141535,0.0941621815129109,0.0836649258775827,0.0786715229554633,0.0924396224411474,0.0969508596445623,0.0863359346763276,0.085529294385233,0.0887722509722123,0.108955570593158,0.0597433646875825,0.0548608031522137,0.0520885675210881,0.0774878011449729,0.0891879551468357,0.0910296047504122,0.0927876950796318,0.226793672338605,0.189427051646595,0.182031604284035,0.162405296601778,0.235402108758288,0.0826686926312311,0.0694159280123393,0.0580651312249654,-0.00455639742370559,0.000261452831410692,0.00486750230530264,0.00740734324623372,0.0547320673562156,0.0614041609135244,0.062184588247654,0.0371587827223114,0.0890574517674664,0.0901565822957783,0.089886175598192,0.0888283532518334
"gamma_EXP_3_LV2",-0.00975254647476928,-0.0109967104181659,0.00846744198409119,-0.00190016670853576,-0.0174111057113141,0.00636381845911871,-0.00706015383318597,-0.00607133579525039,-0.00796876280049887,-0.000522867468551835,-0.00735121066299773,0.00337711960697567,0.0381809253851726,0.0092299890832603,0.121250465747232,-0.123886626015567,0.0241128941316609,-0.0277930033069523,0.108455772787101,0.0633391934752502,0.0307048766910105,0.0505918695547102,0.0358777701019628,-0.0814711783838255,1,0.365279868754118,0.466462698770665,0.123007423211938,0.190312653578072,-0.00668498644981808,-0.0706540733381979,-0.0497011870060721,0.0311287712934532,0.0407597523673724,0.0296368394098638,-0.00531650403125432,0.0788956021997344,-0.0316116233640815,0.017016294598133,-0.0772415070640818,0.0966726056965267,-0.040686692716018,-0.0161188620664178,0.272656385634643,0.31436296013316,0.306001036559466,0.265777430670079,0.302352972037413,0.29861081445609,0.290552839051362,0.258464980113497,0.240252026052272,0.333557369660641,0.332071402481538,0.289917091823063,0.286745179715022,0.303037593066877,0.300014643422108,0.244955257366109,0.427726067707259,0.324249688904798,0.293661042089436,0.247306442327848,0.448562403444407,0.167510258121124,0.130290259182588,0.0872727749321616,-0.0678018659934864,-0.0554810002473216,-0.0422381566301712,0.00273979184868517,0.0511562923243513,0.0454450096558504,0.043919091764811,0.00514528013329927,0.298037356350942,0.292546535341018,0.284552203440267,0.252057556603295
