"","asc_ruta1","asc_ruta2","asc_ruta4","b_tt","b_dt","b_Sem","b_ACC_1","b_ACC_2","b_SI_CAMFD","b_SI_PANEL","b_SI_ZER","b_Si_MTRP","b_No_Info","b_UsoCel_F","lambda1","lambda2","lambda3","gamma_EDUBASICA_LV1","gamma_EDUSUP_LV1","gamma_HPICO_LV1","gamma_CSECO_LV1","gamma_SININFOTRF_LV1","gamma_LV2_LV1","gamma_ADULTO40_LV2","gamma_EXP_3_LV2","gamma_EXP_4_LV2","gamma_EXP_5_LV2","gamma_HPICO_LV2","gamma_USODISPMOB_LV2","gamma_EDUBASICA_LV3","gamma_JOVEN30_LV3","gamma_ADULTO40_LV3","gamma_EXP_2_LV3","gamma_USODISPMOB_LV3","zeta_FRbr","zeta_EnfCond","zeta_AFrSem","zeta_CulFr","zeta_OmLmVel","zeta_IgPare","zeta_PasoPeaton","zeta_UsoDirec","zeta_UsoPito","tau_FRbr_1","tau_FRbr_2","tau_FRbr_3","tau_FRbr_4","tau_EnfCond_1","tau_EnfCond_2","tau_EnfCond_3","tau_EnfCond_4","tau_AFrSem_1","tau_AFrSem_2","tau_AFrSem_3","tau_AFrSem_4","tau_CulFr_1","tau_CulFr_2","tau_CulFr_3","tau_CulFr_4","tau_OmLmVel_1","tau_OmLmVel_2","tau_OmLmVel_3","tau_OmLmVel_4","tau_IgPare_1","tau_IgPare_2","tau_IgPare_3","tau_IgPare_4","tau_PasoPeaton_1","tau_PasoPeaton_2","tau_PasoPeaton_3","tau_PasoPeaton_4","tau_UsoDirec_1","tau_UsoDirec_2","tau_UsoDirec_3","tau_UsoDirec_4","tau_UsoPito_1","tau_UsoPito_2","tau_UsoPito_3","tau_UsoPito_4"
"asc_ruta1",1,0.844606979926593,0.454240867460611,0.259025031763956,0.560368570204029,0.258166815691881,-0.0498197281441244,0.000185243670615635,-0.0823247772143794,0.0246234763124555,-0.0235485137965821,-0.0284302969446412,-0.00238434756052626,0.0571748091651142,-0.0607690645232529,0.0571598972641017,-0.117987844491292,0.0081118274546807,0.00355145748521365,-0.0033261529101849,0.00261877706207011,-0.0074008755734351,0.00571044579259987,-0.0164401437179765,-0.0140845248995828,-0.00539864037608039,0.00100162679958851,-0.0153903101615883,-0.0112273996176001,0.0121896468989721,0.0193171223568983,0.0148197968220358,-0.0197213195288426,0.00206667706127961,-0.000762143556833217,-0.0014129807938069,-0.00478593622892867,-0.00208788006792515,-0.00186605146555569,0.0101742276627442,0.0271161628365427,-0.0066515559466568,-0.000955826297308087,-0.00559182402975851,-0.00500641117015913,-0.00488885033309515,-0.0046521215734083,-0.00517640776597808,-0.00534129472870896,-0.00532757722964925,-0.00545795227014615,-0.00295016833913723,-0.00620464735467547,-0.00713929445534082,-0.00725473057178828,-0.00473816428320789,-0.00523961772499481,-0.00528298349871769,-0.00482737580038493,-0.0123027044625205,-0.0103670482404908,-0.0102681456324331,-0.00994106395777488,-0.0147853481369697,0.00829527461285931,0.00814136781650397,0.00790707849210572,-0.0159892797883865,-0.0110243188983727,-0.0045826936877564,0.011394757341036,0.012966915864088,0.0144732328337511,0.0148014564736006,0.0112318140904776,-0.00561407732529954,-0.00511442374830155,-0.00503715386678497,-0.00479740934010935
"asc_ruta2",0.844606979926593,1,0.451974245097781,0.126314181226591,0.502200894390936,0.161483989242847,0.00784733481277455,6.73756007749094e-05,-0.0419819723900504,0.0371132107280224,-0.00885047848300877,0.0130994084737075,-0.0179486445975645,0.0295056228191665,-0.0749461837353895,0.0759217732634307,-0.106221004393206,0.00542647831492684,0.00372678462624831,-0.00610505892399765,-0.00261670310424346,-0.00768809931536559,0.0017335843193102,-0.0136222745410008,-0.0118977091154216,-0.00474697246558328,-0.00129347143120025,-0.01289325990431,-0.0103163238736494,0.00969281224283858,0.0151681624202453,0.01193506109019,-0.0184522650359258,0.0007026473888382,0.000890193998092806,0.00124654962295333,-0.00220371637044214,-0.000181385975824863,-0.000897262064178111,0.00799713870481443,0.0222376231528876,-0.00436178773383819,0.00155421810987567,-0.00916324637885596,-0.00927698137084374,-0.00896051881581183,-0.00751291300628833,-0.00933244036458818,-0.00934216042435822,-0.00903177572777305,-0.00819332963011093,-0.00698704292516408,-0.0100436345202432,-0.0106648163660424,-0.00935518044984387,-0.00772056410565759,-0.00914098748638269,-0.00928630044054773,-0.00803653514867715,-0.0119667788133668,-0.00849346073428211,-0.0082432151284588,-0.00786684484123205,-0.0138385959715761,0.00645383846273107,0.00628100472543434,0.0059924380412959,-0.0138158887497869,-0.0102682152236342,-0.00524102757579692,0.00784843279931699,0.00909529139623167,0.0102768319868718,0.0104636674863811,0.00731887677240598,-0.00943750288668324,-0.00912233215695255,-0.00886097722668513,-0.00795167118826246
"asc_ruta4",0.454240867460611,0.451974245097781,1,-0.10613082851258,0.319200967613765,0.105070396136074,0.040209985155892,4.20841207940501e-05,-0.111947207204512,0.0811087113399701,-0.0319985961647292,0.0388778787015188,-0.275379885608438,-0.565163097244738,0.287471626776186,-0.218819051340269,0.304912013214385,-0.180254409107672,-0.15313039266265,-0.0512849002382887,-0.0948451948224136,-0.0364586148460919,0.0374889104907488,-0.00234529915955177,0.0242856714723348,0.00248368114034232,0.00421732417533354,0.0248757238462262,0.0311474611949559,-0.0911948630677865,-0.0278099801360931,-0.040426573382575,-0.00665384398876534,0.00265369080748556,-0.024566383645879,-0.0143282990668395,-0.0114378198770477,-0.013751532727549,-0.00564834152194272,-0.00833512188621975,0.00483094386751698,-0.0310289793702735,-0.0197738520440089,-0.118953890902462,-0.134879370345183,-0.129856922131491,-0.10033045036273,-0.127526636099877,-0.132384249915584,-0.125816953732453,-0.105457683417249,-0.122963156328573,-0.128222589394868,-0.120451162803352,-0.0878899827337094,-0.110138919194994,-0.128600198200168,-0.128980701925625,-0.101792472639948,0.0250343506626927,0.010276374625347,0.00858377105260457,0.00739556167970851,0.022919975301924,-0.00497370621225812,-0.00585411131116265,-0.00570589515785032,-0.0597061012436617,-0.0761180567005189,-0.0852861436731289,-0.0799910999131487,-0.016436760205036,-0.0298926290539389,-0.0386674259135044,-0.083604535995082,-0.119724165865723,-0.129848088358334,-0.126603576403979,-0.109802848737519
"b_tt",0.259025031763956,0.126314181226591,-0.10613082851258,1,-0.0917393938240076,-0.00557771835424828,-0.0883990019944542,0.000320890330847143,-0.0479010430281467,-0.00505845954626239,-0.0526828834121055,-0.089542448261806,0.015086991204884,0.153968988816765,-0.00294388881811911,-0.0156806259919352,-0.115601406739922,0.00634108242873698,0.00200560573410094,0.0111358894670004,0.00798261113207754,0.000439709430004425,0.0130799070520652,-0.0324877560717832,-0.0266132597640289,-0.0138318793910849,0.00168978694259643,-0.0314949243011759,-0.0200076966545809,0.0148890522854967,0.0197799115151852,0.0163861735687549,-0.0172248390977471,0.00362533473248549,-0.000123409603489139,-0.00361929271815332,-0.00752246544440769,-0.00272185396918438,-0.00361940233324043,0.0208742501501663,0.0499630520767543,-0.0330202178017237,-0.00340048651932295,-0.00623121601677705,-0.00467025139656805,-0.00412963056509061,-0.00327856878178917,-0.00398040423648286,-0.00564672826203478,-0.00589523496926093,-0.00599129130994852,-0.0015674117384276,-0.00681880910063208,-0.00757352898223564,-0.00814381757415445,-0.00526461854640626,-0.00497972679298531,-0.00483618961421012,-0.00417980488814453,-0.0214417773158367,-0.0220090918035619,-0.0215418599111134,-0.0204642961376701,-0.0258333827395824,0.0164127475456015,0.0168651316923931,0.0164990338076798,-0.0353893863568606,-0.0270401738758672,-0.0155335540412387,0.0166726346582166,0.03711071070307,0.0383707720796386,0.037843485713706,0.0204819707817015,-0.00456581283597809,-0.00496041225253238,-0.00521770457562972,-0.00526178079683867
"b_dt",0.560368570204029,0.502200894390936,0.319200967613765,-0.0917393938240076,1,0.264143421082719,-0.0242697763539097,5.289452004221e-05,-0.0807506783201154,0.0273063558604149,-0.0842519276778456,-0.116232602041291,-0.0473596717497421,0.00309243646273813,-0.169746806608194,0.168141781835044,-0.16358141363216,0.0112589933320574,0.00793500100106994,-0.00516695902620757,-0.0129788250094967,-0.0175278925353529,0.0003279826298019,-0.00857795634143629,-0.00711121330092612,0.00228574664462004,0.00105610420268664,-0.00950789712485381,-0.00820833869109935,0.0140610858167539,0.0226372177854522,0.0182539280796261,-0.0228913882769306,-0.0012141388244281,-0.000305815073532512,0.00175099159692252,-0.0039045844595992,-0.0028989718310675,-4.07045302704958e-05,-0.000497294483640576,0.020507562478994,0.00905111437988721,0.00183251718975356,-0.00970681827611757,-0.0094684309061288,-0.00933944946527095,-0.0087880551721572,-0.0108600126716498,-0.00927007692965443,-0.00883863047057434,-0.0083118840188374,-0.00717169061871608,-0.0103635070318244,-0.0117705792682013,-0.0110819185408744,-0.00680226586799527,-0.00934000265277887,-0.00986180243247075,-0.00939916356019101,-0.00866271745420809,-0.00268103569035265,-0.00255664558454545,-0.00278244235807747,-0.00910437408353336,-0.000773669635214353,-0.00137628851593148,-0.00211477737585206,-0.00906348321283198,-0.00529693891021355,-0.000451792895597185,0.00993412523567088,-0.000131973559067698,0.00195884332662436,0.00297620630424498,0.00697340352010814,-0.0107506848061245,-0.00942175629084792,-0.00896951121731153,-0.00799090093263725
"b_Sem",0.258166815691881,0.161483989242847,0.105070396136074,-0.00557771835424828,0.264143421082719,1,-0.0562689809776349,8.61415510857372e-05,-0.0341770268247874,-0.0333108162194381,-0.0505556834104648,-0.106524920942762,0.0543264270983939,0.0178582553634609,0.0888910150732148,-0.0886483132216017,-0.00152290472249342,0.00801201178257702,0.00391024725907507,-0.00858913360338873,0.0145135264456772,0.00486776740569561,0.00425710754754884,-0.00281251545730641,-0.00562880425250527,0.0016664218767975,0.00233330160899045,0.00134671530630107,0.00393605040583345,0.000429698943772361,0.00872654550191604,0.00116011344306804,-0.00101710643702103,0.00766278792736324,-0.00453354354814738,-0.00270064681932537,-0.00122554198297,0.000380588375486893,-0.00206322313379901,0.00997525934270082,-0.0143158017231775,0.0158854839229945,-0.0023769743691693,0.0116153168661229,0.0103802792092926,0.00923079429040098,0.00474091017924534,0.0103857335926076,0.010709632804876,0.0101427390937007,0.00729108107461769,0.0092392784220965,0.0108214491558949,0.0106990988763441,0.00675762158765036,0.00654038381983922,0.00965277243907671,0.0102597028266189,0.008798699739357,0.00217966848819027,-0.00227126416811381,-0.00290486882638593,-0.00299771085146974,-0.000729518207128443,0.0100953036065336,0.010192612437569,0.010889283121145,0.0165898293199787,0.0165884891666803,0.0146520406722745,0.00468999832222856,-0.0108232087613418,-0.0104747092341281,-0.00927388768505068,0.00267011682057226,0.00962788185061777,0.0103655031562246,0.0100230659415141,0.00828695310957244
"b_ACC_1",-0.0498197281441244,0.00784733481277455,0.040209985155892,-0.0883990019944542,-0.0242697763539097,-0.0562689809776349,1,0.000190070685947008,-0.0305655307917335,-0.00151792377889466,0.0215298664750491,0.042838901403224,-0.00613185111204053,-0.0845713249895851,-0.00316368879218395,0.0297353455148318,0.0336472087622477,-0.0102877337191468,0.00128537079984805,-0.0078775343771778,0.00423114376664681,0.00501863389905803,-0.00341925949056076,-0.00847059535249236,-0.00396129371617181,-0.0113259180246304,-0.0058384789421254,-0.012502492226452,-0.0173204628552066,-0.00413157227383707,5.50057017770902e-05,0.00132916143077276,-0.00167230379173766,0.00517959994903687,0.00815016601732445,0.00144803878570343,0.00296874783234533,0.00710228268446226,-0.00296279533737402,0.0171100998106836,0.0086173045807431,-0.0137470540207347,0.001839476830056,-0.0154805004375208,-0.0152045808900585,-0.0133991692942591,-0.00617042215434132,-0.0115782250514497,-0.0161175075951839,-0.0156236612873613,-0.0125590497498912,-0.0118387128234656,-0.0159706493179471,-0.0150117410198792,-0.00897503001646177,-0.0133256178435731,-0.0145969313205663,-0.0144204555878421,-0.0101672901882659,-0.0162682544759327,-0.0140113759802711,-0.0132822480184006,-0.0116481156639772,-0.0192965196543366,0.0151121149485176,0.0150679792337267,0.0154803993694652,-0.00984551319745247,-0.00970634865415425,-0.00827653187666118,-0.0023072277235801,0.0102827901713308,0.00988638993200229,0.00895900306476816,0.00081953634446773,-0.0112212549935276,-0.014781165483106,-0.0146569272673343,-0.0128019982572529
"b_ACC_2",0.000185243670615635,6.73756007749094e-05,4.20841207940501e-05,0.000320890330847143,5.289452004221e-05,8.61415510857372e-05,0.000190070685947008,1,-0.000108327067726453,-0.000150010643735595,-0.000394698274769076,-0.00032122056256013,-4.32552793931976e-05,2.40707545261782e-06,-0.000109326746069544,0.000179228016918023,-0.00012857862933476,6.54076340861585e-05,4.60777841588921e-05,4.71784294792916e-05,-4.8216753973871e-05,-2.35365305485474e-05,-3.50530016918474e-05,3.8348809070118e-05,4.41209461907948e-05,4.44932189446434e-05,2.88555498942908e-05,2.87720682589878e-05,1.919400502939e-05,2.47600899423348e-05,3.77456400163741e-06,3.97064178120912e-05,1.44929051195319e-05,-1.71409358000333e-05,1.73820526726288e-06,-5.20363841361062e-06,1.00193516679478e-05,5.28252196285331e-06,-1.01427994780467e-05,-2.29082442064728e-05,-1.80666495095987e-05,2.42830181888131e-05,6.79252741192874e-06,3.82479864499212e-05,3.89281223851009e-05,3.98990816475718e-05,2.89272923691773e-05,4.17009716327151e-05,3.86587031389958e-05,3.55885612197804e-05,2.7017619363566e-05,3.18628470726637e-05,4.23290838227455e-05,4.37815358593202e-05,3.29506412866471e-05,3.52870953227476e-05,3.78476420724043e-05,3.7935949695902e-05,3.25119327903735e-05,3.97983090724392e-05,3.28015261807743e-05,3.03921905920811e-05,2.60012688259608e-05,3.79231379183647e-05,-1.13665126348205e-05,-1.33641715740706e-05,-1.61944118366687e-05,3.29277674884086e-05,3.6919208817223e-05,3.93492760186541e-05,2.95141277066305e-05,-8.08661328943761e-06,-2.90328217735025e-06,7.77771749039923e-07,2.41129752518987e-05,3.57933667916658e-05,3.95250766462706e-05,4.00416480228506e-05,3.72826825761898e-05
"b_SI_CAMFD",-0.0823247772143794,-0.0419819723900504,-0.111947207204512,-0.0479010430281467,-0.0807506783201154,-0.0341770268247874,-0.0305655307917335,-0.000108327067726453,1,-0.134689375742323,0.070035811836468,0.0877170531638157,0.0198269511060314,0.0797484369002658,-0.0629082459627799,0.0522914805964116,-0.0742929855573154,0.00729840695723969,0.0155405886517901,0.00557742996977976,-0.00977082578556574,0.00143636921768256,-0.00845270998561271,-0.000279614176183434,-0.00377898684660114,-0.0034818367391199,-0.00441533823241605,-0.0031470009846366,-0.00704771786626315,-0.00068640758058879,0.00596015959069369,-0.00973590398495264,-0.0122392529241725,0.00133857023242261,0.0028786731844793,0.00879507680230435,0.00570710767898376,0.00420475111066832,0.00278883064454489,-0.00186873927433185,-0.00153898085786154,-0.000902282732648776,0.0052467083885423,-0.00224600416447092,-0.00317465731974971,-0.00364009929113737,-0.00471124446902949,-0.00521004409623806,-0.00221406688108436,-0.00149795808933699,-0.00122131071591632,-0.00396000227519643,-0.00264355564046625,-0.00215597379695021,-0.00269640406019671,-0.00179722143456836,-0.00280884378848771,-0.00294823131573646,-0.00296352516725119,-0.00765097665816407,-0.00165888391355217,-0.000805043801640874,-0.000292299935048496,-0.00587224313329427,-0.00257713039611036,-0.00238914065144931,-0.00261675038422941,-0.000206424787423003,-0.00166013656570824,-0.00218589144142289,-0.00284137068417262,-2.75681784114174e-05,-0.000859284226346536,-0.00134055600751249,-0.00273815809971707,-0.00281534642645365,-0.00290668216141982,-0.002948859220073,-0.00309591935223229
"b_SI_PANEL",0.0246234763124555,0.0371132107280224,0.0811087113399701,-0.00505845954626239,0.0273063558604149,-0.0333108162194381,-0.00151792377889466,-0.000150010643735595,-0.134689375742323,1,-0.0223448317942578,-0.0278264951373908,0.0796846730186195,-0.0275787172756059,0.0735211538822687,-0.0740826149835964,0.0798793192456287,-0.0116704381604131,-0.0116627205256625,-0.00650614386986102,0.0124435303895814,0.000327326086640906,0.00273717565199242,-0.00576184406127408,-0.00313629745396395,-0.006349362605484,-0.00172052243955365,-0.00339582589370134,0.00535642899929941,-0.00882475977188178,-0.0081275075230236,-0.00690917592613401,0.00585396044086087,0.00995528880092235,0.000608312071690496,0.00230128068277394,0.000670358629701647,0.00131612069045545,-2.59202809897007e-05,0.00478574340397127,0.000816029878373428,-0.00795814627202008,0.00129049192354092,-0.00442123167389234,-0.00514007876195123,-0.00527856469775187,-0.00357277098016923,-0.00524809454653495,-0.00494680879281346,-0.00456137125739364,-0.00301411843380234,-0.00422363524815208,-0.00522235103638853,-0.00518208364628193,-0.00319367873684414,-0.00512936059393359,-0.00484432938618337,-0.00481603390804024,-0.00386202329159673,-0.000761355101077094,-0.0039344631931849,-0.00406155554517958,-0.0036874053194366,-0.00192440618667158,0.00357763118953391,0.00378823295360245,0.00425575262665648,-0.00535445431767869,-0.0057603917388341,-0.00590958554750766,-0.00441521341260036,0.00278823850095602,0.0017155917296323,0.00115138866546956,-0.0038863860054541,-0.00486427646750558,-0.00491448921248514,-0.00486588493190956,-0.00426124493082763
"b_SI_ZER",-0.0235485137965821,-0.00885047848300877,-0.0319985961647292,-0.0526828834121055,-0.0842519276778456,-0.0505556834104648,0.0215298664750491,-0.000394698274769076,0.070035811836468,-0.0223448317942578,1,0.0338110115004652,-0.0706062253692816,0.0218976109726245,-0.0956105086587768,0.114076634856909,-0.0439641612308197,0.0172788344452982,0.00819012403118836,-0.00640263008268049,-0.0142158939601935,-0.00104642048116017,-0.00842459446652328,-0.0103372930831662,-0.00553925674188067,-0.000571137772793605,-0.00499109448923543,-0.00562247109984352,-0.0141148944311529,0.0168443735612938,0.00756797635867329,-0.006348993136238,-0.00212360169907896,-0.000385965764747584,0.00293911304729308,0.00696232478664481,0.00247931862718508,0.00303998858533747,-0.00381878027018349,0.00880798307345257,0.0264885114036263,-0.0189504303956598,0.00696897131041573,-0.00529157995395416,-0.00677704564983881,-0.00677316609027417,-0.00553276408138513,-0.00744090677526196,-0.00599364571372318,-0.00547359433241826,-0.00382685281632384,-0.00495909559669927,-0.00701205016285611,-0.00713021142791609,-0.00562317363847809,-0.00435766436798437,-0.0060812794747983,-0.00645189878279904,-0.00570167883564216,-0.00996494332506885,-0.00801134644367331,-0.00815773450007649,-0.00822064653887468,-0.011321721580053,0.00845981019851388,0.00804862433655996,0.00702407463935138,-0.0175930995923068,-0.0131227340936513,-0.00641639323840858,0.011708170414101,0.021360747561827,0.0229939654565614,0.0228960470377628,0.0135975118651076,-0.00729376910735458,-0.00596715016958706,-0.00555833773744086,-0.00456784280752475
"b_Si_MTRP",-0.0284302969446412,0.0130994084737075,0.0388778787015188,-0.089542448261806,-0.116232602041291,-0.106524920942762,0.042838901403224,-0.00032122056256013,0.0877170531638157,-0.0278264951373908,0.0338110115004652,1,-0.0186752672655893,-0.014842916055963,0.0809213897834536,-0.0650240255427622,0.0388724440132642,-0.00613839117293259,-0.00594667791561577,-0.0156207008361912,0.00429714868842452,0.005865257362418,0.00177334857281159,-0.00676544134202383,-0.00245602170463436,-0.00614065139399189,0.000417733705610604,-0.00133021336786203,0.00403803054755956,0.00355023244656436,-0.0121032660421647,0.00302922350139618,-0.00459610782368034,-0.00134749520104196,-0.00106410282953442,-0.00298826866816872,-0.000177504310484017,2.02918407097083e-05,-0.000645994743281338,-8.48607507477725e-05,0.0147476239298334,-0.0200186729159518,-0.00185298825888357,-0.00389943114461428,-0.00476853279248338,-0.00442715071176461,-0.0033699008855692,-0.00304853741938107,-0.00514654779331326,-0.00539589129362085,-0.00477696363712033,-0.00427842214124387,-0.00421942693970593,-0.0035977839177778,-0.00265934540385371,-0.00429644961631874,-0.00445774004714059,-0.00434846141208022,-0.00312030080009185,-0.000717949859885546,-0.00190675411527922,-0.00203074511382429,-0.00197085934523337,-0.000106552122557535,-0.000858199604936657,-0.000852965016085004,-0.000617456965850136,-0.0133399874353282,-0.0111749794449251,-0.00688290395170985,0.00371701832495248,0.017780889975166,0.0176591988162849,0.0167739088984516,0.0057407588567282,-0.00356006964255383,-0.00463408408160771,-0.00465394441531163,-0.00409315909608571
"b_No_Info",-0.00238434756052626,-0.0179486445975645,-0.275379885608438,0.015086991204884,-0.0473596717497421,0.0543264270983939,-0.00613185111204053,-4.32552793931976e-05,0.0198269511060314,0.0796846730186195,-0.0706062253692816,-0.0186752672655893,1,-0.0112577389829618,0.346888222293022,-0.333112297375875,0.0857395380375107,-0.00562065245478061,0.00900394910262549,0.0136358003301165,0.00685074194036182,-0.156062049773758,0.0568830423073521,0.0412677350285484,0.0240849770966427,0.0270415725049899,0.0160798849933226,0.00662203733810279,0.0156297952473889,-0.00938797328544796,-0.000220724790691513,-0.00798332859809528,0.0139694174572965,0.0113840493146427,-0.0613547273295836,-0.0561018158283219,-0.0359308930759196,-0.0481944366682059,0.00241729911341362,-0.0269251363898437,0.00209113989479324,-0.00105892533678675,-0.0516779961214985,-0.00161500481738244,-0.0165470412417063,-0.0187555493239677,-0.0181704361374624,-0.00864531862568113,-0.0149019239160644,-0.01456681146571,-0.0139701714679317,-0.0171921516430506,-0.0104719073042474,-0.00686580548740537,-1.98479748792488e-05,-0.00759954489587524,-0.0122223649933294,-0.0132526623422868,-0.00968894693762516,0.0343974769343369,0.0227513680513046,0.0215260536728865,0.0198607900564339,0.0398130706350577,-0.0240447703998421,-0.0235415555891312,-0.0235554552889632,-0.00300297353829225,-0.00306128926336631,-0.00226725596239372,0.00191677111303206,-0.000156809681474924,-0.00053127601088322,-0.000606913023262393,-0.000798955868868641,-0.00985594107047368,-0.0130906519236843,-0.0127032261828351,-0.0103091947682871
"b_UsoCel_F",0.0571748091651142,0.0295056228191665,-0.565163097244738,0.153968988816765,0.00309243646273813,0.0178582553634609,-0.0845713249895851,2.40707545261782e-06,0.0797484369002658,-0.0275787172756059,0.0218976109726245,-0.014842916055963,-0.0112577389829618,1,-0.0309291088678826,-0.0858148245159634,-0.277762750625149,-0.00277716001074814,0.0272062625689008,-0.015512955913508,0.00569444586407265,-0.000526262714597698,-0.00824342312575557,-0.00283953474378511,-0.0340250919543437,-0.000768278517807305,0.00554792747080165,-0.00234458584706996,-0.0153148730755525,-0.0102650287114742,0.0150823689217191,0.0275875484094259,-0.00331380204540118,-0.000101134357865817,0.0124063966263353,0.00939383501257488,0.0139554105557328,0.00748966782207633,0.00617623249594232,0.000155390354507606,-0.0101601746797404,0.0363826849139198,0.0108799260024129,-0.00719235460346344,-0.00589570738119979,-0.00549669810508746,-0.0043272084522769,-0.00516925569875998,-0.00658898154838826,-0.00714002598147203,-0.00842420493194351,-0.00784227835921432,-0.0056163912623834,-0.00476063359815676,-0.00274504945022579,-0.00476915195040655,-0.00589215833654076,-0.0060322239618152,-0.00634070736223132,-0.0041399720133344,-0.00064085029715558,-0.000446771126699577,-0.000115781226121578,-0.00261455113665317,-0.00157908721363832,-0.00153822457334455,-0.000284984235228048,0.0142566656916211,0.0109484007140297,0.00579898354046274,-0.00193107229906578,-0.0293629087912117,-0.0265763521153007,-0.0231655094305289,-0.00699029705619731,-0.00606094080277705,-0.00620181958844339,-0.00624711270865613,-0.00639244310914366
"lambda1",-0.0607690645232529,-0.0749461837353895,0.287471626776186,-0.00294388881811911,-0.169746806608194,0.0888910150732148,-0.00316368879218395,-0.000109326746069544,-0.0629082459627799,0.0735211538822687,-0.0956105086587768,0.0809213897834536,0.346888222293022,-0.0309291088678826,1,-0.937906831013695,0.278786400689198,0.00169367421280587,0.0529872521072153,0.045319199153609,0.0539390407112773,0.0733255160132539,-0.0161020317025621,-0.00942271049132547,-0.00497551286508834,-0.015904832787079,0.0250709871509359,-0.0159821346380381,0.0386523853618683,-0.033407290070635,-0.0155543007636478,-0.000185484652262345,0.0349198199253037,0.0221681558785279,0.0141820034772505,0.0168221335120903,0.029497672131619,0.0489620440247103,0.00236237550137972,0.0129770261725295,0.0108066585593707,-0.0293725979535849,0.0178316645032457,0.0579573957959012,0.0543654474938143,0.0501352227344199,0.0378889167704575,0.0578537735024785,0.0537309939304313,0.0497565373294636,0.0416661077402831,0.046506864908645,0.0569058999515211,0.0577209065271592,0.0483130674229204,0.0287691198682311,0.0483823787176814,0.0537535581418268,0.0529647837792935,0.0196822249409545,-0.00613218247974083,-0.00736308995567865,-0.00647025946846845,0.0187098434079657,0.00772484436022927,0.0105138538239516,0.0145672819790916,-0.0123356475057569,-0.00591725846162765,-0.000674760705373338,0.0117856696140311,0.0208466333181921,0.0202266120845048,0.0205927048273745,0.0136868187493524,0.0562991033575006,0.0531880137664957,0.0504126950826503,0.0427603713191927
"lambda2",0.0571598972641017,0.0759217732634307,-0.218819051340269,-0.0156806259919352,0.168141781835044,-0.0886483132216017,0.0297353455148318,0.000179228016918023,0.0522914805964116,-0.0740826149835964,0.114076634856909,-0.0650240255427622,-0.333112297375875,-0.0858148245159634,-0.937906831013695,1,-0.299688744505911,0.0321285338427422,0.00111925366938829,-0.0242607656620435,-0.0772957059268466,-0.0204464805172798,-0.15153977864344,0.00900326263796546,-0.00325282603786215,-0.00915201455823291,-0.0532258384984981,0.0127561771279214,-0.058598241588412,0.0265282426134289,0.0119787905456883,-0.00109454506133947,-0.0362651023442354,-0.0206134921100258,0.0862960049435267,0.0929612665150913,0.0583242986732803,0.0670837330813397,-0.0123162419676221,0.0119694890173369,0.000685642893705738,-0.000537859144113606,0.0901640402525075,-0.0844878217794025,-0.0824520630596672,-0.0739467298607059,-0.041104060448477,-0.0851061204173135,-0.080273043178303,-0.0726267928529208,-0.0514492047233918,-0.0652749598205046,-0.0856154302665718,-0.085112671732607,-0.0570344884699203,-0.0559043634021215,-0.076142816699043,-0.0791548481449316,-0.0652378712530648,-0.0492565680642048,-0.0123044879007404,-0.00953277250940084,-0.00791581020554169,-0.0524653767044288,0.0164336681271461,0.0146370101103627,0.0100042195737702,-0.0031380030729177,-0.00839790440646413,-0.0101198116197029,-0.0127118099451452,-0.000830905407217129,0.000348040876974817,-0.000813511032578585,-0.00988131485866218,-0.0789437203750975,-0.0784807717931259,-0.0742106448783305,-0.0610204595754422
"lambda3",-0.117987844491292,-0.106221004393206,0.304912013214385,-0.115601406739922,-0.16358141363216,-0.00152290472249342,0.0336472087622477,-0.00012857862933476,-0.0742929855573154,0.0798793192456287,-0.0439641612308197,0.0388724440132642,0.0857395380375107,-0.277762750625149,0.278786400689198,-0.299688744505911,1,0.0374463507384825,-0.0110296896623895,0.0215356787798421,0.0136121101858206,0.0228864110083752,-0.013768518680414,0.0251483293371554,0.0700099260607431,-0.00479564176221231,-0.0142302847750299,0.0391153323466022,0.0472238887667148,-2.37819942035122e-05,-0.0660159811648273,-0.0519735070535157,0.0858653418714624,0.0262961663100324,0.00626345497725085,0.000736505913220184,0.00794831691358098,-0.00307406624258475,-0.00127563564594548,0.00677092796086064,-0.101638050527093,-0.0353075786990668,-0.00620496096729169,0.0464169306303463,0.0495315607097077,0.0493728950253875,0.0477944159255464,0.0496438260709976,0.0493820275981135,0.0501084782860434,0.0490300693510697,0.0442477198053196,0.050400144010379,0.0524878482976661,0.0486518670355531,0.0463920633763685,0.0505585756706635,0.0491891927840553,0.0408835602334724,0.0362679440481716,0.0176061270571204,0.015222294971928,0.0140478727237635,0.0318591121091047,0.0103704316930625,0.0112995356040978,0.0123016639704332,0.0853849190194283,0.0747823361816013,0.0572985902033198,-0.0137748758351486,0.0298637283181626,0.0258018037174245,0.0223939945334738,0.0126211733660651,0.0517098985475803,0.0485531899342859,0.0473532102987467,0.042599219263996
"gamma_EDUBASICA_LV1",0.0081118274546807,0.00542647831492684,-0.180254409107672,0.00634108242873698,0.0112589933320574,0.00801201178257702,-0.0102877337191468,6.54076340861585e-05,0.00729840695723969,-0.0116704381604131,0.0172788344452982,-0.00613839117293259,-0.00562065245478061,-0.00277716001074814,0.00169367421280587,0.0321285338427422,0.0374463507384825,1,0.716234848806999,0.0256314167999049,0.0743713992604424,0.0917554487480425,-0.242232655509481,0.0750032963545617,0.0292190308210954,0.0486647185408363,0.0270026277963803,0.106393887103415,0.021406053978891,0.0624885685401334,-0.00583837706066828,0.0325401218336367,0.0356327829825027,-0.0641159080968752,0.0735508955469156,0.0823004424255741,0.00494553705140876,0.10364160281246,-0.00870143376705225,0.0255247091715775,-0.0610600682255359,-0.00332524212527267,0.106904190062041,0.539958155455767,0.563463091801799,0.542318535253888,0.426205677055747,0.54202971370631,0.566990499690925,0.54640828996772,0.476851244263712,0.562473461888727,0.536253364875505,0.499616371333527,0.36305654835679,0.462771265113685,0.543434783803634,0.54843876520062,0.453806202631221,0.0888956189284647,0.0756636470595607,0.0682777230050898,0.0562590702476012,0.0747087912707683,0.0535849464874719,0.0542754865342933,0.046108196966383,0.0887724727523033,0.0927171669294822,0.0900181432025372,0.0556597080276569,0.0287330545739645,0.0385090301083444,0.0419511321493635,0.0596490129687326,0.512521955917244,0.555462281109131,0.544603526750405,0.483453187155636
"gamma_EDUSUP_LV1",0.00355145748521365,0.00372678462624831,-0.15313039266265,0.00200560573410094,0.00793500100106994,0.00391024725907507,0.00128537079984805,4.60777841588921e-05,0.0155405886517901,-0.0116627205256625,0.00819012403118836,-0.00594667791561577,0.00900394910262549,0.0272062625689008,0.0529872521072153,0.00111925366938829,-0.0110296896623895,0.716234848806999,1,-0.00364842431631347,-0.0160165126408584,0.131319912657071,-0.297129361531712,0.0140747535570718,0.00248317126415294,0.0345838277220369,-0.00278059268264622,0.0521547247384447,-0.00907963105741238,0.0597191440223462,-0.00818090444048575,0.0280602738994809,0.0196565095727589,-0.0468269933513822,0.166204092964585,0.18318404287636,0.147543730424338,0.206369266798728,0.0138714358473178,0.0630685490081478,-0.0269510841813908,-0.00772869950997088,0.202047672787613,0.380259055742915,0.395567389156225,0.377565114528875,0.299859258263812,0.381775514378596,0.397726946627923,0.380435974667014,0.332951970974281,0.377456239479614,0.382558014498642,0.360201321454456,0.279271464609133,0.320800705456696,0.378208746911371,0.38454503607268,0.321649076400819,0.0462031480736144,0.0390864848732189,0.0361115192625293,0.0312753196480815,0.0290395838612796,0.0789027020548427,0.080579535167357,0.074779177720967,0.0546028516301427,0.06377034433454,0.0678875534035625,0.0552332244095219,0.0299633058514066,0.0379082999775412,0.0413425657000056,0.0571038090131421,0.363381423451079,0.390906261465931,0.382817403513981,0.338328052994044
"gamma_HPICO_LV1",-0.0033261529101849,-0.00610505892399765,-0.0512849002382887,0.0111358894670004,-0.00516695902620757,-0.00858913360338873,-0.0078775343771778,4.71784294792916e-05,0.00557742996977976,-0.00650614386986102,-0.00640263008268049,-0.0156207008361912,0.0136358003301165,-0.015512955913508,0.045319199153609,-0.0242607656620435,0.0215356787798421,0.0256314167999049,-0.00364842431631347,1,-0.124634922169997,0.0747619854268158,-0.133156371943566,0.0529958922750708,0.143797371146262,0.0118725491563774,0.0238563328381476,-0.229609821339953,0.0989951699456367,-0.0104480032918045,0.0162818028754252,-0.0134124637846453,-0.0262294100055563,-0.0170617820641215,0.0769218866346558,0.0967604283221997,0.0650283368125527,0.0718264394773311,0.00964901883457319,-0.0757849395341894,-0.0322113431044081,0.0398830947668126,0.055980967541067,0.132138066845148,0.1565823909315,0.155648826677739,0.126437598104698,0.129548165607956,0.158457033224962,0.162360998984223,0.148043150762121,0.133997142672101,0.153136652547676,0.149540026042351,0.115931848195199,0.125794701278109,0.145484415879776,0.147128643664947,0.124180738339369,-0.0657050624106538,-0.0371901881212241,-0.0289465473413729,-0.0205647198677041,-0.0415222771669111,-0.101927013983188,-0.0923908096241358,-0.0892957600089967,0.0214094020505031,0.0163894496446952,0.00781191483904932,-0.0155030872202576,-0.0439934558591811,-0.0449395470785029,-0.0428518619908858,-0.0238821687449311,0.149760151713286,0.148968347761718,0.145209165835897,0.127431791037754
"gamma_CSECO_LV1",0.00261877706207011,-0.00261670310424346,-0.0948451948224136,0.00798261113207754,-0.0129788250094967,0.0145135264456772,0.00423114376664681,-4.8216753973871e-05,-0.00977082578556574,0.0124435303895814,-0.0142158939601935,0.00429714868842452,0.00685074194036182,0.00569444586407265,0.0539390407112773,-0.0772957059268466,0.0136121101858206,0.0743713992604424,-0.0160165126408584,-0.124634922169997,1,-0.0418066697153763,0.125424418121051,0.0734344241276431,-0.0456403806583218,-0.0567052047071899,0.0519096310735806,0.0163212446117727,-0.0019410575957532,-0.023330638354091,-0.0140015354095642,-0.0376893695967551,0.0381796224712667,-0.0256267092312368,-0.00212344319787082,-0.115114443220196,-0.0490313320832514,-0.075309151423801,0.00492464660811525,0.0369147396468426,-0.0553116282577572,-0.0330061955068636,-0.0906862046812735,0.299874471413215,0.387889614814174,0.373657206437606,0.314882894723412,0.370660831579332,0.360886310721354,0.33413134649376,0.276106785830731,0.320555952443492,0.363489493113216,0.345594027581201,0.277087450501636,0.296332772423754,0.361921278582245,0.364959513917574,0.287669371847306,-0.00426934421167546,-0.0174627974682714,-0.0178611609113678,-0.0159558149538884,-0.00924875373423974,0.0324308952343036,0.0316120664981732,0.0395720556109072,0.0222913448533998,0.0130976727292619,0.00260689954268718,-0.0275055125639338,0.00451377980619549,0.00459341573374561,0.00274260753256222,-0.0134069485361602,0.341951835659746,0.360132868993811,0.347173398347273,0.295618084561513
"gamma_SININFOTRF_LV1",-0.0074008755734351,-0.00768809931536559,-0.0364586148460919,0.000439709430004425,-0.0175278925353529,0.00486776740569561,0.00501863389905803,-2.35365305485474e-05,0.00143636921768256,0.000327326086640906,-0.00104642048116017,0.005865257362418,-0.156062049773758,-0.000526262714597698,0.0733255160132539,-0.0204464805172798,0.0228864110083752,0.0917554487480425,0.131319912657071,0.0747619854268158,-0.0418066697153763,1,-0.269555930356787,-0.259725210566784,-0.105114363243416,-0.124022845079311,-0.0167555525599555,-0.126663511810656,-0.0688597612896556,-0.0142015943812296,-0.00106438512732634,0.0188346465142896,0.00871041244497236,0.0048386456945801,0.291989746626521,0.281377139181081,0.225110304305926,0.297951759690684,0.00071866243703491,0.154728144566924,0.00840509344777802,-0.0272004980739291,0.263093776737748,0.163432417797073,0.220599744889482,0.217549595884484,0.17460400947438,0.190851363212071,0.213557478668844,0.202593786008025,0.177788495257693,0.199222699935745,0.200781715156641,0.185385910439592,0.122797880026012,0.129098076429972,0.190993135953652,0.204632817524209,0.175480523542325,-0.147787245069764,-0.131219728016961,-0.125407778820787,-0.115254237495669,-0.174432262140501,0.12722029214847,0.13157467195148,0.133642299135211,0.00200142131923591,0.00627861117404871,0.0108626818891521,0.0188819620689551,0.0342083754379777,0.0348762374539675,0.033677746179804,0.0285677654833511,0.190326824329901,0.203358882779923,0.195236005861409,0.163409819921352
"gamma_LV2_LV1",0.00571044579259987,0.0017335843193102,0.0374889104907488,0.0130799070520652,0.0003279826298019,0.00425710754754884,-0.00341925949056076,-3.50530016918474e-05,-0.00845270998561271,0.00273717565199242,-0.00842459446652328,0.00177334857281159,0.0568830423073521,-0.00824342312575557,-0.0161020317025621,-0.15153977864344,-0.013768518680414,-0.242232655509481,-0.297129361531712,-0.133156371943566,0.125424418121051,-0.269555930356787,1,-0.09152580696465,0.068033929169909,0.142355595958504,0.182928613909438,-0.0651904892974635,0.0924591000615996,0.0210002761370837,0.0511513595562283,0.00195206535370964,-0.0439758609354863,0.0381215083002386,-0.580667875647644,-0.627917566699329,-0.514882730395252,-0.620420823061632,0.0335757972879403,-0.127077281472051,0.0933941585999476,0.0238359648095885,-0.607902156650339,0.115615206869858,0.111348128514007,0.086755884474258,-0.0188913034391766,0.11621633566455,0.102368747309756,0.0808210167500551,0.0191595363402904,0.0755682932115506,0.113916944912412,0.104032439396393,0.0091640051108728,0.0946658896118697,0.105375003247359,0.0985349716859281,0.0466001010085998,0.113812068769586,0.0637794804757987,0.0564904184665087,0.0415237324266167,0.138839907846814,-0.126353782069856,-0.13219253265307,-0.136519254692995,-0.0541443721833156,-0.0395217697184977,-0.0234941762103294,0.0244219524340628,0.0115028397939592,0.00779009898874981,0.00788012991462515,0.014689833019479,0.0865187824034856,0.0979355552038644,0.0899693017020142,0.0653251769109098
"gamma_ADULTO40_LV2",-0.0164401437179765,-0.0136222745410008,-0.00234529915955177,-0.0324877560717832,-0.00857795634143629,-0.00281251545730641,-0.00847059535249236,3.8348809070118e-05,-0.000279614176183434,-0.00576184406127408,-0.0103372930831662,-0.00676544134202383,0.0412677350285484,-0.00283953474378511,-0.00942271049132547,0.00900326263796546,0.0251483293371554,0.0750032963545617,0.0140747535570718,0.0529958922750708,0.0734344241276431,-0.259725210566784,-0.09152580696465,1,0.338949557509673,0.31857529246507,0.122598705346656,0.586059377812296,0.190174186678923,0.00896389359266203,-0.0437581773359312,0.042705122161996,0.0954968793754378,-0.146116302114537,-0.107375741331838,-0.106950845151947,-0.0825850288538222,-0.119615141668439,-0.0337248983632194,-0.487270010757964,-0.242355078825502,0.175576988158486,-0.0902850038722794,0.311843221129319,0.336408926023721,0.326367304253279,0.262974342231236,0.307828067596702,0.342333593292207,0.338108607675482,0.295828902920845,0.286514188205253,0.342681346730225,0.339105350204547,0.266179925985519,0.310421272932305,0.330086882818762,0.324640874611866,0.263966397780004,0.507895572123046,0.434557576274635,0.416582731122241,0.384278584573596,0.587638927537569,-0.382436911616086,-0.390202891752408,-0.391324231102662,0.207391993740062,0.171900146704071,0.11801417696423,-0.0335876376488379,-0.170257015968801,-0.159363808212692,-0.150702019056089,-0.0582162317176318,0.301133377292371,0.329089257262262,0.326985020507791,0.300947805819795
