"","asc_ruta1","asc_ruta2","asc_ruta4","b_tt","b_dt","b_Sem","b_ACC_1","b_ACC_2","b_SI_CAMFD","b_SI_PANEL","b_SI_ZER","b_Si_MTRP","b_No_Info","b_UsoCel_F","lambda1","lambda2","lambda3","gamma_EDUBASICA_LV1","gamma_EDUSUP_LV1","gamma_EXP_5_LV1","gamma_HPICO_LV1","gamma_SININFOTRF_LV1","gamma_LV2_LV1","gamma_EXP_4_LV2","gamma_HPICO_LV2","gamma_USODISPMOB_LV2","gamma_EDUBASICA_LV3","gamma_JOVEN30_LV3","gamma_ADULTO40_LV3","gamma_EXP_2_LV3","gamma_HTRB_2_LV3","gamma_HTRB_3_LV3","gamma_SININFOTRF_LV3","zeta_FRbr","zeta_EnfCond","zeta_AFrSem","zeta_CulFr","zeta_OmLmVel","zeta_IgPare","zeta_PasoPeaton","zeta_UsoDirec","zeta_UsoPito","tau_FRbr_1","tau_FRbr_2","tau_FRbr_3","tau_FRbr_4","tau_EnfCond_1","tau_EnfCond_2","tau_EnfCond_3","tau_EnfCond_4","tau_AFrSem_1","tau_AFrSem_2","tau_AFrSem_3","tau_AFrSem_4","tau_CulFr_1","tau_CulFr_2","tau_CulFr_3","tau_CulFr_4","tau_OmLmVel_1","tau_OmLmVel_2","tau_OmLmVel_3","tau_OmLmVel_4","tau_IgPare_1","tau_IgPare_2","tau_IgPare_3","tau_IgPare_4","tau_PasoPeaton_1","tau_PasoPeaton_2","tau_PasoPeaton_3","tau_PasoPeaton_4","tau_UsoDirec_1","tau_UsoDirec_2","tau_UsoDirec_3","tau_UsoDirec_4","tau_UsoPito_1","tau_UsoPito_2","tau_UsoPito_3","tau_UsoPito_4"
"asc_ruta1",1,0.843816375041044,0.321295061110527,0.248447852910467,0.564161435078315,0.254754164627462,-0.0523109327327951,0.00302934203572622,-0.0893209949426172,0.0311141965792106,-0.0330454612649189,-0.032619108204069,0.00981478290855915,0.0570189039023133,-0.0428956217756155,0.0331528018055031,0.0892633997839768,0.0078581759463501,0.00258255214426084,0.0148897525597851,0.00352863034959868,-0.0083896195167762,0.00255204676034508,-0.000140624308754358,-0.00993055197300356,0.00114681239377301,-0.0260607186807444,-0.0227906753746182,-0.0174928618572989,0.0248315328067683,0.0212458695490537,0.0220394968623388,0.000454538512266748,0.00268785037362158,-0.00138956699094134,-0.000484012747651005,-0.00525371365098669,-0.000993952384831104,-0.0135121836575515,-0.0387108899632186,0.0282193475043656,-0.00238481196528215,0.00184802318043343,0.00609285198055522,0.00619807074930317,0.00758217374429221,0.00448921352933285,0.00387178210256114,0.00377534916608039,0.00417389281494597,0.00363059743580136,0.00404715290540358,0.00378822087308003,0.00498688397762505,0.00571922826529032,0.00464938808279914,0.00374761110338792,0.00163786913569144,-0.00397411200552781,-0.00233242330605199,-0.00226705233963781,-0.00253756769767748,-0.00803878761990504,-0.0132600720359844,-0.0134538658874529,-0.014021233183718,-0.0403894595982309,-0.0392944470587602,-0.0382285639844951,-0.0349830812557332,0.00460535333300918,0.00323048878310565,0.00217297511225145,-0.00243285185202585,0.00442539296494032,0.00379416681358483,0.00347137968716054,0.00266076988814849
"asc_ruta2",0.843816375041044,1,0.329922495543403,0.118431052694443,0.497564935650926,0.162869747500463,0.00548089441308672,0.0012327716064535,-0.0491902691326756,0.0447868546613505,-0.016183694282039,0.0136575560892815,0.00123207722938207,0.0282256749592311,-0.0357002611849114,0.0317703428829446,0.0705829402353289,0.00673996158612262,0.00289846069238084,0.0130207601486233,0.00186608841784038,-0.00594738174504561,0.00205185567948866,0.000455130995739528,-0.0071341182340932,0.00112682394195211,-0.0205721161320655,-0.0173857161628564,-0.013782000524484,0.0204133824606487,0.0163112096098331,0.01686349211556,0.00102505883898089,0.00231683963450172,-0.000962422779139916,-0.000363492322724888,-0.00395605368777989,-0.000556129218576633,-0.0105100214236955,-0.0307762846371708,0.0220435852556783,-0.00165658001068872,0.00245421267476103,0.00598092585343939,0.00598244429129602,0.00664860140230021,0.00465382286793069,0.0041743630907386,0.00402042671942331,0.00405420257755428,0.00394737491026154,0.00418928498900836,0.00389136927248893,0.00437496483512415,0.00529989007570994,0.00474265547374525,0.00407153641296488,0.00209514217814924,-0.00267223039186605,-0.00116061324438533,-0.00115513366682266,-0.00148158080847985,-0.00604422359092816,-0.010142075361301,-0.0103476323152639,-0.0108603816019395,-0.0318062029040229,-0.030909748675825,-0.0300378158310336,-0.0273972758328251,0.00381264995762451,0.00274607654031949,0.0019138402028905,-0.0016826157692383,0.00441527250533702,0.00414528328989863,0.00386741600923924,0.00304982502195669
"asc_ruta4",0.321295061110527,0.329922495543403,1,-0.143726184289147,0.234679067439664,0.060534002113262,0.0424686072838356,0.000681168402875457,-0.108211806719939,0.0783430461364232,-0.00332625680510665,0.0382630069425415,-0.212871781780834,-0.552349689817991,0.254176922642232,-0.208738809041076,-0.67472895622938,-0.101381816786663,-0.0891021779331648,-0.0808585727718541,-0.0405731949006534,0.00728934614123352,0.0169002137429945,0.0165069321626242,0.043810703031984,0.0207251274341942,0.103910030886091,0.119243283284626,0.090761143475878,-0.113259612686936,0.142800264622645,0.144154356458122,0.00562738002337666,-0.0409013799546824,-0.0161067213336947,-0.012929573351589,-0.000563929941503058,-0.00566824082129094,0.0400405898765379,0.138667959272204,-0.0613851567504091,-0.0126549742695943,-0.0599788041261418,-0.0846531160252161,-0.0814936712003622,-0.0745539500359962,-0.0791484746249459,-0.0697687569587145,-0.0643105840076862,-0.0564411683959429,-0.0739371592956871,-0.0635196898626365,-0.0568959388349909,-0.0494461384521931,-0.0699938313265187,-0.0762379843798723,-0.0710939720407548,-0.0448027625899031,0.0257717419912552,0.0117787110091476,0.010004386855781,0.0103607937925987,0.0396016267079843,0.0426318213397496,0.042536922264868,0.0440523517306998,0.000364771098359178,-0.0188078373640472,-0.031520255672048,-0.0631528287584496,-0.179741091548488,-0.183791457685597,-0.18437890948621,-0.183019113296106,-0.0723511065897399,-0.0716107554939656,-0.0679263642045816,-0.0551347931471494
"b_tt",0.248447852910467,0.118431052694443,-0.143726184289147,1,-0.0891691551784027,-0.0103593298527974,-0.090613212953759,0.00409193453694613,-0.0515033639965327,-0.0117875391315224,-0.0551509650808989,-0.102569792461397,-0.0126912180434426,0.148211472692884,-0.0987203121504565,0.0736838193976985,0.128601318334938,0.0102763953398341,0.00801489703359329,0.0171341248190406,0.00803043974654147,-0.0153444258253531,0.000440757735478505,-0.00214198987048076,-0.0136425209935821,-0.00211186940475047,-0.0372863223967463,-0.0326403045209724,-0.0230696311036786,0.0318028397039827,0.0349949718626064,0.038339675513343,-0.000582625936491139,0.00787546955016791,-5.55624204260319e-05,0.00114951184784931,-0.00675877999573323,0.000107035728504275,-0.0128756491031333,-0.0587198725596171,0.0457099577066739,-0.000243182428832859,-0.00150055925173442,0.00515480179717428,0.00608589512072431,0.0103386784203576,0.0033416990297173,0.000962722223074178,0.00106586832249581,0.00284599358189379,0.00235248889664447,0.00153429510140106,0.00154833769221989,0.00507663451190191,0.00671827283773421,0.00322459578333052,0.0012262857907191,-0.00132762068215141,-0.00815495453489935,-0.00378371350671822,-0.00339954131109624,-0.00344537306440169,-0.0137495502267051,-0.0131577511930208,-0.0131652685572231,-0.0139143448381655,-0.06405972042345,-0.0627336144926724,-0.0614251718521095,-0.0570292718211275,0.00515828492168128,0.00290583704261442,0.00119470673958337,-0.00646120988465173,0.00285590622128185,0.00149704445666628,0.00117761666154068,0.000994612059332522
"b_dt",0.564161435078315,0.497564935650926,0.234679067439664,-0.0891691551784027,1,0.268692865703682,-0.0276837907362902,0.00123410469165579,-0.0967720888096316,0.0430697125134676,-0.10206626262875,-0.11667125269718,-0.00710838618006188,0.00435198943064414,-0.0786598543914504,0.0690367598574308,0.0966369650607516,0.0153595729324026,0.0108489854901414,0.0180579263885754,0.00326238074819289,-0.00599770856666056,0.000735728544639488,0.000755989798974392,-0.00912026570744823,-0.00187342956003613,-0.0243756789569167,-0.021609633071793,-0.0163111321633789,0.0254350632763867,0.023437813751166,0.0230961497786339,0.00234382732990217,0.00570686032262979,0.00136257186814227,-0.000907444470995942,-0.0037202296091446,-0.00107526436808488,-0.0136790134576355,-0.0348693398234332,0.0234963865371318,-8.63906484656089e-05,0.00700648427509133,0.0128096925053705,0.012584093549258,0.0121977860384064,0.010228809048285,0.0102212182559764,0.00982084882185202,0.00908412595950371,0.0105531660224599,0.00809782992725536,0.00712983671167845,0.00623369174062423,0.0105014726393803,0.010560871924979,0.00965628610866991,0.00563978151969025,-0.00480050368325429,-0.00235918238695122,-0.0022848120464402,-0.00250595197070808,-0.00958442134382031,-0.0134532735553518,-0.0137338263176899,-0.014121121035103,-0.0385499665474112,-0.0378649761797947,-0.0370217245034228,-0.0344246775091524,1.2448995819934e-05,-0.00129824947315527,-0.00228907813537597,-0.00646405135225936,0.00968593625684237,0.0100609978737082,0.00964926657927536,0.00791784230961771
"b_Sem",0.254754164627462,0.162869747500463,0.060534002113262,-0.0103593298527974,0.268692865703682,1,-0.0515603653775767,0.00197491532418404,-0.0363985411360383,-0.0279506826535005,-0.0521074774220479,-0.111601895145115,0.0596169262841083,0.0280747189473019,0.105404218525369,-0.106778449143866,0.0189232484091974,-0.0113756445180848,-0.0144721331609024,-0.0128443179099656,-0.000955708377578727,0.00180985465103878,-0.000630287919372149,-0.0029561016786427,0.00228114923442528,0.00546415636316891,0.00143798839921335,-0.00145746071676568,0.000735478405881627,0.000381251001158329,0.00181837967520968,-0.000328712850701876,0.000694139203971489,-0.0058766660703953,-0.0013782780876124,0.00103344206627047,0.00160882032823329,-0.000827167033330694,-0.00168672095441563,0.00858437054112547,-0.0051122025881291,-0.00100937224119787,-0.00562416952024001,-0.0101957225125202,-0.0105235614451075,-0.00906680826965176,-0.00872881794436725,-0.00763729528728468,-0.0071510975455503,-0.00568312700620615,-0.00941569894013855,-0.00562825442635391,-0.00484198612529745,-0.00254240755350274,-0.00844212567890572,-0.0084888845069222,-0.00756601166211549,-0.00419189847422126,0.00415687266649929,-8.55032693317296e-05,-0.0003083995546782,-0.000308463819323654,0.00668768947573699,-0.00166051768370169,-0.00154992962091937,-0.00140977740736958,0.00587535597577877,0.0053041994950591,0.00501932035867918,0.00403031335429182,-0.00415208064937724,-0.0041426940909498,-0.00402230886138311,-0.00322160468038512,-0.00781340494901655,-0.00793531144458267,-0.00754536756298423,-0.00628385257878091
"b_ACC_1",-0.0523109327327951,0.00548089441308672,0.0424686072838356,-0.090613212953759,-0.0276837907362902,-0.0515603653775767,1,0.00172975752481032,-0.0345969785188687,-0.0056704378340921,0.0295206108715803,0.0462397385910236,0.00130838724815551,-0.0848296839184235,0.0156210895600675,0.0163061737267584,-0.0347574069309412,-0.000858091772537704,0.00681274907858865,0.00271957998654193,-0.00368938320812445,-0.00457621871721159,-0.00322112362045494,-0.00531663213698815,0.00377639701230355,-0.00256952726054565,0.00799981904633066,0.00478978988732267,-0.00229673506049865,-0.00583086880707138,-0.00859886334779467,-0.00844937978779831,0.00081648894620382,0.00266371115520827,0.000346219992145547,-0.00227804271755284,0.00194297479481904,-0.00064847372438768,0.00415400800772387,0.00372689654953498,-0.00553485991368764,0.000868395797352408,-0.00414081662609993,-0.00380593084577965,-0.00266667847678034,-0.000750399827549429,-0.00304909147239316,-0.00469479707455046,-0.00392011021484687,-0.00329334144385936,-0.00128477360589129,-0.00613559294331798,-0.00596385106149509,-0.00499422488967194,-0.0029835709240905,-0.0037902685417384,-0.00391067913713257,-0.0023604085783687,-0.00215201504736966,-0.00190872887898986,-0.00182790085522347,-0.00126595076951355,-0.00104170954376743,0.00340727526710466,0.00347526243347624,0.00413855781240425,0.00752949350500464,0.00781376378401327,0.00792508996472397,0.00809724946172692,0.00243743293268688,0.00284655027324921,0.00308511063083643,0.00411850336645273,-0.00312244663614757,-0.00424034417467943,-0.00406163612333906,-0.0031012306513793
"b_ACC_2",0.00302934203572622,0.0012327716064535,0.000681168402875457,0.00409193453694613,0.00123410469165579,0.00197491532418404,0.00172975752481032,1,-0.00202794537711441,-0.00125903268704551,-0.00549259593461938,-0.00411982222150381,0.000288074865634881,4.71697767453305e-05,0.000519859310300035,0.000378300423062488,0.000979685374040187,-0.000235331665244317,-0.000116930266885995,-3.1135210736125e-05,4.1817355198304e-05,-9.10196002455502e-05,5.93000688108889e-05,1.44496561349617e-05,-0.000152504103964289,2.46650634774129e-05,-0.000117964658351127,-0.000178994215961741,-0.00026901879633461,0.000227044583290169,0.000237535624146046,0.00022752823163685,7.14366682994042e-05,-4.4644728104338e-05,-2.45204853879719e-05,-3.46481017816077e-05,-2.49267680569643e-05,-3.93079379981336e-05,-9.45135998464561e-06,-0.000517062142670448,0.000382881746979781,-1.44769975516862e-05,-0.000173998848081787,-0.000192334463398385,-0.000179999972459631,-0.000106567566467097,-0.000189699376975278,-0.000175222212986359,-0.000158638865337643,-0.000108765272150775,-0.00017620599347758,-0.000167468879083658,-0.000157837104713642,-8.46646194943047e-05,-0.000135920959608536,-0.00017581943717416,-0.00017501297182676,-0.000116870312957433,-3.67713955836319e-05,-5.03347034536503e-05,-5.39782570412844e-05,-5.88391121843102e-05,-4.72714525676595e-05,-1.0208133912322e-05,-1.20558009234027e-05,-2.05924380203496e-05,-0.000530868017032564,-0.000513371452130843,-0.000496591725127577,-0.000451874928901602,7.75185609781533e-05,6.07659321957733e-05,4.80003460579438e-05,-1.10275709606356e-05,-0.000172792293942748,-0.000177236277851869,-0.000170498146306328,-0.000134981170595134
"b_SI_CAMFD",-0.0893209949426172,-0.0491902691326756,-0.108211806719939,-0.0515033639965327,-0.0967720888096316,-0.0363985411360383,-0.0345969785188687,-0.00202794537711441,1,-0.130338320551672,0.0645270178055575,0.0887949233512944,0.0317124956662503,0.0879940350899076,-0.0379467466422254,0.021147081548947,0.0637944054573927,0.00359749818671409,0.0077795650897357,0.0155811246209053,0.00145669666661737,-0.00390588732098501,0.00217942555486739,0.00421372343243042,-0.00338987431559814,0.00494568439510179,-0.0102074365106551,-0.0101229442678187,0.00302524892157034,0.0151048889832382,0.00686827207052082,0.00846512742232343,6.42431983955127e-06,0.0029097266110752,-0.00012664171192483,0.00212341667702159,-0.00206136101439338,0.00318997783907225,-0.00479143004770985,-0.014394993203858,0.0109723693030782,-0.00112561397037835,0.00568161299144999,0.00849844829499128,0.00807462527925617,0.00738086696677602,0.00793079759109346,0.0068338320155885,0.00619597018093178,0.00530007819593943,0.00607850022422757,0.00763176193956748,0.00728181214332491,0.00659279653634262,0.00720006567348649,0.00757745622097858,0.00698071262152399,0.00410242718638636,0.0029107826959396,0.00389207133793138,0.00383133055520013,0.00331144769871156,0.0018173915407586,-0.00412982801897748,-0.00430734335161858,-0.0046082734754891,-0.0154666146886564,-0.0151110609152266,-0.0147647262934872,-0.0137899890655815,0.00146906258564545,0.000866632699056675,0.000439262175491952,-0.00136386687273028,0.00753621167807064,0.00682377453258713,0.00630672831171383,0.00473899943120009
"b_SI_PANEL",0.0311141965792106,0.0447868546613505,0.0783430461364232,-0.0117875391315224,0.0430697125134676,-0.0279506826535005,-0.0056704378340921,-0.00125903268704551,-0.130338320551672,1,-0.00333144619023957,-0.0266056161890244,0.0708261181321834,-0.0313365544500559,0.0557988214962706,-0.0509162248261808,-0.0564905296757905,-0.0145903634202188,-0.00929112450598137,0.00367300615894821,-0.00382910644625274,-0.00789712719455975,0.00717024224394929,0.00267817200762186,0.00644508600924665,-0.000455033529364123,0.00559119642051907,0.00783720448252985,-0.00111834288627403,-0.00739297529208171,-0.0154753715800333,-0.0158928221817135,-0.000350745961459139,-0.00859756374754319,-0.00468935221129357,-0.00848991098941556,-0.00451417033833479,-0.00249227446302857,0.00680979615754867,0.00278982301668572,-0.00699762626603616,-0.00527765521951248,-0.00820679526069355,-0.0117667128824807,-0.0112158228557504,-0.00918716980115768,-0.011002512477089,-0.00911947852641555,-0.00790777998566444,-0.00598407497264811,-0.00807729547072903,-0.0110175700518827,-0.0108739103318389,-0.00896115158319604,-0.00862611348038788,-0.01014372128582,-0.00973941596283532,-0.00642361200859044,0.00121491020506702,-0.00101262584850149,-0.00119708100851747,-0.00126302475598512,0.00309678124139567,0.00705689922485634,0.00709444069133873,0.00691379723372631,0.0114912194002653,0.0124675381387365,0.012938829982901,0.0138445975811821,0.0075296788999901,0.00824036977889801,0.00868761888362309,0.0103008428251468,-0.00954321473679349,-0.00973431126303257,-0.00942025809126159,-0.00782667018055086
"b_SI_ZER",-0.0330454612649189,-0.016183694282039,-0.00332625680510665,-0.0551509650808989,-0.10206626262875,-0.0521074774220479,0.0295206108715803,-0.00549259593461938,0.0645270178055575,-0.00333144619023957,1,0.036294792336553,-0.0544306566115564,0.0117383761516172,-0.0624967230153714,0.0812807291272557,-0.0113641527095718,0.019263069659221,0.00882896941036949,0.00260008526494755,0.00146793176817117,0.00567293018150319,-0.00746080760867029,-0.000657926431776764,-0.00767143922502686,0.00467350035073683,-0.0138014159789433,-0.0115054584440988,-0.00247612514939295,0.00474370008238703,-0.0028180660483862,-0.00176466165344445,-0.000789155831713659,0.00513203549286095,0.00559070063222405,0.0135019485404501,0.00478346674183174,0.00045056334135079,-0.00926797071210544,-0.0163169456528594,0.0140212180333948,0.00488589506687302,0.0121595409139799,0.0112439866819382,0.0100521766784009,0.00735050469755191,0.012613062072721,0.0111942017829606,0.0101423142051748,0.00836677145918936,0.00723557691601919,0.0159577611857398,0.0163327075926165,0.014471461357341,0.0102023729198043,0.0116341411343773,0.0111824344456515,0.00757636498862973,-0.00146828340512293,0.000882967810688729,0.000950330778829972,0.00076843412147486,-0.00474284294182097,-0.00854138328161909,-0.00893755554851247,-0.00933947944469227,-0.00941834183398676,-0.00805304516641587,-0.00717129215691531,-0.00479601775904052,0.0131491344573067,0.0130264979899573,0.0128098897893378,0.0113055081631063,0.0115791192696957,0.0110067864939049,0.0103845462359457,0.00846808357982137
"b_Si_MTRP",-0.032619108204069,0.0136575560892815,0.0382630069425415,-0.102569792461397,-0.11667125269718,-0.111601895145115,0.0462397385910236,-0.00411982222150381,0.0887949233512944,-0.0266056161890244,0.036294792336553,1,-0.0223395899289504,-0.0134249070291836,0.0919856449628915,-0.0738427294847691,-0.0428775126396201,-0.0127830889629616,-0.0161884815396359,0.01239547267937,-0.00753256709812549,-0.00617247803969275,0.014299799633114,0.00401565988940032,-0.000194279302525723,0.00880119159534297,-0.00104865457565351,0.0066392620028975,-0.00489667260057735,0.00133432586302997,-0.0155266162927891,-0.0152331039820299,-0.00256485288485782,-0.011220261853486,-0.0126294244657812,-0.0067942953345158,-0.00985787902467502,-0.000885430491605189,-0.0050974144230026,-0.00465225617219574,0.00286314241979027,-0.0124721100313086,-0.00444560524679319,-0.00565101631357966,-0.00533157363129277,-0.0047917498266978,-0.00436800325629761,-0.00589709701386542,-0.00575851301304716,-0.00569478094701531,-0.00653781825726077,-0.00242451962873892,-0.00193082304639548,-0.000986948617644507,-0.00421462239950471,-0.00503605180687206,-0.00487818479130295,-0.00305180581189072,0.00615148213148059,0.00277479064026878,0.00223909540667279,0.00125541134429448,0.00702976796674826,-0.00383248819997467,-0.00415773654890405,-0.00488863373044836,0.00603674928360826,0.00753705602638878,0.00851937277335227,0.0106523520223233,0.0146265037481692,0.0150590586356397,0.0152545963832941,0.0158616850250604,-0.00377956165947243,-0.00571855110387186,-0.00594035256634888,-0.00578408249304226
"b_No_Info",0.00981478290855915,0.00123207722938207,-0.212871781780834,-0.0126912180434426,-0.00710838618006188,0.0596169262841083,0.00130838724815551,0.000288074865634881,0.0317124956662503,0.0708261181321834,-0.0544306566115564,-0.0223395899289504,1,-0.00318105690775109,0.311884446199923,-0.289822944858067,-0.0610391996260393,-0.0477037705584628,-0.0365889189745422,-0.00259194152589775,0.00846303260690619,-0.0847653677351608,0.0281626063245531,-0.00599338947692369,-0.0083299169276354,0.00488424308198683,0.00883110796074119,0.00375433893076594,-0.0037295332293512,-0.00126372091228725,-0.00689138037584661,-0.00699038851970861,0.0549958534836075,-0.0346647984087576,-0.0298095720159649,-0.0173729934446436,-0.0214395156560963,0.000581525858887257,-0.00411018274174552,-0.000978525238750277,-0.00138661173808462,-0.0280803228954541,-0.0510790796136233,-0.0638144557633431,-0.0603828205315718,-0.0415137901657359,-0.0579120065390171,-0.0582233236761374,-0.0538010606444376,-0.0411080429861068,-0.0591645382785466,-0.0485046083935844,-0.0437939121796034,-0.0240434686797019,-0.046981287033891,-0.057418554106985,-0.0558818908949922,-0.0365082899515956,0.00189819858627219,-0.00256325910245258,-0.00286487055130518,-0.00343499234929555,0.00582020891496136,-0.00532194324216231,-0.00507669423135805,-0.00526581134578162,-0.003341433204836,-0.00353638746588222,-0.00341622287055837,-0.00306880403588056,-0.00419539013338264,-0.00422035327816459,-0.00418225382138597,-0.00395883706880356,-0.05180032063452,-0.0582627739233904,-0.0564967914531821,-0.0470685418241836
"b_UsoCel_F",0.0570189039023133,0.0282256749592311,-0.552349689817991,0.148211472692884,0.00435198943064414,0.0280747189473019,-0.0848296839184235,4.71697767453305e-05,0.0879940350899076,-0.0313365544500559,0.0117383761516172,-0.0134249070291836,-0.00318105690775109,1,-0.0137324323851111,-0.125549957397924,0.316133197055236,0.0052645316057784,0.0104198198569134,0.020811343386608,0.00302527106791176,-0.0178342026096596,-0.00426192023893529,-0.00964545755922722,-0.00199456256662194,-0.0100136866074746,-0.0361384168466191,-0.0356522251330979,-0.0215151564375524,0.0474549440019866,0.0628624780215524,0.0629936048840596,0.00422750589552534,0.0103050932962352,0.00145826259121196,0.00713860469251226,-0.00454089250875469,0.00513992529780368,-0.0205439652807464,-0.0437015021048762,0.0395836968005839,-0.000757898871158878,-0.00325090356594,0.00388050399679862,0.00453253095299743,0.0104082158404411,0.00164064548391566,-0.000515151213058979,-0.00058762288962829,0.00193072987244129,-0.00142484859194016,0.00255278378008315,0.00274716009029784,0.00898912187089329,0.00403968048779981,0.00112075375372515,-0.000364121041230547,-0.00229510640353501,-3.11196679508474e-05,-0.000335422583207574,-0.000177852704185807,-0.000633480712135446,-0.00140932349056561,-0.0218027044483004,-0.0213816570991577,-0.0215170529204096,-0.0703417958608749,-0.0721680977070502,-0.0725265191451984,-0.0718120867153223,-0.022120478976331,-0.0250096504968413,-0.026905614006874,-0.0351607701197556,0.00253140648280295,-0.00074100650228908,-0.00121216024132511,-0.00191093496490639
"lambda1",-0.0428956217756155,-0.0357002611849114,0.254176922642232,-0.0987203121504565,-0.0786598543914504,0.105404218525369,0.0156210895600675,0.000519859310300035,-0.0379467466422254,0.0557988214962706,-0.0624967230153714,0.0919856449628915,0.311884446199923,-0.0137324323851111,1,-0.939991363049731,-0.231922782695679,-0.127551666753771,-0.0997899820019599,-0.0629338281202625,0.036421547484206,-0.00605616574330734,0.024438746000798,-0.00169733202579956,-0.00262606618074676,0.0370264897028598,0.0303224914576383,0.0310593665153696,-0.00641005639526655,-0.0297673698106267,-0.0340361284957916,-0.0324357403868102,-0.0150853458834509,-0.0549652866331579,-0.0282239134553842,-0.00684658165896893,-0.00316492752402459,0.00253140163133372,0.00477112982558469,0.0199407792186004,-0.000133612022634377,-0.0325545728444272,-0.0503815988260168,-0.0822695757469969,-0.0823935748064841,-0.0677899269116035,-0.0695792746565072,-0.0657934033391673,-0.0617588524901022,-0.0497781788828104,-0.0764811579348166,-0.0483475988403917,-0.0433590194954232,-0.0218805076658027,-0.0654015926592734,-0.0684441773428281,-0.0628830360952717,-0.0361998897625362,0.0298279154874598,0.00461898946494141,0.0029839570018898,0.000536470422569783,0.0511380852718596,0.00501510646718324,0.00590353951420154,0.00367274842383344,0.0306160496348855,0.032570053750356,0.0336946063057649,0.0352044417830925,0.020796478581568,0.0218205721898468,0.022752802045909,0.0264434657291924,-0.0574885201513973,-0.069693137401698,-0.0692503327332822,-0.0609183538050877
"lambda2",0.0331528018055031,0.0317703428829446,-0.208738809041076,0.0736838193976985,0.0690367598574308,-0.106778449143866,0.0163061737267584,0.000378300423062488,0.021147081548947,-0.0509162248261808,0.0812807291272557,-0.0738427294847691,-0.289822944858067,-0.125549957397924,-0.939991363049731,1,0.233082436604889,0.144711478141435,0.127629859137604,0.0414751648596928,-0.016839737678104,0.0278101546288387,-0.104430209920029,-0.00868873337311563,-0.00255818638531435,-0.0381800898425336,-0.0282062165832827,-0.0341901400244504,0.00338857446596736,0.030731655961551,0.0358811973946545,0.0337502838342525,0.0143884924001535,0.103514727860846,0.081820985122189,0.0469388798386729,0.058047796223863,-0.0032527643755276,-0.00109555478926274,-0.0287208522484226,0.0078856639815661,0.0872648977016093,0.0465414011395219,0.0807854687266144,0.0817967300648142,0.0740002076542807,0.0654047286496362,0.0654738874268258,0.0627956207898126,0.0563402621664793,0.0762934369842967,0.0435854249578651,0.0381876021717001,0.0233362136820437,0.0622232136543823,0.0664082226418225,0.0616033397777732,0.0375391870846965,-0.0442375089587024,-0.0098390149648497,-0.00707072992840388,-0.00313619057505271,-0.0652995620196263,-0.00194861607769226,-0.00247462066906233,-0.00021751053828859,-0.037810783089134,-0.0392543775620714,-0.0399544699233854,-0.0405959336730078,-0.0163054155870737,-0.017502334621473,-0.0186206799105129,-0.0232958254095044,0.0533483239607355,0.0686478533011694,0.0689280088191477,0.0631009569671805
"lambda3",0.0892633997839768,0.0705829402353289,-0.67472895622938,0.128601318334938,0.0966369650607516,0.0189232484091974,-0.0347574069309412,0.000979685374040187,0.0637944054573927,-0.0564905296757905,-0.0113641527095718,-0.0428775126396201,-0.0610391996260393,0.316133197055236,-0.231922782695679,0.233082436604889,1,0.0374809873216892,0.0424263481589934,0.0891990661638464,0.0137118137756742,-0.0370290253438415,0.00233209362577566,-0.00879581687920898,-0.0432772040204105,-0.00612687661822833,-0.150040023030815,-0.141313658898798,-0.0803506194489237,0.187291725891021,0.216086679162573,0.219373115856895,0.0101669689589732,0.0265676966075081,0.00184321005394434,0.00540468433863429,-0.0122692781948291,0.0085648016255589,-0.0573689862560985,-0.230666145345012,0.185440858970933,-0.000337307406151151,0.0150019601889458,0.0393408891952435,0.0392777628553278,0.0457225386647078,0.0319412235853392,0.0259487491494993,0.023800736673826,0.025004454671076,0.026666840004777,0.0262354419789595,0.0231540795219907,0.0289803742762136,0.033403472368538,0.0315296384446102,0.0279066695571773,0.0149776581789049,-0.0166185381478122,-0.00413325008102646,-0.00316245242711444,-0.00529927932088533,-0.0348621235780768,-0.0574663055839395,-0.0580390406168807,-0.0607805665533485,-0.300865854468103,-0.300222912999827,-0.297187716474744,-0.284186848969551,-0.039714349910838,-0.0508328889148162,-0.0586830331500505,-0.0918189193295961,0.0295198202668249,0.0268734357677533,0.0245986205073873,0.0190701295113253
"gamma_EDUBASICA_LV1",0.0078581759463501,0.00673996158612262,-0.101381816786663,0.0102763953398341,0.0153595729324026,-0.0113756445180848,-0.000858091772537704,-0.000235331665244317,0.00359749818671409,-0.0145903634202188,0.019263069659221,-0.0127830889629616,-0.0477037705584628,0.0052645316057784,-0.127551666753771,0.144711478141435,0.0374809873216892,1,0.628858593326336,0.0128488771458797,0.0936728316160189,0.0940684754890986,-0.244714487539108,-0.137652443490913,-0.0600674035538096,-0.086262513527211,0.0183595978218137,-0.0119967879473928,-0.0131553684297674,-0.00168852882319709,-0.00985554762243294,-0.0125096234112203,0.00437343950967405,0.220651777223872,0.179586129727376,0.0939468321538476,0.140498993919137,-0.00715611976192942,-0.0863891388501368,0.044901013770653,-0.0880247275231149,0.175612891028492,0.483831076618241,0.538088375569181,0.50558608684175,0.402833409794874,0.541646314328423,0.500566285213549,0.464679619715494,0.392616728129065,0.538188131922394,0.427816841163496,0.381155755346327,0.274940263097502,0.437760573863148,0.520711738327646,0.502718631930892,0.345660173579376,-0.0754836802346775,-0.0552230908247747,-0.0470236381611053,-0.0370494022037553,-0.100113473459824,-0.100601736772911,-0.0968986103851989,-0.0922409654541099,0.0439561327762979,0.0410316637251208,0.0386573688040732,0.0332088450896852,-0.0472830458124628,-0.0445377759936286,-0.042421865485233,-0.0330328203695666,0.486362468284986,0.514608889420894,0.496234480045479,0.418708726227687
"gamma_EDUSUP_LV1",0.00258255214426084,0.00289846069238084,-0.0891021779331648,0.00801489703359329,0.0108489854901414,-0.0144721331609024,0.00681274907858865,-0.000116930266885995,0.0077795650897357,-0.00929112450598137,0.00882896941036949,-0.0161884815396359,-0.0365889189745422,0.0104198198569134,-0.0997899820019599,0.127629859137604,0.0424263481589934,0.628858593326336,1,0.0357913087510014,0.0871070854094578,0.106742491917448,-0.265920934923108,-0.0969750549715732,0.021175664489132,-0.166118518553096,0.0558077385073672,-0.00184159668164642,0.00147536820496443,0.00686391701327878,-0.00234570048522016,-0.00690824857979757,0.0468219143142104,0.251724945928582,0.257182107315313,0.127730740326743,0.197082164837262,0.00492641500653653,0.0105228475209865,0.00906005870037274,-0.0651201997383908,0.238429565287122,0.374682618242985,0.411634061561119,0.383523628244252,0.306860013672788,0.406335644716755,0.399366304542204,0.374594195340952,0.323849949325176,0.428806858669548,0.308064017852729,0.266813792411934,0.189011266672634,0.344632783779388,0.402213774452304,0.387800523411057,0.262065032312085,-0.0784513467178962,-0.0569569823533753,-0.0472052401805053,-0.0331423083757556,-0.0798149606436909,-0.00794198234047324,-0.00192226894664869,0.00442730476392663,0.00184440605272053,0.000197901757982427,-0.00133112746834052,-0.00559810931158585,-0.0513815293929434,-0.0499106079468671,-0.0486871379722583,-0.0436530531207773,0.37279558946511,0.402026910738779,0.386927075069825,0.326756515890097
"gamma_EXP_5_LV1",0.0148897525597851,0.0130207601486233,-0.0808585727718541,0.0171341248190406,0.0180579263885754,-0.0128443179099656,0.00271957998654193,-3.1135210736125e-05,0.0155811246209053,0.00367300615894821,0.00260008526494755,0.01239547267937,-0.00259194152589775,0.020811343386608,-0.0629338281202625,0.0414751648596928,0.0891990661638464,0.0128488771458797,0.0357913087510014,1,-0.111228312348989,-0.233484960700292,0.31357384037786,0.255495392506112,-0.0829408170995918,-0.0117444746732095,-0.106290949688953,-0.105069927260117,-0.124363871823163,0.132976909915756,0.0108843043873868,0.0115186946683603,-0.0145364720976685,-0.110727682335974,-0.200076397458855,-0.153661670832225,-0.248605654627307,-0.0825948032395651,-0.0254099765793269,-0.258052965481595,0.10640669240835,-0.254837366622568,0.133384920150249,0.215626208607843,0.212938711164147,0.168915838809136,0.188601949421996,0.173100361931201,0.162827170608399,0.119546692697114,0.158338733855894,0.179751048518221,0.163160826496485,0.117862390685424,0.177483076947953,0.184162570101702,0.167128215651859,0.100981524949302,0.012361778730321,-0.0155337390100864,-0.0236499609098841,-0.0445755674190164,0.00236859728713606,0.00197635265416056,-0.00416985729796168,-0.0279523006118546,-0.189796497301718,-0.174630631106869,-0.163787641666467,-0.133397001711248,0.0791257442970433,0.0749334657032219,0.0719227380035138,0.0555811421262053,0.197057147124656,0.161055841298641,0.143599345229686,0.0938313622031266
"gamma_HPICO_LV1",0.00352863034959868,0.00186608841784038,-0.0405731949006534,0.00803043974654147,0.00326238074819289,-0.000955708377578727,-0.00368938320812445,4.1817355198304e-05,0.00145669666661737,-0.00382910644625274,0.00146793176817117,-0.00753256709812549,0.00846303260690619,0.00302527106791176,0.036421547484206,-0.016839737678104,0.0137118137756742,0.0936728316160189,0.0871070854094578,-0.111228312348989,1,0.080874667149521,-0.229254791319102,-0.0783635195398804,-0.439359918560186,-0.0578191827012377,0.0173931750085524,-0.00203175868847607,-0.0158418228292536,0.00346059472107144,0.00461544530478424,-0.00224080988554655,-0.00112943714518718,0.163722664091856,0.157122945828422,0.132934155963716,0.138157233980818,0.0193269363215336,-0.0222074426688702,0.00110698101529332,-0.0210554669972079,0.111246745358168,0.176022572349789,0.207731199099919,0.194526192780237,0.171926952330447,0.199272456966501,0.197032685994144,0.185639025234158,0.168097839041921,0.183398323095445,0.178549311396659,0.162019376509199,0.144460195867794,0.164701037454706,0.197610050477999,0.189598467934085,0.132537515186527,-0.223083715513475,-0.136423096721594,-0.121542291271509,-0.104457321430411,-0.251823335949832,-0.0630458971100921,-0.0589132433700052,-0.0526308704876093,9.48180276461388e-05,-0.000286138412028235,5.15941872912634e-05,-3.96232020930577e-05,-0.0150445525723148,-0.0142617544076837,-0.0137655465111468,-0.0117653768669091,0.205803940959617,0.185298856243341,0.17507809942359,0.141216790885287
"gamma_SININFOTRF_LV1",-0.0083896195167762,-0.00594738174504561,0.00728934614123352,-0.0153444258253531,-0.00599770856666056,0.00180985465103878,-0.00457621871721159,-9.10196002455502e-05,-0.00390588732098501,-0.00789712719455975,0.00567293018150319,-0.00617247803969275,-0.0847653677351608,-0.0178342026096596,-0.00605616574330734,0.0278101546288387,-0.0370290253438415,0.0940684754890986,0.106742491917448,-0.233484960700292,0.080874667149521,1,-0.19382380166293,0.0629822816843436,0.0623807524002939,0.0621248735285039,0.0483045553533282,0.0607101750379599,0.0683861384316282,-0.0731617102639632,-0.0139649727128196,-0.00762322510925545,0.0144819148577329,0.157937902594344,0.216487134353659,0.172426160828232,0.204478269204182,0.00685703228606611,0.0989626953778586,0.132673941347549,-0.0391241811754456,0.185180903412659,0.45109232830544,0.461938915723686,0.414884824601412,0.23110648779395,0.451107155230853,0.467412970390533,0.426556757050905,0.312250253210377,0.427093453251129,0.428094986690479,0.392226928353293,0.226202048791296,0.339206011248072,0.449755847253985,0.449426677852321,0.310247062452607,0.0742719107286228,0.0388845874981316,0.0378194772462487,0.0373997285579261,0.11059434263947,0.108253755702565,0.109693695345003,0.105569332293288,0.0993949991245689,0.0909477915543324,0.085236416781916,0.0691985194241591,-0.0269742684584187,-0.0262255618908844,-0.0254108600963782,-0.0192842385506235,0.419985822610283,0.45625260220701,0.437519041586577,0.353192672318989
"gamma_LV2_LV1",0.00255204676034508,0.00205185567948866,0.0169002137429945,0.000440757735478505,0.000735728544639488,-0.000630287919372149,-0.00322112362045494,5.93000688108889e-05,0.00217942555486739,0.00717024224394929,-0.00746080760867029,0.014299799633114,0.0281626063245531,-0.00426192023893529,0.024438746000798,-0.104430209920029,0.00233209362577566,-0.244714487539108,-0.265920934923108,0.31357384037786,-0.229254791319102,-0.19382380166293,1,0.172887196826105,-0.01199184020484,0.0645172302779744,-0.049185548692935,-0.0228098775755372,-0.0490634487094665,0.0335833294027362,-0.0105691361107394,-0.00676382040045066,-0.00473743434804676,-0.617444384449357,-0.633421505507454,-0.518875683999491,-0.603999713698501,-0.0430014716457782,-0.0479045372432095,-0.0715395221501167,0.036645400108873,-0.641637719191495,0.0844137230048707,0.0249171997020804,0.0104570234065676,-0.080579227624419,0.0693721215909105,0.0327283999977003,0.0187194166738073,-0.0449334486630174,0.0396991335201167,0.0631935108619474,0.0610813576763356,-0.0269127122270572,0.0429986503879073,0.0506588462681658,0.0517517073536807,0.0302077384409889,0.13340597299195,0.0457299550366096,0.0309077981426995,0.00559345302390765,0.122358473264962,-0.0231091996503653,-0.0309475561626962,-0.0466000334935299,-0.0460874088038966,-0.040331753271954,-0.0368176378482379,-0.0266109589578698,0.0351600545828563,0.0342853739515779,0.0340061381394693,0.0300148610198259,0.0701712264795172,0.0409619125928618,0.0302210454450576,-0.000745377877195308
"gamma_EXP_4_LV2",-0.000140624308754358,0.000455130995739528,0.0165069321626242,-0.00214198987048076,0.000755989798974392,-0.0029561016786427,-0.00531663213698815,1.44496561349617e-05,0.00421372343243042,0.00267817200762186,-0.000657926431776764,0.00401565988940032,-0.00599338947692369,-0.00964545755922722,-0.00169733202579956,-0.00868873337311563,-0.00879581687920898,-0.137652443490913,-0.0969750549715732,0.255495392506112,-0.0783635195398804,0.0629822816843436,0.172887196826105,1,0.197800940036082,0.121981625185112,-0.00353864779654206,-0.000518182932385422,-0.0322946760758118,0.0280377646782986,0.00603132366563045,0.00425393546959337,0.0191737118401193,-0.0949426941494903,-0.0492584944458232,-0.0181125397615584,-0.101526948877283,-0.0082773730332598,0.189797629557428,-0.0909471948060914,0.100915910012456,-0.103366891539365,0.203983084093996,0.219347679811737,0.188904549713628,0.107438978758981,0.191624611341349,0.236384074166322,0.21740178972188,0.171413320676528,0.156123212788923,0.249048385542446,0.229131020931529,0.161795212318392,0.17350324029479,0.210771639455069,0.207211401108439,0.136445190096226,0.346468835300808,0.223965528613659,0.192579084893935,0.137024577000251,0.434701555349101,0.267900698398137,0.253047618435703,0.20950282260879,-0.0772482858570359,-0.0710630155783938,-0.0662848922427231,-0.0553658059035858,0.0579766076840697,0.0548916519245786,0.0526106773055212,0.0419231274092573,0.201436683493135,0.211425425226387,0.19823180720188,0.153068848522832
"gamma_HPICO_LV2",-0.00993055197300356,-0.0071341182340932,0.043810703031984,-0.0136425209935821,-0.00912026570744823,0.00228114923442528,0.00377639701230355,-0.000152504103964289,-0.00338987431559814,0.00644508600924665,-0.00767143922502686,-0.000194279302525723,-0.0083299169276354,-0.00199456256662194,-0.00262606618074676,-0.00255818638531435,-0.0432772040204105,-0.0600674035538096,0.021175664489132,-0.0829408170995918,-0.439359918560186,0.0623807524002939,-0.01199184020484,0.197800940036082,1,0.0190080278143384,0.0804877255505963,0.0541535741847619,0.039137155235087,-0.051449213698741,0.000136576524008517,-0.00960820368287969,0.0186244771176518,-0.035940737032206,0.0265080838265738,-0.0489780826604193,0.00673551417238944,-0.0201809089521721,0.15952926089672,0.128012270196099,-0.0475405928044189,0.0288955939339764,0.122571914569395,0.0912514585299489,0.075228555314603,0.0231510127281268,0.0933490412596012,0.126554606874534,0.123471571846952,0.0922813814377595,0.124983439326537,0.0695859335105599,0.0569833595383064,0.000333452156911828,0.08329835671166,0.104678420196169,0.104254933065448,0.0721858489918075,0.452028458719134,0.273839221551023,0.24753770791304,0.211641326150721,0.523588758042702,0.235554025350267,0.232599049766196,0.217976993910885,0.0921854530147962,0.0835260801878642,0.0779730146936893,0.0616160733876306,-0.0372076761763708,-0.0360781627309393,-0.0353223422572028,-0.0294908810564315,0.0851122618468617,0.12337294562873,0.123578795854715,0.110527529671529
