"","asc_ruta1","asc_ruta2","asc_rutaEC","b_tt","b_dt","b_CongCD","b_CongEF","b_Sem","b_ACC_1","b_ACC_2","b_SI_CAMFD","b_SI_PANEL","b_SI_ZER","b_Si_MTRP","lambda1","lambda2","lambda3","zeta_PrPer","zeta_AmbTr","zeta_ComVrb","zeta_ComAfec","zeta_ConCl","zeta_Ans","zeta_StrC","tau_PrPer_1","tau_PrPer_2","tau_PrPer_3","tau_PrPer_4","tau_AmbTr_1","tau_AmbTr_2","tau_AmbTr_3","tau_AmbTr_4","tau_ComVrb_1","tau_ComVrb_2","tau_ComVrb_3","tau_ComVrb_4","tau_ComAfec_1","tau_ComAfec_2","tau_ComAfec_3","tau_ComAfec_4","tau_ConCl_1","tau_ConCl_2","tau_ConCl_3","tau_ConCl_4","tau_Ans_1","tau_Ans_2","tau_Ans_3","tau_Ans_4","tau_StrC_1","tau_StrC_2","tau_StrC_3","tau_StrC_4"
"asc_ruta1",1,0.778480447936992,0.684098935182069,-0.0382008364179404,0.139434213777537,-0.0343568211508635,0.0198618405231036,0.151372010885032,-0.0296266297036848,0.0091971191883076,-0.0335182004030214,-0.00781532150052391,0.00955693559792524,0.0441452113403281,0.0230890839310326,0.00853999567407079,0.0281467470747583,0.000304334563466419,-0.000770192894555755,-0.000364130795860172,-0.00686401506893098,0.00281542199328203,-0.00178529277869175,0.0010715817493838,0.00139062198424097,0.00186384377147934,0.00135026097243273,0.00103492037096798,0.000934925119821833,0.00174147669120212,0.00199946171756723,0.00189684564739709,-0.000517098297931675,-0.000644468140476969,-0.000476846524057807,-0.000326070884726233,0.00305614639082609,-0.00436929716050256,-0.00522824734431553,-0.00535108621223312,0.00307902124241901,0.00419633425201345,0.00390304759705327,0.00340978071698267,0.0023081164344256,0.00227848082391489,0.0021420574488205,0.00179261946226427,0.000668974156615267,-0.000120112962619261,-0.00104170617771501,-0.00107680569604265
"asc_ruta2",0.778480447936992,1,0.597692443113467,-0.137567846741257,0.00471298551667708,-0.00420918547660554,0.056936157557533,0.0419999637031414,0.0229735908503861,0.0296488558684411,0.0336176954162295,-0.00895376578436397,0.0297600394371897,0.124118712546389,-0.000724790797107249,0.0048865711838021,0.0120507928465608,-6.91751378920925e-05,-0.000321427923203925,-7.04491505526548e-05,-0.00300585476692155,0.00125844836239919,0.00019131734721843,-0.000181070159344758,0.000464138404482688,0.000804210405422878,0.000730195854980984,0.00061484499846386,0.000444415258347101,0.00076191945811468,0.000848633583885829,0.000773367484343949,-0.000194526281159169,-0.000254694559130213,-0.000192725962667196,-0.000131128542597727,0.00124944690819122,-0.00201728163671518,-0.00230073337893455,-0.00229982549231975,0.00119435198286815,0.00175627555358343,0.00173100492636183,0.00152663602315701,0.000174963754548395,4.27874269411454e-05,-5.7147567391908e-05,-0.000127642997309138,0.000381885646832629,0.000354530826220848,0.000248086467154139,0.00023997657882556
"asc_rutaEC",0.684098935182069,0.597692443113467,1,0.133507535833361,0.0470100699008071,0.0794366872554394,0.429470412464247,0.00490184397876252,-0.0313198077161559,0.0333376706018759,0.0118261870502723,0.040613527096745,0.048468460561708,0.0144613765064315,0.304159401989707,-0.0919730050268978,0.155309671485212,-0.0119340112903222,0.00585273426643063,-0.00258342252470705,-0.0409412624480887,0.0215776177120378,-0.0321454869343959,0.0238895749852866,0.00345410192769336,0.0257210815567515,0.0248548135347327,0.0177334481217381,0.0194031582918962,0.0191483633426403,0.0117075511210496,0.00732143667894489,-0.00792538112962919,-0.0109350263041595,-0.0111265877150172,-0.00986458343047974,0.0406945555157964,-0.0112952168817354,-0.0203499397269665,-0.0247178317305054,0.0384171260944812,0.0415531567326783,0.0373771134829157,0.0323594189284801,0.0397675844591887,0.0395964818967864,0.0383101253948672,0.0332540313927262,0.00802573952886525,-0.00774868457924026,-0.0223127583745027,-0.023045929175764
"b_tt",-0.0382008364179404,-0.137567846741257,0.133507535833361,1,-0.298462838877245,-0.0638477465004262,-0.195609351246907,-0.136408323201508,-0.0762990149607335,0.00149379102609124,-0.123522263577033,0.0650514120202943,-0.12708956929902,-0.136643666555929,0.000704441191724407,-0.00501036621692367,-0.0246062929342638,0.00256466603475673,-0.000607965972930025,-0.000960721124480573,0.00179706533329755,-0.00191530399625972,0.00198051009590416,-0.00201264814817139,0.0014948882622993,-0.000957408735646232,-0.00208871601273314,-0.00195321867327594,-0.000960293113374512,-0.000418948799176711,0.000125073616742783,0.000447034426221266,-0.000413224993934658,-0.000472039272718193,-0.000334054155447131,-0.000181359259295779,0.000765255295202188,0.0027669976104376,0.00186874197704973,0.000934594082087464,0.000453604713317849,-0.0011638913687127,-0.00162599961463965,-0.00145300647433848,0.000618391717070526,-0.00027727765426159,-0.00073003421764025,-0.00112606385543188,0.00288496540105521,0.00309756396550924,0.00288186496970568,0.00274449562115164
"b_dt",0.139434213777537,0.00471298551667708,0.0470100699008071,-0.298462838877245,1,-0.0596162480291671,-0.0325676176972528,0.38364804908479,-0.0335027109941108,-0.00419971137917447,-0.0766091501045323,-0.039551562501172,-0.0360999317056092,-0.103337668739719,0.0680420286639228,0.00579473286243836,0.0699875361290918,0.000273203857388992,0.000652878810827024,-0.0017459710954851,-0.01668993459187,0.00959608732750379,-0.00379595093476015,0.000354805487957703,0.00220701018433061,0.00410155603030546,0.00318232290689865,0.00220846950447767,0.00302980402248917,0.00330221003651071,0.00254254598292037,0.00217041629931264,-0.00118816385561489,-0.00139227619725854,-0.000877445238586925,-0.000422327122698595,0.00669274707922718,-0.0118916877997289,-0.0136097562689681,-0.0133546333125037,0.00800171431582301,0.0117526720785742,0.0111026547345068,0.00973436767455507,0.0043809146139767,0.00422765154204684,0.00406626554044144,0.00343018079813265,0.00196951102673806,0.000977157539725649,-0.000760126206446169,-0.000837610272776157
"b_CongCD",-0.0343568211508635,-0.00420918547660554,0.0794366872554394,-0.0638477465004262,-0.0596162480291671,1,0.498808169843984,0.0121929608360489,0.0675393978409906,0.0454663362296576,0.0631380632178102,-0.000401401852186458,0.0472560582305509,-0.0657325070924887,-0.151002391723658,-0.00203971052965895,-0.121723106070404,0.0034249652672304,-0.000238213587455529,-0.00594965118566437,0.024145347799925,-0.0104124596476888,0.012006716225638,-0.00471714145354712,-0.00209642951905974,-0.00978699372180697,-0.00976014669859283,-0.00830801919878376,-0.00612205035027944,-0.00800162127180394,-0.00685653541498539,-0.00586614065199372,0.00125372631749517,0.0026082456557673,0.0033594564999405,0.00364402511162104,-0.0144289079139854,0.0139545364216652,0.0182144302386976,0.0191211742663708,-0.0143631564965622,-0.0171006743688761,-0.0145527616672336,-0.012186209905511,-0.0140702413315241,-0.014360889001228,-0.0135493339304834,-0.0112326399759077,-0.00402458396586564,0.000147813347403335,0.00570849851852413,0.0058965071141001
"b_CongEF",0.0198618405231036,0.056936157557533,0.429470412464247,-0.195609351246907,-0.0325676176972528,0.498808169843984,1,0.00884632881046265,0.023340013873365,0.0644141473333159,0.0295283815667442,-0.018362121248119,0.0884213956386379,0.0230796096430058,-0.120467549116537,0.00323902692366718,-0.122408395264542,0.00263457732550299,-0.00299920902362973,-0.00728821213057957,0.0198183835605182,-0.00854430293214228,0.00539164119297339,-0.00155362327494561,-0.00212736534922367,-0.0101201240607654,-0.00970254836264981,-0.00741847203551175,-0.0074252421580223,-0.00815889943426959,-0.00556313003870912,-0.00383707108160979,0.000707790388014534,0.00227154139677409,0.00329077479700283,0.00366753129280332,-0.0117307827600941,0.0119996981819602,0.0161690460160505,0.0170155746331436,-0.0116588258019837,-0.0138279463380214,-0.0112056100706738,-0.00900503262848504,-0.00725244890134977,-0.00695598801683744,-0.00611481504727392,-0.00460621923238525,-0.00273269155490912,-0.000654033998181013,0.00281867852659054,0.00270967082053277
"b_Sem",0.151372010885032,0.0419999637031414,0.00490184397876252,-0.136408323201508,0.38364804908479,0.0121929608360489,0.00884632881046265,1,-0.0721337315403709,0.0121471819962533,-0.0591325542013657,-0.0716010743734147,-0.0326440194048631,-0.122234448632701,0.0338518749126033,-0.0642113416314321,-0.0233540283823487,-0.0106392662671239,0.00503747671766424,-0.00110130793849255,0.00966375580172017,-0.00320754185446326,-0.0135895475398639,0.012573742326939,-0.0094836224386734,0.000771641487919415,0.00597564761004312,0.00566211287164431,0.00154679066151238,-0.00263616459077479,-0.00516321841592751,-0.00554155863635781,0.00073425149570565,0.00123593430226322,0.00143653776194909,0.00131027437786374,-0.00367708178386088,0.00550685728836471,0.00608763372860091,0.00670792593788265,-0.00467552510651369,-0.00600264776379644,-0.00563009941889748,-0.00528788950836621,0.00650299181853087,0.0100892610565277,0.0117560887601448,0.0123088818480156,-0.00840850023757514,-0.0120870977303655,-0.0135794042859061,-0.0133562394426745
"b_ACC_1",-0.0296266297036848,0.0229735908503861,-0.0313198077161559,-0.0762990149607335,-0.0335027109941108,0.0675393978409906,0.023340013873365,-0.0721337315403709,1,0.107324296340835,-0.0338320677814219,-0.0430226494693323,-0.0229620551358317,0.0444590919652814,0.0575638615332582,0.0916901353171052,0.101583596448826,0.00454682312554609,-0.0036364820411776,0.000631341547419727,-0.0137502824778302,0.00447684239180073,-0.00797923853584946,0.00352832565903681,0.00687385074067402,0.00364049163156455,0.00093981934183301,0.00114314583240945,0.00167750832698626,0.00516242455202912,0.00695894240348805,0.0066898354297615,-0.0010926303886674,-0.00166137652980713,-0.00173609797330139,-0.00149359768422741,0.00660863661882804,-0.00770616971182729,-0.0105724699293055,-0.0117521951629423,0.00696875842168058,0.00928687145901904,0.00798767920878884,0.00593573102064941,0.00614765774147577,0.00777044590283839,0.00799118035496684,0.00730510383999889,-0.000883908996651232,-0.00241548375043258,-0.0042422523476295,-0.00425311809752849
"b_ACC_2",0.0091971191883076,0.0296488558684411,0.0333376706018759,0.00149379102609124,-0.00419971137917447,0.0454663362296576,0.0644141473333159,0.0121471819962533,0.107324296340835,1,-0.00885643058764656,0.0448802484497512,-0.0140297166092424,-0.0304379934325057,-0.0383605206402644,0.0421229399957306,-0.00832816512391451,0.00368154891218173,-0.00231816982568229,-0.00103877285533185,0.00554637881301649,-0.00228901864765667,0.00474605029824516,-0.00295378870705142,0.00172667073429864,-0.00418305322649466,-0.00490619314610137,-0.00345149900975102,-0.00302181206142852,-0.00247595284911601,-0.000612463126098561,0.000358535336356568,0.000333681502369704,0.000778740197475011,0.00096474121208167,0.000934867770832739,-0.0036269141725521,0.00343666530068381,0.00430979358852018,0.00431809862586778,-0.00264609146108742,-0.00321690391202435,-0.0028639853723686,-0.0025199828305801,-0.0039018151209636,-0.00460055368960706,-0.00475217350697247,-0.00445441342696205,0.00053842190785388,0.00190865023110689,0.00327149083753277,0.00325192120439505
"b_SI_CAMFD",-0.0335182004030214,0.0336176954162295,0.0118261870502723,-0.123522263577033,-0.0766091501045323,0.0631380632178102,0.0295283815667442,-0.0591325542013657,-0.0338320677814219,-0.00885643058764656,1,-0.074508991209506,0.116667626012668,0.101006714030837,0.0193241347061531,-0.0519929878726631,-0.0458268436251639,-0.00481726805830219,0.00206647623113304,-0.00191605857972362,0.0109973801635196,-0.00230479257894389,-0.00505125131002906,0.00487115581893716,-0.00571820050929366,-0.00177921526107546,0.00105047172128546,0.001344739460469,-0.00130413035953604,-0.00319202949321461,-0.00379521675441977,-0.00358712876224979,0.000646363273225713,0.00118772363637645,0.00140388909244062,0.00138575641922903,-0.00398448755271296,0.00600160821472221,0.00741574066620351,0.00823605224589079,-0.00421626468007453,-0.00604141868449664,-0.00550359019112281,-0.00474152194775268,0.00193454121020714,0.00337442815466051,0.00411086794361756,0.00456229869370104,-0.0036570346495719,-0.00489801589465039,-0.00543588014951837,-0.0052892109176837
"b_SI_PANEL",-0.00781532150052391,-0.00895376578436397,0.040613527096745,0.0650514120202943,-0.039551562501172,-0.000401401852186458,-0.018362121248119,-0.0716010743734147,-0.0430226494693323,0.0448802484497512,-0.074508991209506,1,0.0099825550411745,-0.0690352466900989,-0.0523305283074751,0.0473376781238091,-0.0311836375796805,0.0074915592952258,-0.00514859292398426,0.0049206804929194,0.00594320079138494,-0.000793759388710893,0.00814423728818734,-0.00841166462439623,0.00532690157668157,-0.00399162296499148,-0.00697873220854965,-0.00584044144126531,-0.00395325126533138,-0.000982479345883882,0.00209580387228631,0.0029847529100169,0.000805353069887174,0.00030842901667906,-0.00069482068386665,-0.00126623947793358,-0.00191131609454851,0.00409685078904819,0.00503016282363013,0.00481656326293417,-0.00117861344356999,-0.00257485673462338,-0.00203326183504896,-0.00111039084278365,-0.00500937183634198,-0.00688993447233273,-0.00778722329921159,-0.00797434755493166,0.00443256805892257,0.00697612194146421,0.00848721499181266,0.00837377088399262
"b_SI_ZER",0.00955693559792524,0.0297600394371897,0.048468460561708,-0.12708956929902,-0.0360999317056092,0.0472560582305509,0.0884213956386379,-0.0326440194048631,-0.0229620551358317,-0.0140297166092424,0.116667626012668,0.0099825550411745,1,-0.0268636302223915,0.00971958504167176,-0.0181691297834799,0.00715592618495636,-0.00255961768806989,-0.00032895549499182,-0.00479398371160718,0.000841273928347682,-0.00189497261658059,0.000936834363685784,-0.00234635133088927,-0.00162001950799375,0.00079949046772178,0.00153738021456717,0.00132377562992522,0.000167907574853377,0.000182106890729975,-4.28754790290944e-05,-0.000180086376150516,-0.000244239786053314,0.000537605145871053,0.0015445932719454,0.00193185379306802,-0.00146836362713494,-0.000603829022361526,2.83117856250675e-05,0.000460645037472142,-0.00249632739280992,-0.00240441398281115,-0.00217670527305048,-0.00209783612169385,-0.000390914393980617,-0.000718944369243491,-0.00105904725857712,-0.00147944785616305,0.0013920526997733,0.00182225612487555,0.00165510002401376,0.001662805560597
"b_Si_MTRP",0.0441452113403281,0.124118712546389,0.0144613765064315,-0.136643666555929,-0.103337668739719,-0.0657325070924887,0.0230796096430058,-0.122234448632701,0.0444590919652814,-0.0304379934325057,0.101006714030837,-0.0690352466900989,-0.0268636302223915,1,0.0232633123860481,-0.0730115117730519,0.00327029843748048,-0.00688708410806664,0.00434726466218048,0.00195766769553468,-0.00688404176379523,0.00583859518519464,-0.0023905279556352,0.0037228460000892,-0.00420501679475865,0.00519192562760774,0.00750165457628979,0.00553447688876457,0.00436732287871533,0.00232642835294616,-0.000792493300368685,-0.00202577089264558,-0.000409996224342199,-0.0010601600848543,-0.00153574072796502,-0.00156251019629227,0.00437235203599941,-0.00392737193199105,-0.00517519441950962,-0.00522461304856715,0.00491337427646129,0.00642171004649806,0.00635519072323249,0.00575428766777051,0.0013749085619822,0.00203766952917361,0.0024797555099061,0.00244459073588933,-0.00198493565685892,-0.00295020232093242,-0.00368882995318286,-0.00365558073834119
"lambda1",0.0230890839310326,-0.000724790797107249,0.304159401989707,0.000704441191724407,0.0680420286639228,-0.151002391723658,-0.120467549116537,0.0338518749126033,0.0575638615332582,-0.0383605206402644,0.0193241347061531,-0.0523305283074751,0.00971958504167176,0.0232633123860481,1,0.0733492730494706,0.670470690743913,-0.0181627770006542,0.0012413365876611,-0.0151966098002095,-0.098907196746202,0.0538572345546857,-0.110946162152538,0.0758621272700991,0.013499188822874,0.0507670404905664,0.0464815183750202,0.0374288951868369,0.0339047053565732,0.0409954626683967,0.0337888670615953,0.0271521456893458,-0.0108445671552355,-0.0125344971321329,-0.0091475887088821,-0.00622427788455875,0.0516880997140161,-0.0563494797861045,-0.0706121483705705,-0.0743433001723286,0.0572072048152674,0.080792375329829,0.074658555176302,0.062226256699993,0.0902204215496573,0.104454679536407,0.108055355576548,0.0999934998821018,-0.0173877762493204,-0.0544645241147116,-0.088305385950068,-0.0877547838133363
"lambda2",0.00853999567407079,0.0048865711838021,-0.0919730050268978,-0.00501036621692367,0.00579473286243836,-0.00203971052965895,0.00323902692366718,-0.0642113416314321,0.0916901353171052,0.0421229399957306,-0.0519929878726631,0.0473376781238091,-0.0181691297834799,-0.0730115117730519,0.0733492730494706,1,0.59414670536807,0.085003392287603,-0.0575482501638456,-0.0136530875375415,-0.0637870406487603,0.0338639222611738,0.00602388710492139,-0.0192532657237258,0.0836150930305581,-0.00995305050031312,-0.0507935667189825,-0.0383635664522286,-0.0165505443993839,0.0213390835001451,0.0530462279325572,0.0604762141909826,-0.008053259631312,-0.00798185829600549,-0.00394378615091298,-0.00118785908956089,0.0309679096943319,-0.0317932651484825,-0.0409833463986607,-0.046488734043546,0.0422569083460068,0.0569324772466863,0.0516922135150869,0.0445360176765606,0.0145376157052258,0.00712368862246354,0.00104491324023667,-0.00440736741058716,0.0272123051849256,0.0266719079544301,0.0209456558952514,0.0197659595043723
"lambda3",0.0281467470747583,0.0120507928465608,0.155309671485212,-0.0246062929342638,0.0699875361290918,-0.121723106070404,-0.122408395264542,-0.0233540283823487,0.101583596448826,-0.00832816512391451,-0.0458268436251639,-0.0311836375796805,0.00715592618495636,0.00327029843748048,0.670470690743913,0.59414670536807,1,0.0373294498305211,-0.0246371958895755,-0.0100217296663851,-0.160415102149051,0.0733646978248399,-0.0531242807391946,0.0306020605652857,0.0619723822918983,0.0412023424768645,0.013510395551353,0.0101058762728888,0.0244595513137881,0.0495090945739085,0.0581974518296272,0.0559114185896969,-0.0140294867002231,-0.0166374967712148,-0.012055298152157,-0.00813781973688643,0.0722596939602516,-0.0909754530751048,-0.112116857387875,-0.118872685558496,0.0853856319776976,0.120139906890564,0.110530883719586,0.0939592713927513,0.0595599501451256,0.0614299091726642,0.0589998187954707,0.0506686624619725,0.0100396265770776,-0.010159633967319,-0.0339161937156665,-0.0342830873121122
"zeta_PrPer",0.000304334563466419,-6.91751378920925e-05,-0.0119340112903222,0.00256466603475673,0.000273203857388992,0.0034249652672304,0.00263457732550299,-0.0106392662671239,0.00454682312554609,0.00368154891218173,-0.00481726805830219,0.0074915592952258,-0.00255961768806989,-0.00688708410806664,-0.0181627770006542,0.085003392287603,0.0373294498305211,1,-0.113353222719645,0.0929606658063735,-0.187588820967402,0.0605135843647015,0.146007758635001,-0.0969543892357477,0.740920612782247,-0.117524121639261,-0.575720173438656,-0.650513906811038,-0.0521637846920985,0.127362638309591,0.211502618088707,0.216530598212571,-0.00381584385353036,-0.0209496455043895,-0.0386090283509532,-0.0426816693204526,0.0752901008397449,-0.0883468123670799,-0.0999400262949126,-0.123156877112979,0.0809426849937772,0.100990446668662,0.108904772331466,0.119760566155816,-0.0751591035685808,-0.101622528825509,-0.112845778792052,-0.118971596952709,0.0680270117289713,0.107520418044615,0.122571598575725,0.122770308106744
"zeta_AmbTr",-0.000770192894555755,-0.000321427923203925,0.00585273426643063,-0.000607965972930025,0.000652878810827024,-0.000238213587455529,-0.00299920902362973,0.00503747671766424,-0.0036364820411776,-0.00231816982568229,0.00206647623113304,-0.00514859292398426,-0.00032895549499182,0.00434726466218048,0.0012413365876611,-0.0575482501638456,-0.0246371958895755,-0.113353222719645,1,-0.0145354353238561,0.0285238988688044,0.021361287790434,-0.0616396860059047,0.0399232770803642,-0.152185835224645,0.0814894036249614,0.184004788289285,0.145162898100927,0.551764448842983,-0.0528483701901162,-0.520990342637807,-0.611200323958568,0.00147261183940622,0.00591135268619156,0.010597651246973,0.0121864825027052,-0.0245316379170089,0.025101428934075,0.0270909985243923,0.0224161402610832,-0.000880955821768225,0.0123743072644564,0.018214075226852,0.0149494991193006,0.0652019249435085,0.0743112079321091,0.0750915406111555,0.0765813180883404,0.00223306730880223,-0.0134762609111528,-0.022437706907085,-0.0209461945413033
"zeta_ComVrb",-0.000364130795860172,-7.04491505526548e-05,-0.00258342252470705,-0.000960721124480573,-0.0017459710954851,-0.00594965118566437,-0.00728821213057957,-0.00110130793849255,0.000631341547419727,-0.00103877285533185,-0.00191605857972362,0.0049206804929194,-0.00479398371160718,0.00195766769553468,-0.0151966098002095,-0.0136530875375415,-0.0100217296663851,0.0929606658063735,-0.0145354353238561,1,-0.254020317805789,0.0540125027227349,0.0767750291942517,-0.0215943643821106,0.109076155356234,0.0904729722500785,0.0323725003953684,0.00127949961773277,0.0492665669624621,0.101493491444912,0.0978858216162654,0.0864282447344125,0.0597448660119398,-0.0744727099000557,-0.237380656854674,-0.299994759999929,0.145147330720312,-0.125987520154575,-0.158620130230832,-0.174561246071521,0.122026066097809,0.119495670846167,0.11444964489866,0.11866990969485,-0.0140707754659123,-0.0315811949826375,-0.0431056390890537,-0.0531464320880202,0.0441242750099629,0.0545217122578171,0.0484942289737416,0.0453179708177443
"zeta_ComAfec",-0.00686401506893098,-0.00300585476692155,-0.0409412624480887,0.00179706533329755,-0.01668993459187,0.024145347799925,0.0198183835605182,0.00966375580172017,-0.0137502824778302,0.00554637881301649,0.0109973801635196,0.00594320079138494,0.000841273928347682,-0.00688404176379523,-0.098907196746202,-0.0637870406487603,-0.160415102149051,-0.187588820967402,0.0285238988688044,-0.254020317805789,1,-0.189496978697268,-0.19352353989862,0.104597310463469,-0.198481506547006,-0.144852596476969,-0.0576373491879646,-0.00821718768548218,-0.0711742416465735,-0.167526937990726,-0.183006048403977,-0.171734945097361,0.0106916106219776,0.0630889534184368,0.111538481456386,0.122051142979916,-0.282306239049025,0.699679304661441,0.77478858551177,0.782835442810566,-0.243432963076776,-0.314627346750806,-0.311505551191752,-0.305520297928046,0.0394008862874361,0.0970013432719418,0.125408435298056,0.144656189146819,-0.138019778403479,-0.163996138903067,-0.155040330035083,-0.149603334425423
"zeta_ConCl",0.00281542199328203,0.00125844836239919,0.0215776177120378,-0.00191530399625972,0.00959608732750379,-0.0104124596476888,-0.00854430293214228,-0.00320754185446326,0.00447684239180073,-0.00228901864765667,-0.00230479257894389,-0.000793759388710893,-0.00189497261658059,0.00583859518519464,0.0538572345546857,0.0338639222611738,0.0733646978248399,0.0605135843647015,0.021361287790434,0.0540125027227349,-0.189496978697268,1,0.0615041414858105,-0.062932579617646,0.112559574633191,0.0970923295875378,0.0363537157824825,0.00374543110591311,0.099057417421781,0.102131756511718,0.0610015267450841,0.0377018213540982,-0.0106769609357306,-0.0306518205327228,-0.0471685718269889,-0.0498420798884414,0.15410707299697,-0.131968807934199,-0.172398578076266,-0.176402100752184,0.523268140375979,0.725356550621518,0.769568499549648,0.750670818650577,0.0156014133130942,-0.0184908675479784,-0.0361891659788067,-0.0484136278146321,0.0910677250985293,0.0922142428532983,0.0790489061615396,0.0761352020571945
"zeta_Ans",-0.00178529277869175,0.00019131734721843,-0.0321454869343959,0.00198051009590416,-0.00379595093476015,0.012006716225638,0.00539164119297339,-0.0135895475398639,-0.00797923853584946,0.00474605029824516,-0.00505125131002906,0.00814423728818734,0.000936834363685784,-0.0023905279556352,-0.110946162152538,0.00602388710492139,-0.0531242807391946,0.146007758635001,-0.0616396860059047,0.0767750291942517,-0.19352353989862,0.0615041414858105,1,-0.379082202287806,0.147804702106794,0.0557517177818054,-0.0246181369851139,-0.0523575862758327,0.0144818280721027,0.0922338676206356,0.112730384748476,0.105250335528234,-0.00762213964008527,-0.0243861038162051,-0.0393467375639068,-0.0421434981206137,0.0938707362952518,-0.106118861933076,-0.108498211393551,-0.114575775498955,0.0840679718375546,0.101114284678559,0.10679306425734,0.114216578418807,-0.660644593650486,-0.848653467433663,-0.908042803471854,-0.921580619377526,0.195374322890538,0.346089884140082,0.422661707594339,0.418410366550613
"zeta_StrC",0.0010715817493838,-0.000181070159344758,0.0238895749852866,-0.00201264814817139,0.000354805487957703,-0.00471714145354712,-0.00155362327494561,0.012573742326939,0.00352832565903681,-0.00295378870705142,0.00487115581893716,-0.00841166462439623,-0.00234635133088927,0.0037228460000892,0.0758621272700991,-0.0192532657237258,0.0306020605652857,-0.0969543892357477,0.0399232770803642,-0.0215943643821106,0.104597310463469,-0.062932579617646,-0.379082202287806,1,-0.0599484117899531,0.0354774802194428,0.0816186306528254,0.0778588544511394,0.0380144039552978,0.00406987735813963,-0.0122921942274241,-0.0166242676681603,0.00182846041034913,0.00761652498016454,0.0134250507027903,0.0142540877623624,-0.0391571211893742,0.0840578811210579,0.0823558238632133,0.0797253958029222,-0.038502167629283,-0.0605400825933399,-0.0646984315789144,-0.0649540690512857,0.17615787490254,0.308679199080309,0.376523671229545,0.412660789867572,-0.63886566342868,-0.851255122673943,-0.912276906253601,-0.903208773218821
"tau_PrPer_1",0.00139062198424097,0.000464138404482688,0.00345410192769336,0.0014948882622993,0.00220701018433061,-0.00209642951905974,-0.00212736534922367,-0.0094836224386734,0.00687385074067402,0.00172667073429864,-0.00571820050929366,0.00532690157668157,-0.00162001950799375,-0.00420501679475865,0.013499188822874,0.0836150930305581,0.0619723822918983,0.740920612782247,-0.152185835224645,0.109076155356234,-0.198481506547006,0.112559574633191,0.147804702106794,-0.0599484117899531,1,0.256495286527926,-0.260045882626402,-0.404905465346463,0.194106758907071,0.3880581757127,0.375082294376674,0.311533898167883,-0.0320687713082644,-0.0659504466538987,-0.0925826086869811,-0.0957415042691125,0.237047894611332,-0.0146965098548985,-0.0583380969924359,-0.100642278570895,0.224537850001402,0.213829681730378,0.202123448643234,0.200458175200567,-0.0260968979724766,-0.0707372434566898,-0.0922473161252873,-0.108204884425267,0.0982862390725834,0.107711901997537,0.101592003524152,0.0990183915922856
"tau_PrPer_2",0.00186384377147934,0.000804210405422878,0.0257210815567515,-0.000957408735646232,0.00410155603030546,-0.00978699372180697,-0.0101201240607654,0.000771641487919415,0.00364049163156455,-0.00418305322649466,-0.00177921526107546,-0.00399162296499148,0.00079949046772178,0.00519192562760774,0.0507670404905664,-0.00995305050031312,0.0412023424768645,-0.117524121639261,0.0814894036249614,0.0904729722500785,-0.144852596476969,0.0970923295875378,0.0557517177818054,0.0354774802194428,0.256495286527926,1,0.515380767002009,0.275925990551067,0.419476332638029,0.458683684724166,0.283322933308227,0.150498368972212,-0.0386057180935627,-0.0733350755962084,-0.0985801016353242,-0.100823845950835,0.270297916621572,0.0289635783983798,-0.0251129368590137,-0.0609346185785659,0.242624365819923,0.210713292198818,0.185046799850298,0.170541421870859,0.0526984517673353,0.015607500216745,-0.00416041964256277,-0.0216495188200306,0.0680747196832096,0.0335035151006882,0.00393231108044171,-6.68273880525254e-05
"tau_PrPer_3",0.00135026097243273,0.000730195854980984,0.0248548135347327,-0.00208871601273314,0.00318232290689865,-0.00976014669859283,-0.00970254836264981,0.00597564761004312,0.00093981934183301,-0.00490619314610137,0.00105047172128546,-0.00697873220854965,0.00153738021456717,0.00750165457628979,0.0464815183750202,-0.0507935667189825,0.013510395551353,-0.575720173438656,0.184004788289285,0.0323725003953684,-0.0576373491879646,0.0363537157824825,-0.0246181369851139,0.0816186306528254,-0.260045882626402,0.515380767002009,1,0.644982750649725,0.310762230163663,0.221305035032946,0.068090817273297,-0.0179304179486959,-0.0225701876874068,-0.0396854044651405,-0.050581271993893,-0.0506307883474206,0.14602178148864,0.0256917045008214,-0.00584619625100937,-0.0211584204205424,0.124615759064225,0.10061212635891,0.0818267627660377,0.0689813798603817,0.0706410446486944,0.0578262073355562,0.0499445929097525,0.0409295209380265,0.0111371182830841,-0.0324045685893746,-0.0598270613273488,-0.0629743974838579
"tau_PrPer_4",0.00103492037096798,0.00061484499846386,0.0177334481217381,-0.00195321867327594,0.00220846950447767,-0.00830801919878376,-0.00741847203551175,0.00566211287164431,0.00114314583240945,-0.00345149900975102,0.001344739460469,-0.00584044144126531,0.00132377562992522,0.00553447688876457,0.0374288951868369,-0.0383635664522286,0.0101058762728888,-0.650513906811038,0.145162898100927,0.00127949961773277,-0.00821718768548218,0.00374543110591311,-0.0523575862758327,0.0778588544511394,-0.404905465346463,0.275925990551067,0.644982750649725,1,0.178700051077826,0.0665456964489586,-0.0320182469355796,-0.0605433844643066,-0.0106812948588411,-0.0165969778313732,-0.0191765932928406,-0.0184151171909271,0.0603591055833984,0.0186341541372145,0.00446262735039316,-0.000644491058880713,0.0468698570110022,0.0319593544711101,0.0202880396330195,0.0119010256419365,0.0583345178709086,0.059399323466132,0.0585347700075853,0.0550938329288673,-0.0156303888827117,-0.0512345939487382,-0.0709904124334001,-0.072885143056371
"tau_AmbTr_1",0.000934925119821833,0.000444415258347101,0.0194031582918962,-0.000960293113374512,0.00302980402248917,-0.00612205035027944,-0.0074252421580223,0.00154679066151238,0.00167750832698626,-0.00302181206142852,-0.00130413035953604,-0.00395325126533138,0.000167907574853377,0.00436732287871533,0.0339047053565732,-0.0165505443993839,0.0244595513137881,-0.0521637846920985,0.551764448842983,0.0492665669624621,-0.0711742416465735,0.099057417421781,0.0144818280721027,0.0380144039552978,0.194106758907071,0.419476332638029,0.310762230163663,0.178700051077826,1,0.498448685311758,0.00057411888409477,-0.173151584131241,-0.0341397012674017,-0.0585673505003999,-0.0738436484838998,-0.0735584230142149,0.209844653634691,0.0670982104705665,0.024327981807911,-0.00986654809856269,0.204299449347331,0.183185188501039,0.165509142656648,0.151855805790473,0.0775292670563992,0.0510416035792841,0.0344401024763266,0.0205892954327081,0.0638971107377908,0.0298852255861906,0.00242630990180276,-7.78388432624274e-05
"tau_AmbTr_2",0.00174147669120212,0.00076191945811468,0.0191483633426403,-0.000418948799176711,0.00330221003651071,-0.00800162127180394,-0.00815889943426959,-0.00263616459077479,0.00516242455202912,-0.00247595284911601,-0.00319202949321461,-0.000982479345883882,0.000182106890729975,0.00232642835294616,0.0409954626683967,0.0213390835001451,0.0495090945739085,0.127362638309591,-0.0528483701901162,0.101493491444912,-0.167526937990726,0.102131756511718,0.0922338676206356,0.00406987735813963,0.3880581757127,0.458683684724166,0.221305035032946,0.0665456964489586,0.498448685311758,1,0.541697312891914,0.320514540917853,-0.038471951785594,-0.0750987274193363,-0.102511622502503,-0.105344252082661,0.276064184564225,0.01551618763884,-0.0388725073989088,-0.0771056620751097,0.247554469899665,0.217697531095904,0.193261504205557,0.181621788162369,0.0257374373917659,-0.0169970236773194,-0.0388237956939665,-0.0571761859555821,0.0807996661426931,0.0587079032955489,0.0350050986095775,0.0310274923531215
"tau_AmbTr_3",0.00199946171756723,0.000848633583885829,0.0117075511210496,0.000125073616742783,0.00254254598292037,-0.00685653541498539,-0.00556313003870912,-0.00516321841592751,0.00695894240348805,-0.000612463126098561,-0.00379521675441977,0.00209580387228631,-4.28754790290944e-05,-0.000792493300368685,0.0337888670615953,0.0530462279325572,0.0581974518296272,0.211502618088707,-0.520990342637807,0.0978858216162654,-0.183006048403977,0.0610015267450841,0.112730384748476,-0.0122921942274241,0.375082294376674,0.283322933308227,0.068090817273297,-0.0320182469355796,0.00057411888409477,0.541697312891914,1,0.701103526439285,-0.0274495320078588,-0.0585153170145535,-0.0834397266099425,-0.086946001507982,0.216649240884623,-0.0342060324153218,-0.0756871866705105,-0.102822581673358,0.182065589932897,0.158292573508095,0.138955151463894,0.133964512707522,-0.0232157908053584,-0.0597889465143662,-0.0758011287947148,-0.0897234095523523,0.0553423740345031,0.0489300567392988,0.0372837170158715,0.0336145942011537
"tau_AmbTr_4",0.00189684564739709,0.000773367484343949,0.00732143667894489,0.000447034426221266,0.00217041629931264,-0.00586614065199372,-0.00383707108160979,-0.00554155863635781,0.0066898354297615,0.000358535336356568,-0.00358712876224979,0.0029847529100169,-0.000180086376150516,-0.00202577089264558,0.0271521456893458,0.0604762141909826,0.0559114185896969,0.216530598212571,-0.611200323958568,0.0864282447344125,-0.171734945097361,0.0377018213540982,0.105250335528234,-0.0166242676681603,0.311533898167883,0.150498368972212,-0.0179304179486959,-0.0605433844643066,-0.173151584131241,0.320514540917853,0.701103526439285,1,-0.0183433260572642,-0.0428675511662889,-0.0636217157115187,-0.067096633739499,0.157872182811092,-0.0547730298469772,-0.0835686186749857,-0.103999685920836,0.128474776957339,0.113935135351016,0.101141070145531,0.10114135417315,-0.0412101310243947,-0.0690943265008019,-0.0800973802508177,-0.0903682114983735,0.0358741049521568,0.0376281529083775,0.0329633172274683,0.029797697042968
"tau_ComVrb_1",-0.000517098297931675,-0.000194526281159169,-0.00792538112962919,-0.000413224993934658,-0.00118816385561489,0.00125372631749517,0.000707790388014534,0.00073425149570565,-0.0010926303886674,0.000333681502369704,0.000646363273225713,0.000805353069887174,-0.000244239786053314,-0.000409996224342199,-0.0108445671552355,-0.008053259631312,-0.0140294867002231,-0.00381584385353036,0.00147261183940622,0.0597448660119398,0.0106916106219776,-0.0106769609357306,-0.00762213964008527,0.00182846041034913,-0.0320687713082644,-0.0386057180935627,-0.0225701876874068,-0.0106812948588411,-0.0341397012674017,-0.038471951785594,-0.0274495320078588,-0.0183433260572642,1,0.551280456908678,0.315026354806614,0.2184692935296,-0.07237156351542,-0.0373311129845862,-0.0226043838197573,-0.0105856959610862,-0.0644846370912815,-0.0507350980848226,-0.0404598001859413,-0.034210226812093,-0.0226612639699656,-0.0117892727841849,-0.0057442643542472,6.81391254360302e-05,-0.0285170632637457,-0.0193110487817348,-0.010556932378268,-0.00886891154704814
"tau_ComVrb_2",-0.000644468140476969,-0.000254694559130213,-0.0109350263041595,-0.000472039272718193,-0.00139227619725854,0.0026082456557673,0.00227154139677409,0.00123593430226322,-0.00166137652980713,0.000778740197475011,0.00118772363637645,0.00030842901667906,0.000537605145871053,-0.0010601600848543,-0.0125344971321329,-0.00798185829600549,-0.0166374967712148,-0.0209496455043895,0.00591135268619156,-0.0744727099000557,0.0630889534184368,-0.0306518205327228,-0.0243861038162051,0.00761652498016454,-0.0659504466538987,-0.0733350755962084,-0.0396854044651405,-0.0165969778313732,-0.0585673505003999,-0.0750987274193363,-0.0585153170145535,-0.0428675511662889,0.551280456908678,1,0.604147995220787,0.44222115410925,-0.131925100832509,-0.0264144388065306,0.00139287203396712,0.0208548724725124,-0.115648834060459,-0.0954506209198817,-0.0798791101848067,-0.0720449654289373,-0.0311661536130634,-0.0119411232948849,-0.000969305902337422,0.00918938015081968,-0.0505022331471739,-0.0388761220505503,-0.0251264741122747,-0.0221613034504373
"tau_ComVrb_3",-0.000476846524057807,-0.000192725962667196,-0.0111265877150172,-0.000334054155447131,-0.000877445238586925,0.0033594564999405,0.00329077479700283,0.00143653776194909,-0.00173609797330139,0.00096474121208167,0.00140388909244062,-0.00069482068386665,0.0015445932719454,-0.00153574072796502,-0.0091475887088821,-0.00394378615091298,-0.012055298152157,-0.0386090283509532,0.010597651246973,-0.237380656854674,0.111538481456386,-0.0471685718269889,-0.0393467375639068,0.0134250507027903,-0.0925826086869811,-0.0985801016353242,-0.050581271993893,-0.0191765932928406,-0.0738436484838998,-0.102511622502503,-0.0834397266099425,-0.0636217157115187,0.315026354806614,0.604147995220787,1,0.743906726948606,-0.171869382338313,-0.00605281295253254,0.0302307811816106,0.0536812424326367,-0.14885296736501,-0.125547471250535,-0.10800864229443,-0.100715929762851,-0.032916373453979,-0.00855266436573412,0.00568200221722105,0.0188315076998904,-0.0645338565447521,-0.05346286561138,-0.0371603860778097,-0.0333198303252443
"tau_ComVrb_4",-0.000326070884726233,-0.000131128542597727,-0.00986458343047974,-0.000181359259295779,-0.000422327122698595,0.00364402511162104,0.00366753129280332,0.00131027437786374,-0.00149359768422741,0.000934867770832739,0.00138575641922903,-0.00126623947793358,0.00193185379306802,-0.00156251019629227,-0.00622427788455875,-0.00118785908956089,-0.00813781973688643,-0.0426816693204526,0.0121864825027052,-0.299994759999929,0.122051142979916,-0.0498420798884414,-0.0421434981206137,0.0142540877623624,-0.0957415042691125,-0.100823845950835,-0.0506307883474206,-0.0184151171909271,-0.0735584230142149,-0.105344252082661,-0.086946001507982,-0.067096633739499,0.2184692935296,0.44222115410925,0.743906726948606,1,-0.173674205128934,0.00315583768305745,0.0396453863386323,0.0625671797921448,-0.149581991668421,-0.126733201372836,-0.109999448899431,-0.103738936699847,-0.030410476027909,-0.00633468142736906,0.00797853914366807,0.0212488683731901,-0.0640901639803639,-0.0544531543666151,-0.0385061577441107,-0.0346286185082065
"tau_ComAfec_1",0.00305614639082609,0.00124944690819122,0.0406945555157964,0.000765255295202188,0.00669274707922718,-0.0144289079139854,-0.0117307827600941,-0.00367708178386088,0.00660863661882804,-0.0036269141725521,-0.00398448755271296,-0.00191131609454851,-0.00146836362713494,0.00437235203599941,0.0516880997140161,0.0309679096943319,0.0722596939602516,0.0752901008397449,-0.0245316379170089,0.145147330720312,-0.282306239049025,0.15410707299697,0.0938707362952518,-0.0391571211893742,0.237047894611332,0.270297916621572,0.14602178148864,0.0603591055833984,0.209844653634691,0.276064184564225,0.216649240884623,0.157872182811092,-0.07237156351542,-0.131925100832509,-0.171869382338313,-0.173674205128934,1,0.113430371760322,-0.0430608634159235,-0.124254856804034,0.444276087333978,0.369587064052698,0.310624804352493,0.28159330269718,0.109648811726591,0.0388254523558531,-0.00194565146424462,-0.03922710874003,0.189177589486135,0.151273241757893,0.102387015003808,0.09174598802056
"tau_ComAfec_2",-0.00436929716050256,-0.00201728163671518,-0.0112952168817354,0.0027669976104376,-0.0118916877997289,0.0139545364216652,0.0119996981819602,0.00550685728836471,-0.00770616971182729,0.00343666530068381,0.00600160821472221,0.00409685078904819,-0.000603829022361526,-0.00392737193199105,-0.0563494797861045,-0.0317932651484825,-0.0909754530751048,-0.0883468123670799,0.025101428934075,-0.125987520154575,0.699679304661441,-0.131968807934199,-0.106118861933076,0.0840578811210579,-0.0146965098548985,0.0289635783983798,0.0256917045008214,0.0186341541372145,0.0670982104705665,0.01551618763884,-0.0342060324153218,-0.0547730298469772,-0.0373311129845862,-0.0264144388065306,-0.00605281295253254,0.00315583768305745,0.113430371760322,1,0.806062541030901,0.685711327479659,0.047454191516334,-0.0542379777179998,-0.0872883802377033,-0.100911903260286,0.0942309827505263,0.104572297117524,0.106357973351764,0.100377046507828,-0.0178792158266995,-0.0633001981186676,-0.085584248817557,-0.0878598411636995
