"","asc_ruta1","asc_ruta2","asc_ruta4","b_tt","b_dt","b_Cong","b_Sem","b_ACC_1","b_ACC_2","b_SI_CAMFD","b_SI_PANEL","b_SI_ZER","b_Si_MTRP","b_No_Info","b_UsoCel_F","lambda1","lambda2","gamma_EXP_3_LV1","gamma_HTRB_2_LV1","gamma_USODISPMOB_LV1","gamma_EDUBASICA_LV2","gamma_JOVEN30_LV2","gamma_ADULTO40_LV2","gamma_EXP_2_LV2","gamma_USODISPMOB_LV2","zeta_FRbr","zeta_EnfCond","zeta_AFrSem","zeta_CulFr","zeta_OmLmVel","zeta_IgPare","zeta_PasoPeaton","zeta_UsoDirec","zeta_UsoPito","tau_FRbr_1","tau_FRbr_2","tau_FRbr_3","tau_FRbr_4","tau_EnfCond_1","tau_EnfCond_2","tau_EnfCond_3","tau_EnfCond_4","tau_AFrSem_1","tau_AFrSem_2","tau_AFrSem_3","tau_AFrSem_4","tau_CulFr_1","tau_CulFr_2","tau_CulFr_3","tau_CulFr_4","tau_OmLmVel_1","tau_OmLmVel_2","tau_OmLmVel_3","tau_OmLmVel_4","tau_IgPare_1","tau_IgPare_2","tau_IgPare_3","tau_IgPare_4","tau_PasoPeaton_1","tau_PasoPeaton_2","tau_PasoPeaton_3","tau_PasoPeaton_4","tau_UsoDirec_1","tau_UsoDirec_2","tau_UsoDirec_3","tau_UsoDirec_4","tau_UsoPito_1","tau_UsoPito_2","tau_UsoPito_3","tau_UsoPito_4"
"asc_ruta1",1,0.687002942161305,0.319053854772771,0.138645398674425,0.295754302896268,-0.0315015376386119,0.257191995582338,-0.23378876583374,0.819115520584089,-0.0837662533750928,0.168676138250107,0.0106508236397524,-0.233871460065642,0.168330966287426,0.0497068049644864,-0.0144750470304593,-0.0851775107026379,-0.158022573620884,-0.107725951598052,-0.188840510161924,-0.072241452305677,0.0500731983318131,0.132268332396103,-0.0918101996860341,0.102251135987879,-0.000919918742538082,-0.283779703005171,NA,0.0547922146403373,0.0971912533117673,0.251967365981073,-0.253063537834745,2.08044884668315,-0.120864441015497,-0.397066903647042,-0.332415567371399,-0.264738594411535,0.00842221954505748,-0.56094792089139,-0.59759936086862,-0.600251001785265,-0.391240698805187,-0.679122908518902,NA,NA,NA,-0.397910123535568,-0.357034306241345,-0.283996527121624,-0.0822395876053898,-0.418948698903577,-0.108473268019763,-0.0701984755489144,-0.0332815253684131,-0.447332439858625,0.0372495480721773,0.076864665076779,0.285530467905985,0.19016516852319,0.156894319966092,0.129923272960432,-0.0128745270089899,NA,NA,NA,-0.346339861123353,-0.321023159952363,-0.424876547767874,-0.405778195045235,-0.253177401232094
"asc_ruta2",0.687002942161305,1,0.29387462335907,-0.104264049597079,0.201168882446238,0.0488035826422366,0.163945520817285,-0.171784898049532,0.84418776797517,0.0315557091537448,0.156665398990422,0.0514662355406318,-0.135365417141248,0.154185094410225,0.044388326213388,-0.00420762558665658,-0.0695439225920702,-0.153201645510725,-0.105678544256434,-0.189274271334386,-0.0886745947721273,0.0499125166403053,0.110088550910796,-0.0944046145028819,0.0933282687142055,0.016622046272638,-0.287989597672315,NA,0.0464475579884753,0.090244070118314,0.216069313453517,-0.254783185967194,1.97881064195709,-0.132238382595027,-0.401497741415892,-0.304910330224149,-0.236370620308419,0.0281467207851512,-0.557766274742741,-0.594376310641485,-0.598710860192895,-0.394956892382882,-0.681945610785633,NA,NA,NA,-0.392044917354692,-0.358174188051747,-0.285678071917573,-0.0842443815364612,-0.412361545577269,-0.109825366336206,-0.0705198427777936,-0.035197490635522,-0.445627941016605,0.00544294039009819,0.0407005308798337,0.235947242566345,0.177244776829128,0.142530004624107,0.11260691368568,-0.0296054170729365,NA,NA,NA,-0.36017176674776,-0.3190880684367,-0.429649529088374,-0.412060564110711,-0.256769492987715
"asc_ruta4",0.319053854772771,0.29387462335907,1,-0.182483070416685,0.215322896273036,0.00877759621801684,0.120531562528156,-0.0523618565975162,0.502396455872066,-0.118421607687474,0.115389445866652,0.0286426035866809,-0.11570906123903,-0.475948456081501,-0.658671707111339,0.144270398883965,0.375616084177036,-0.0891877799513704,-0.0278030531284639,-0.100240928579797,-0.115902440779413,-0.0282759162303486,0.00209607550510137,-0.0383435232436938,-0.0266133465658791,-0.0436787020241653,-0.240125965499511,NA,-0.00571580149299669,0.0792370881960007,0.064981364241347,-0.120727080590357,0.487385431233616,-0.120024463644836,-0.208775945983119,-0.194130024012783,-0.1622586157173,-0.0121553330211508,-0.302699505005493,-0.356890757162273,-0.368634303564896,-0.246912903083604,-0.388321004635661,NA,NA,NA,-0.213815790621745,-0.192705923612935,-0.145802194176644,-0.0367117300597356,-0.202469133943733,0.0143300136696953,0.0402108879571307,0.058807953960607,-0.240636613790382,0.00966152172845999,0.0217499735172802,0.116087299063906,0.0300269314175673,-0.00463115219923359,-0.0265807318757436,-0.0906368938476165,NA,NA,NA,-0.277900685326156,-0.164765694486354,-0.233422785549366,-0.226101538664828,-0.12326091027836
"b_tt",0.138645398674425,-0.104264049597079,-0.182483070416685,1,-0.183096646056907,-0.640454415382822,-0.0111324496225881,-0.195064836104495,0.304816327929254,-0.13643997432576,0.0178004457138535,0.00868495498803847,-0.218142959310694,0.0887883727062361,0.0509052433424826,-0.0301130748306922,-0.112931365615174,-0.080453154573308,-0.0569230146196229,-0.0846768809361848,-0.0347471565827075,0.0433562882051293,0.110402713502565,-0.0463809113478478,0.0347039710655421,-0.0810313476603724,-0.18611253233162,NA,0.0543225127121046,0.0768207063122954,0.197760244159308,-0.199047405375119,1.55108174453627,-0.0474219525722811,-0.186151694442718,-0.278397718157983,-0.246335744746533,-0.0602712569061171,-0.309410763380582,-0.343043181290976,-0.359444605469892,-0.239063854646216,-0.416138802623301,NA,NA,NA,-0.247008551491853,-0.188458683843781,-0.135534297183692,-0.00168705073344462,-0.20902799280394,-0.0177336172627754,0.0049917755658206,0.0174032105832014,-0.224673894564935,0.0966645778352037,0.120759025102222,0.247585194517858,0.149967999195595,0.125776382836056,0.100497186548485,-0.00607209923405523,NA,NA,NA,-0.240827879192942,-0.173235473990608,-0.185510432675099,-0.176437556378484,-0.112139916083976
"b_dt",0.295754302896268,0.201168882446238,0.215322896273036,-0.183096646056907,1,0.0142147517247211,0.288778543962047,-0.0186297870389698,-0.192623666382647,-0.0322111079120631,0.00425066611252,-0.101873109365311,-0.0339596136933456,-0.0616222831345034,0.0513886009452557,-0.0615797295414594,-0.105028079957098,0.042863222110413,-0.0261774982348484,-0.0255713080860304,0.054755451370529,0.0379392002785005,0.0290263633528163,-0.00154446150112748,0.0192089706963206,0.169320666866674,0.108054377096778,NA,0.00247881031818958,-0.00446323333029739,-0.11182079541926,0.024601529224343,-0.130167584874849,0.0626312041548134,-0.0489832100504175,0.190400631766773,0.186408289319579,0.105941926847622,0.0302881156048569,0.0688954984271419,0.0853112225672908,0.0507550060173056,0.0537325965787811,NA,NA,NA,0.0470907429760682,-0.0132326818052825,-0.0273516245313102,-0.0596172694442865,-0.00118538606456703,-0.055019364764665,-0.057009865247177,-0.04342917308379,-0.0124183646109033,-0.191977904435178,-0.216195043041598,-0.303611498597178,0.0438067565820417,0.049028753611055,0.0537783802150094,0.058627789977647,NA,NA,NA,0.13348439875778,-0.0183428077558163,-0.000421641157980637,0.00533811517049436,0.00286657797950102
"b_Cong",-0.0315015376386119,0.0488035826422366,0.00877759621801684,-0.640454415382822,0.0142147517247211,1,-0.024777506134721,0.070036364191627,-0.146799781632521,0.124016983814028,0.0760979673918513,-0.0610384337157865,0.0284123614811885,-0.0300425543648895,0.0683871264686784,0.00677066471313662,-0.0373740161009012,0.0421139942440571,0.0316095368416161,0.0662952125041764,0.00213772794390995,-0.00245827888468782,-0.062610519002038,0.00464609635638499,-0.0181597092031437,0.0128661775367189,0.0959425481821899,NA,-0.0388750860796986,-0.0415524431394733,-0.100594904441108,0.123160859868903,-0.716137032428173,0.00106815406200788,0.125137830575632,0.128768711816937,0.109670913976678,0.0139803050640947,0.184426729381152,0.199668210639499,0.208314915461783,0.141575976041099,0.250096950331488,NA,NA,NA,0.145632610940213,0.119268844017132,0.0883962954920854,0.0102061912000403,0.127278452470624,0.0282724609226026,0.0150373003400055,0.00460154938810577,0.139471655585595,-0.0173670897311072,-0.0261466677562042,-0.0832779840384387,-0.106091005597213,-0.0937485657463282,-0.0803288310475534,-0.01475778638363,NA,NA,NA,0.0859558079755925,0.11382478754801,0.0990228781822876,0.0908438491611461,0.0559472586374802
"b_Sem",0.257191995582338,0.163945520817285,0.120531562528156,-0.0111324496225881,0.288778543962047,-0.024777506134721,1,-0.0299057822991863,0.145135787377244,-0.10424233971786,-0.0492494071381785,-0.105209184591259,-0.063996904061829,-0.0145867107968195,-0.0514674478382529,0.06093172841478,0.0465900021574219,0.0215512664006631,0.00525447951480798,-0.0188455427993175,0.0111259530312683,-0.0255276698870819,-0.016984995789563,0.0157391195107194,0.0129795434780263,0.0121711424097454,0.0503682375451004,NA,0.00483180670975956,-0.0231623676511807,-0.00422396199678713,0.05903470265248,-0.314579084706019,0.0261783513606857,0.00693041118759727,0.0162793805361208,0.0158460805062179,-0.00791791624958812,0.0246395460513829,0.0415479100349311,0.052934338900159,0.0376858304348529,0.0512476441930788,NA,NA,NA,0.023795665812699,0.0102247147643512,0.00362300532985457,-0.0179138696926249,-0.00141621292205829,-0.0427301339355624,-0.0484182053232238,-0.0401406835316078,0.00275926446688059,-0.0288789483707772,-0.0289944881426808,-0.0356956545217798,-0.034784865269782,-0.0253277109834624,-0.0127336469066799,0.0109593397566976,NA,NA,NA,0.0662536082891793,-0.000230446503322857,0.00412448148770555,0.00671137467176295,-0.00423336387539176
"b_ACC_1",-0.23378876583374,-0.171784898049532,-0.0523618565975162,-0.195064836104495,-0.0186297870389698,0.070036364191627,-0.0299057822991863,1,0.137200899727265,0.0653015510609228,-0.0366613634736906,0.112889304151803,-0.0626159599224119,-0.0480062499668741,-0.0381261549956991,0.0914172730886127,-0.0885054748431297,-0.00720752398402622,-0.0649815924782802,-0.0672033352235273,-0.0823900177684765,0.113820518859125,0.0582120465408007,-0.0680930293375071,-0.0158895240662719,0.0939409856572745,-0.127990884189508,NA,0.00928335202918451,0.0444076344105826,-0.0962103592738533,-0.176193058826553,1.26491074189118,-0.0426173052413891,-0.200853295127553,-0.00921329655387335,0.0183590154864675,0.0802254444102374,-0.218458130658403,-0.232255719308263,-0.250508719478115,-0.201421126038567,-0.353899049003833,NA,NA,NA,-0.155143298168918,-0.175928503912012,-0.135798507424185,-0.0392366262791175,-0.126795118096599,-0.024591515585148,-0.00173685042941433,0.00276054913934554,-0.183035359941435,-0.200072486736649,-0.226847928581434,-0.270095131400306,0.117113032600273,0.0742810297113106,0.0333683767784851,-0.0614530814756472,NA,NA,NA,-0.254816382965887,-0.153279454646304,-0.148961832779511,-0.143259412465463,-0.0875436628277949
"b_ACC_2",0.819115520584089,0.84418776797517,0.502396455872066,0.304816327929254,-0.192623666382647,-0.146799781632521,0.145135787377244,0.137200899727265,1,0.679485765645809,-0.544456099849502,0.635722804661705,0.339807599071066,-1.07648887493237,0.469170097685957,-0.273560175968114,-0.662456147417742,0.330586191086884,-0.293882090562319,-0.385222918924648,-0.194930619559074,0.677400916491719,0.161971704323295,-0.00351624040938788,-0.267872497950943,1.05383622952182,0.0401368963693531,NA,0.0270689204074199,0.15391598448438,-1.43718309966283,-0.588648603826898,2.59337502889329,0.299071448886716,-0.81617979370985,0.914779225885563,0.976635217594478,0.589943478284069,-0.281301493662165,-0.24729371418982,-0.318435150529433,-0.691965989535199,-1.07314552214846,NA,NA,NA,-0.161015866534498,-0.686943222200912,-0.560425569532582,-0.383559694823052,-0.0785380034286726,-0.199322744783033,-0.138919517071635,-0.225988296116062,-0.539093096806043,-2.22912939108015,-2.63216587735667,-3.77736304329602,0.631745899271706,0.450236340057764,0.259539846548738,0.0141551170340687,NA,NA,NA,-0.234095868437875,-0.672870613614922,-0.261981145467964,-0.253061315827826,-0.122400328251242
"b_SI_CAMFD",-0.0837662533750928,0.0315557091537448,-0.118421607687474,-0.13643997432576,-0.0322111079120631,0.124016983814028,-0.10424233971786,0.0653015510609228,0.679485765645809,1,-0.00246178445908118,0.0143919557899879,0.118691278852107,0.146136439379631,0.0717337786394888,-0.0204211094598059,-0.0616721991519131,-0.0155263885933518,0.0245404441630921,-0.0576783492040377,0.0507607001522819,-0.0507676235786969,-0.0356979042079133,-0.000556910837890316,0.0499372259364432,-0.0209234463640822,0.089251658943356,NA,0.0108316217081587,-0.0585764899416789,0.132611225090431,0.157512253611122,-0.955725652682625,0.0232879695900358,0.0125831145042373,-0.0607568387123657,-0.0562083133221131,-0.0234352492299228,-0.0153942072541282,0.0292426790683584,0.056579699862985,0.0660095524612452,0.0931777452389717,NA,NA,NA,0.00778894586490214,0.0185464919458897,-0.00040165215962504,-0.024301399168464,-0.0635345300287447,-0.112123145054997,-0.117148621242833,-0.103187987928417,-0.0190891899632822,0.0929450397891029,0.134774323350233,0.255856370361456,-0.102825005526086,-0.065851848443031,-0.023984196236756,0.0438682951478535,NA,NA,NA,0.189962285796323,0.00526610695253939,-0.0299008562383553,-0.0197452553807395,-0.0377700663234884
"b_SI_PANEL",0.168676138250107,0.156665398990422,0.115389445866652,0.0178004457138535,0.00425066611252,0.0760979673918513,-0.0492494071381785,-0.0366613634736906,-0.544456099849502,-0.00246178445908118,1,0.0703991650107699,-0.0462475688850141,-0.000204036265246291,0.0129940862316664,-0.00293411553182041,-0.0179023292833825,0.0313978318356475,-0.019786929106684,-0.015908231583539,-0.00417315345269669,0.0330123960398426,0.00586054370686949,0.0287624083894816,-0.0188467298202073,0.0918890315154431,0.0396888805895892,NA,-0.000589608386170895,0.00666916912489936,-0.135348076235983,-0.0446493588224272,0.125422859211171,0.0399219920873487,-0.0386205713665464,0.104674844205126,0.105308363771058,0.0453000369570774,0.023520039587417,0.0356822404878197,0.033376814494506,-0.0143343400094332,-0.0266167416640771,NA,NA,NA,0.0215403696037597,-0.0300280106368348,-0.0268787182709615,-0.0318302039047986,0.0237433975261104,-0.0104041692104251,-0.00936860753448765,-0.0209846495496041,-0.0114802288014723,-0.189197896228466,-0.226778039519807,-0.342919223053836,0.054632206195583,0.0454054523616189,0.0275049348055575,0.00982808728360659,NA,NA,NA,0.00526624404800943,-0.0327670583522865,0.00871344604817515,0.00809229961210542,0.00905809228913594
"b_SI_ZER",0.0106508236397524,0.0514662355406318,0.0286426035866809,0.00868495498803847,-0.101873109365311,-0.0610384337157865,-0.105209184591259,0.112889304151803,0.635722804661705,0.0143919557899879,0.0703991650107699,1,-0.0157135983778381,0.0401063654639442,-0.0364912316281584,0.0710335596546495,0.0366615933374928,-0.0397953503279391,0.0243483227049128,-0.0537993433937173,0.0464684408576253,-0.047000416802402,-0.0336977569726832,0.00147182186736539,0.0326473045148062,-0.0164737275811528,0.0363427672767105,NA,-0.00713668281656216,-0.105544550263808,0.113104534478109,0.17818968885518,-0.917322635120347,0.0170458851334333,-0.00339452751683455,-0.0543521810586733,-0.0469280555911259,-0.00901043088104733,-0.0241273407205178,-0.0085456693294344,0.015291010786562,0.0255870127937024,0.056088578334252,NA,NA,NA,0.00187810584426747,-0.00683282372867287,-0.0275992752296323,-0.0299052287243497,-0.0676891370719685,-0.146525009328173,-0.155081215019424,-0.13045445581772,-0.0300392525131622,0.0808458833138138,0.117400277683337,0.227212896775655,-0.127491740809196,-0.0893044038044569,-0.0495184022606195,0.0311572225245072,NA,NA,NA,0.163275221037549,-0.0102727500547414,-0.0301833710871323,-0.0197408113056166,-0.0299418366711306
"b_Si_MTRP",-0.233871460065642,-0.135365417141248,-0.11570906123903,-0.218142959310694,-0.0339596136933456,0.0284123614811885,-0.063996904061829,-0.0626159599224119,0.339807599071066,0.118691278852107,-0.0462475688850141,-0.0157135983778381,1,0.0328796903937954,0.00727113879617539,0.00978273632810931,0.00128234433493903,-0.0555504402331056,-0.0488953659465743,-0.0588425164018062,-0.0487652114525589,0.0486999531668591,0.0606078570687057,-0.0713228452751791,0.0377249903103569,0.0206395217065762,-0.129406682756003,NA,0.0222999816693187,0.0337596618206361,0.0721150617110295,-0.130148480598299,1.19722133404777,-0.0489278996288997,-0.156671926028422,-0.100800296664803,-0.0716363825218333,0.0353512658159616,-0.223879927742736,-0.247021293978811,-0.25414771015982,-0.169797729537639,-0.282456008032268,NA,NA,NA,-0.160520643906224,-0.136853472457555,-0.106835983950858,-0.0194916290177656,-0.156128660038629,-0.0372309386634393,-0.0195012912548037,-0.00720770784360579,-0.166807879846673,-0.00157960640472697,0.0122771383278825,0.0885227777077216,0.0810193296166043,0.0571910215427156,0.0368238813069235,-0.0412021961288498,NA,NA,NA,-0.217834936946242,-0.118817992735458,-0.147032644024618,-0.137525287578249,-0.0898084680009465
"b_No_Info",0.168330966287426,0.154185094410225,-0.475948456081501,0.0887883727062361,-0.0616222831345034,-0.0300425543648895,-0.0145867107968195,-0.0480062499668741,-1.07648887493237,0.146136439379631,-0.000204036265246291,0.0401063654639442,0.0328796903937954,1,0.0288724052866494,-0.00670829415121042,-0.0572667402131435,0.0788749116549082,-0.0275894581704806,0.0541953263106183,-0.00231402337694295,0.0526323852695347,0.00768766868149051,0.0344186107310859,0.0125198387242434,0.124105881427047,0.18825160222318,NA,0.0125211862226655,-0.0384818146761017,-0.184689611493722,-0.0755564802737197,0.649010318687456,0.0706618826926202,0.0430701202909412,0.201349306056555,0.191564764485261,0.0694724295206785,0.132934077035549,0.225776259826676,0.228888729507865,0.162555258953518,0.107974068128249,NA,NA,NA,0.0947730781825411,0.052159089678094,0.0389682896241071,0.000743148631692182,0.110508503111098,-0.0208823982236623,-0.0278610745605596,-0.0468231990587082,0.0957141858838354,-0.206655999107236,-0.249339762928556,-0.410923247215998,0.0806228103965173,0.070943810683774,0.0471135035521896,0.0101259400877397,NA,NA,NA,-0.027066370261806,0.0419491602534371,0.0949858946426426,0.0870510693152243,0.0405550675077871
"b_UsoCel_F",0.0497068049644864,0.044388326213388,-0.658671707111339,0.0509052433424826,0.0513886009452557,0.0683871264686784,-0.0514674478382529,-0.0381261549956991,0.469170097685957,0.0717337786394888,0.0129940862316664,-0.0364912316281584,0.00727113879617539,0.0288724052866494,1,-0.320080472864845,-0.284248091753653,-0.0296565616729445,0.00899686417332138,-0.0136371745898568,0.0250297097353688,-0.00731884111535968,-0.00567014323593551,-0.0128283207127249,0.0314529683986596,-0.0185574041787313,0.039847755493798,NA,0.0115036294332485,-0.0247029676675143,0.129711712044201,0.0847698609951367,-0.509916511184853,0.0365884423476966,0.0405197981947258,-0.0284918226494742,-0.0303770344726799,-0.0193227777224033,0.0303080916875039,0.0206514236963482,0.0353773681744051,0.0284585996875484,0.104955692211888,NA,NA,NA,0.0282434786787109,0.0379715191610048,0.0210317353229622,-0.0038956925932149,-0.0137745100462178,-0.0468582768125255,-0.0561953116687392,-0.0495071901964392,0.0235718590145797,0.117689724775022,0.145780378938878,0.221520501641351,-0.0672336062127386,-0.0461126649085935,-0.0208660057711355,0.0220864948524483,NA,NA,NA,0.121014493355963,0.027459680275958,0.0199851324880738,0.025407633109039,0.0118669588315161
"lambda1",-0.0144750470304593,-0.00420762558665658,0.144270398883965,-0.0301130748306922,-0.0615797295414594,0.00677066471313662,0.06093172841478,0.0914172730886127,-0.273560175968114,-0.0204211094598059,-0.00293411553182041,0.0710335596546495,0.00978273632810931,-0.00670829415121042,-0.320080472864845,1,-0.140362461513353,0.080445192908903,-0.0111739334830069,0.00788363265957427,-0.065059405347016,0.0691827751245628,0.0197424419564506,-0.0300648122156407,-0.0601207420108432,-0.00204549156122995,0.00376789818538976,NA,0.00466624836191914,0.0266688225072352,-0.108022712229642,-0.0138221021539621,0.43306141811258,-0.00512298094993704,-0.0204393466071439,0.00269731317923081,0.00524647951061403,-0.0170633164356746,-0.010759182359405,0.0150381581786205,0.00480479673528286,-0.00340731568213495,-0.075975948992784,NA,NA,NA,-0.0202771510171573,-0.026277110042556,-0.0112202630859893,0.00426762342993591,0.019873919975505,0.0425646647016443,0.052094461665005,0.0445613583144437,-0.011559698075176,-0.103652224985321,-0.132223378655255,-0.218309956126148,-0.0108917179285658,-0.0270347389725365,-0.0438160049110805,-0.0587598596723745,NA,NA,NA,-0.144551496848775,-0.024762440221587,-0.00251613096249079,-0.00742318649558198,-0.0066613251474597
"lambda2",-0.0851775107026379,-0.0695439225920702,0.375616084177036,-0.112931365615174,-0.105028079957098,-0.0373740161009012,0.0465900021574219,-0.0885054748431297,-0.662456147417742,-0.0616721991519131,-0.0179023292833825,0.0366615933374928,0.00128234433493903,-0.0572667402131435,-0.284248091753653,-0.140362461513353,1,-0.0173090621353578,0.00721019586122037,0.00604489190623748,-0.00920954405800951,-0.0253618520000363,-0.0290682920228642,0.0660509276843147,0.00429017969575083,0.0161717564990837,-0.0782008724398982,NA,-0.0398938966677744,0.0232911202789379,-0.186632741480324,-0.109311287193069,0.285710717076546,-0.0740927614981048,-0.0645525999876689,0.0329045274219259,0.0343020331464107,0.0272207644689543,-0.0506289635752888,-0.0417416725894292,-0.0581612544785693,-0.0375653861733483,-0.135334115786128,NA,NA,NA,-0.0335179332025965,-0.0568834017690619,-0.0357978585174016,-0.00856487956961935,0.00761082510425985,0.0582244626772727,0.0679338579015743,0.0573548519650964,-0.0480338493546523,-0.15930980033245,-0.193383802035179,-0.275780708898415,0.100703862331254,0.0711279511793009,0.0378034926665265,-0.0178064488758964,NA,NA,NA,-0.0786401901656484,-0.0402294863643821,-0.0438633643606886,-0.0481601681800184,-0.0167809238928818
"gamma_EXP_3_LV1",-0.158022573620884,-0.153201645510725,-0.0891877799513704,-0.080453154573308,0.042863222110413,0.0421139942440571,0.0215512664006631,-0.00720752398402622,0.330586191086884,-0.0155263885933518,0.0313978318356475,-0.0397953503279391,-0.0555504402331056,0.0788749116549082,-0.0296565616729445,0.080445192908903,-0.0173090621353578,1,0.0372211657474373,-0.14900551006644,-0.113150420442097,0.0222822811615793,0.0591622580519103,-0.0382657450250237,0.043664972895619,-0.0505967225187832,0.0295343423131328,NA,0.0303657930777855,-0.0200635367480994,0.0524045882589574,0.162754654028122,0.0273993138442445,-0.00970668466905919,0.0422896692668225,-0.0760371152108252,-0.0828063011019159,-0.0548342608937106,-0.0132562879697525,-0.013704665317048,-0.0154147677532368,0.0122213740701664,0.0263187269144348,NA,NA,NA,-0.015946040629309,0.0272767465489042,0.0197062773498391,0.00174078415608464,-0.00439360060148342,-0.0375006702201446,-0.049376442570833,-0.0426212565884834,0.0122934204299361,0.0295084662962788,0.046166940788237,0.099548322938503,-0.127358786243587,-0.112880081475489,-0.0902710135908244,-0.041298325721721,NA,NA,NA,-0.0650151622235027,0.0230428066921737,-0.0259494308857257,-0.0305740646530701,-0.0470411362450381
"gamma_HTRB_2_LV1",-0.107725951598052,-0.105678544256434,-0.0278030531284639,-0.0569230146196229,-0.0261774982348484,0.0316095368416161,0.00525447951480798,-0.0649815924782802,-0.293882090562319,0.0245404441630921,-0.019786929106684,0.0243483227049128,-0.0488953659465743,-0.0275894581704806,0.00899686417332138,-0.0111739334830069,0.00721019586122037,0.0372211657474373,1,-0.262475337466935,-0.0914519224042863,-0.0137313627856633,-0.0349523509025823,-0.00414862096720389,0.00893951825332192,-0.145807950679758,-0.0771868060622598,NA,-0.0605980002194164,-0.00903115685755879,-0.12017404113997,-0.0365908365972913,0.103331029743862,-0.0857852479291338,0.0562694016973442,-0.0869032534310501,-0.0918903638941517,-0.106071081925953,0.0206334885233984,0.0292403313321083,0.00633181179985824,0.00992649845084671,-0.0198027140566529,NA,NA,NA,0.0166123851534101,0.0239627158766228,0.0327191280099865,0.0347861890884117,0.0556312365960335,0.0921099733449607,0.0941862460536912,0.0798601955291632,0.0308256324263357,-0.0100726654811906,-0.0279072190116759,-0.0667195158198755,-0.006463143800203,-0.0246553175467703,-0.041425658591124,-0.0588307217773078,NA,NA,NA,-0.13155142812042,0.0377985433601952,0.0276704684974329,0.0182845524232803,0.0129714686904169
"gamma_USODISPMOB_LV1",-0.188840510161924,-0.189274271334386,-0.100240928579797,-0.0846768809361848,-0.0255713080860304,0.0662952125041764,-0.0188455427993175,-0.0672033352235273,-0.385222918924648,-0.0576783492040377,-0.015908231583539,-0.0537993433937173,-0.0588425164018062,0.0541953263106183,-0.0136371745898568,0.00788363265957427,0.00604489190623748,-0.14900551006644,-0.262475337466935,1,0.0337340946177421,-0.0923767014665379,-0.0556289421293342,-0.0274993576838735,-0.0751088688916073,-0.314862395569949,-0.178635504079573,NA,-0.1501509634031,-0.148461305756898,-0.207918452449671,-0.00452511791762855,0.251839846163365,-0.220960314993623,0.367858925942618,-0.00700569698794572,-0.0436295065138811,-0.142104863991193,0.350291029209656,0.23759315638049,0.224848021068445,0.200028660940575,0.451871247054863,NA,NA,NA,0.240027309796484,0.297621197824091,0.260835127288022,0.138016762926903,0.313462456143264,0.211422406345768,0.192908017534248,0.16227869229485,0.330344247305996,0.269286419558781,0.282204514353826,0.274042915501803,-0.0951736199492465,-0.0959254612786358,-0.0979914856226102,-0.0887820198718727,NA,NA,NA,-0.163470060158328,0.316865167037066,0.236029988020269,0.215929569403531,0.127933813769812
"gamma_EDUBASICA_LV2",-0.072241452305677,-0.0886745947721273,-0.115902440779413,-0.0347471565827075,0.054755451370529,0.00213772794390995,0.0111259530312683,-0.0823900177684765,-0.194930619559074,0.0507607001522819,-0.00417315345269669,0.0464684408576253,-0.0487652114525589,-0.00231402337694295,0.0250297097353688,-0.065059405347016,-0.00920954405800951,-0.113150420442097,-0.0914519224042863,0.0337340946177421,1,0.108670419472599,0.0341238496112363,-0.0841389576983391,0.0534971670425668,0.0974391904481821,-0.0980118281467956,NA,-0.00754627506085915,-0.02185214439945,-0.0858048506316911,-0.0233547203229695,1.82110460361726,-0.0614852613229001,-0.218107099431045,0.000978944665731808,0.0260598089926343,0.0970861597029204,-0.21939474130291,-0.199169086813176,-0.203902836084463,-0.154984582468568,-0.297394583208902,NA,NA,NA,-0.145236620413581,-0.17647273544853,-0.145133944901343,-0.0573511503667871,-0.163078582645089,-0.10297751091195,-0.087328158217661,-0.0690355522814881,-0.214212600468821,-0.188929908287764,-0.200606484840154,-0.173457906915497,0.409005905061694,0.45768057924461,0.472159054887658,0.433385074931972,NA,NA,NA,0.512049397091309,-0.157841956731449,-0.170184092804553,-0.159173005533807,-0.112626322198421
"gamma_JOVEN30_LV2",0.0500731983318131,0.0499125166403053,-0.0282759162303486,0.0433562882051293,0.0379392002785005,-0.00245827888468782,-0.0255276698870819,0.113820518859125,0.677400916491719,-0.0507676235786969,0.0330123960398426,-0.047000416802402,0.0486999531668591,0.0526323852695347,-0.00731884111535968,0.0691827751245628,-0.0253618520000363,0.0222822811615793,-0.0137313627856633,-0.0923767014665379,0.108670419472599,1,0.282084070169889,-0.513310077174041,-0.121063361178972,0.0785899461455247,0.0933814458919125,NA,0.0232005410858471,-0.144435039436038,0.109293517732099,0.231950966794987,-0.427968817553489,0.0397294515034383,-0.0595562580073345,0.00831112818071555,0.0219624265398276,0.0559558805555721,-0.0597494759135542,-0.0152304983752642,0.0159738218830666,0.0148867359488013,0.0173390079625615,NA,NA,NA,-0.0171707393933916,-0.0322133176592825,-0.0483529327892269,-0.0502026011500096,-0.113388338498169,-0.243482274979765,-0.253473548579897,-0.215950387252623,-0.0798710360949251,-0.00409817345088935,0.0309836470935643,0.133989302821174,-0.0499158127606945,-0.0122971360559163,0.0319502237029142,0.106287415115982,NA,NA,NA,0.267454172734917,-0.04737308345068,-0.0800398028737435,-0.0640737979687575,-0.0768723965641474
"gamma_ADULTO40_LV2",0.132268332396103,0.110088550910796,0.00209607550510137,0.110402713502565,0.0290263633528163,-0.062610519002038,-0.016984995789563,0.0582120465408007,0.161971704323295,-0.0356979042079133,0.00586054370686949,-0.0336977569726832,0.0606078570687057,0.00768766868149051,-0.00567014323593551,0.0197424419564506,-0.0290682920228642,0.0591622580519103,-0.0349523509025823,-0.0556289421293342,0.0341238496112363,0.282084070169889,1,-0.177180798885687,-0.117075227633938,0.135921756116437,0.11617181072845,NA,0.0384298239714383,-0.0335473348010785,0.0666779517808743,0.0712263780391884,0.667261573312468,0.0879190657797919,-0.0831125161375863,0.0702746880020422,0.0805859498595095,0.060478177921082,-0.0498417720317947,-0.00889990767026476,0.0100440890497774,-0.0231422186639279,-0.0228590132708692,NA,NA,NA,-0.0184694186051855,-0.0604705820528841,-0.0721171328713967,-0.0725968575234221,-0.0892893309371507,-0.152698490182923,-0.159795352738413,-0.153727540834387,-0.0753295880175175,-0.0880524110095113,-0.0858599745832987,-0.0907671603778479,0.166391634302659,0.200093477006489,0.221932006393637,0.221535795517842,NA,NA,NA,0.336395903201107,-0.0677727432544584,-0.0539153732546452,-0.0410817086306486,-0.0554013361809744
"gamma_EXP_2_LV2",-0.0918101996860341,-0.0944046145028819,-0.0383435232436938,-0.0463809113478478,-0.00154446150112748,0.00464609635638499,0.0157391195107194,-0.0680930293375071,-0.00351624040938788,-0.000556910837890316,0.0287624083894816,0.00147182186736539,-0.0713228452751791,0.0344186107310859,-0.0128283207127249,-0.0300648122156407,0.0660509276843147,-0.0382657450250237,-0.00414862096720389,-0.0274993576838735,-0.0841389576983391,-0.513310077174041,-0.177180798885687,1,0.0330746755372304,-0.0758297901355244,-0.10450942579656,NA,-0.0110833514121259,0.0829494996226915,0.0315346186224789,-0.189244458802518,0.146166953274501,-0.0306395009086795,-0.0504534609693982,-0.123280606916829,-0.11761796863816,-0.0636979307118908,-0.101181605638659,-0.125560902258056,-0.137509841821377,-0.0831398265991539,-0.134895991251311,NA,NA,NA,-0.0792376582700559,-0.0626383562718746,-0.0431666060693459,-0.0100758284068236,-0.0516119590512472,0.0815422972191686,0.0911734929565831,0.0807876183296732,-0.0552724354254581,0.0439159348834556,0.0438402296009956,0.0669341417841194,0.122535053968323,0.125668136147187,0.117668448147655,0.0636870613560491,NA,NA,NA,0.0540042533893846,-0.050762441155974,-0.0369714940312638,-0.0388327649553515,-0.00746521515731146
"gamma_USODISPMOB_LV2",0.102251135987879,0.0933282687142055,-0.0266133465658791,0.0347039710655421,0.0192089706963206,-0.0181597092031437,0.0129795434780263,-0.0158895240662719,-0.267872497950943,0.0499372259364432,-0.0188467298202073,0.0326473045148062,0.0377249903103569,0.0125198387242434,0.0314529683986596,-0.0601207420108432,0.00429017969575083,0.043664972895619,0.00893951825332192,-0.0751088688916073,0.0534971670425668,-0.121063361178972,-0.117075227633938,0.0330746755372304,1,0.15545279414356,0.0483709992016403,NA,0.0194319006900208,0.0302162405601801,-0.0626221924205417,-0.0191049776361765,1.23524781275119,0.0584203344141377,-0.113655588965655,0.110410777820844,0.119047622454953,0.0859805399761447,-0.0655964142850233,-0.0443389457404069,-0.0417276690822644,-0.0693035324741908,-0.097342225093683,NA,NA,NA,-0.0336604233399778,-0.0871577592381599,-0.0857856921089697,-0.0694582661123452,-0.0666556578887771,-0.060485629734428,-0.0588011969500862,-0.0677452201869825,-0.0869643070770303,-0.189331347180169,-0.214258628180462,-0.287537650692123,0.269520788177939,0.299318537737801,0.302518192068997,0.260303948607865,NA,NA,NA,0.317590624027174,-0.08248013403195,-0.0536552442498298,-0.0460859340365504,-0.0420812921219736
"zeta_FRbr",-0.000919918742538082,0.016622046272638,-0.0436787020241653,-0.0810313476603724,0.169320666866674,0.0128661775367189,0.0121711424097454,0.0939409856572745,1.05383622952182,-0.0209234463640822,0.0918890315154431,-0.0164737275811528,0.0206395217065762,0.124105881427047,-0.0185574041787313,-0.00204549156122995,0.0161717564990837,-0.0505967225187832,-0.145807950679758,-0.314862395569949,0.0974391904481821,0.0785899461455247,0.135921756116437,-0.0758297901355244,0.15545279414356,1,0.127902157157337,NA,0.0939467989101628,-0.0737811826006285,-0.0721565688202395,-0.00453364263076775,0.243415841930092,0.19354548004695,-0.514681954902646,0.768166057650951,0.812400429607904,0.838913609432314,-0.328492292060732,-0.353659072336946,-0.293117586150171,-0.258816677642562,-0.21681837554835,NA,NA,NA,-0.101459759060097,-0.258823143753893,-0.30250980005927,-0.237297841968697,-0.377272955811233,-0.490431051281604,-0.476272855009358,-0.401028668387532,-0.320328923503235,-0.565454866834142,-0.560362845882794,-0.549036475931048,0.126371156800659,0.14421966062542,0.174680737453531,0.145598969795968,NA,NA,NA,0.232583489681678,-0.22840556457528,-0.287874037657758,-0.240712222292575,-0.133112554103927
"zeta_EnfCond",-0.283779703005171,-0.287989597672315,-0.240125965499511,-0.18611253233162,0.108054377096778,0.0959425481821899,0.0503682375451004,-0.127990884189508,0.0401368963693531,0.089251658943356,0.0396888805895892,0.0363427672767105,-0.129406682756003,0.18825160222318,0.039847755493798,0.00376789818538976,-0.0782008724398982,0.0295343423131328,-0.0771868060622598,-0.178635504079573,-0.0980118281467956,0.0933814458919125,0.11617181072845,-0.10450942579656,0.0483709992016403,0.127902157157337,1,NA,0.147370237885787,0.049547800724971,0.163085795880049,-0.164474746032319,1.64964747366827,0.185705189426748,-0.125399258227185,-0.0691319245763022,-0.0600588952114558,-0.0490213591617596,-0.235119690882253,0.591931943987377,0.617067706730922,0.574588299834751,-0.16587553694822,NA,NA,NA,-0.152175452000349,-0.0922208379690748,-0.0826931588932973,-0.0426056851102157,-0.140312250323574,-0.165344251561819,-0.168600404884855,-0.17643881206766,-0.102404838262975,-0.0876891860995961,-0.0756164197866356,-0.0864173537781786,0.104876240917787,0.0759576710367671,0.0412501522911284,-0.0608475106393703,NA,NA,NA,-0.286093880391117,-0.121843272061236,-0.1102517463036,-0.103125522413873,-0.0822922145633134
"zeta_AFrSem",NA,NA,NA,NA,NA,NA,NA,NA,NA,NA,NA,NA,NA,NA,NA,NA,NA,NA,NA,NA,NA,NA,NA,NA,NA,NA,NA,NA,NA,NA,NA,NA,NA,NA,NA,NA,NA,NA,NA,NA,NA,NA,NA,NA,NA,NA,NA,NA,NA,NA,NA,NA,NA,NA,NA,NA,NA,NA,NA,NA,NA,NA,NA,NA,NA,NA,NA,NA,NA,NA
"zeta_CulFr",0.0547922146403373,0.0464475579884753,-0.00571580149299669,0.0543225127121046,0.00247881031818958,-0.0388750860796986,0.00483180670975956,0.00928335202918451,0.0270689204074199,0.0108316217081587,-0.000589608386170895,-0.00713668281656216,0.0222999816693187,0.0125211862226655,0.0115036294332485,0.00466624836191914,-0.0398938966677744,0.0303657930777855,-0.0605980002194164,-0.1501509634031,-0.00754627506085915,0.0232005410858471,0.0384298239714383,-0.0110833514121259,0.0194319006900208,0.0939467989101628,0.147370237885787,NA,1,0.180366202925944,0.13636403271327,-0.0260574896228984,0.391927647578828,0.188545396211853,-0.0502116083587419,-0.0770194673415657,-0.0675932271837433,-0.0456003319001863,-0.0614099565950656,-0.0668272188346451,-0.0684074510450772,-0.0605856413300856,-0.0736719836299189,NA,NA,NA,-0.439114818800235,0.197726845861621,0.383428022317764,0.466796021199518,-0.0621664086158749,-0.008793025601931,-0.00585640522534068,-0.0037308593875233,-0.0670054668448361,-0.111693038882876,-0.132074497505931,-0.181549710429286,0.0289832660684681,0.029627148392208,0.0260335445500534,0.0104256876795204,NA,NA,NA,-0.0193987843700825,-0.061243052318519,-0.0570963082479739,-0.0495054160562043,-0.0205052426329744
"zeta_OmLmVel",0.0971912533117673,0.090244070118314,0.0792370881960007,0.0768207063122954,-0.00446323333029739,-0.0415524431394733,-0.0231623676511807,0.0444076344105826,0.15391598448438,-0.0585764899416789,0.00666916912489936,-0.105544550263808,0.0337596618206361,-0.0384818146761017,-0.0247029676675143,0.0266688225072352,0.0232911202789379,-0.0200635367480994,-0.00903115685755879,-0.148461305756898,-0.02185214439945,-0.144435039436038,-0.0335473348010785,0.0829494996226915,0.0302162405601801,-0.0737811826006285,0.049547800724971,NA,0.180366202925944,1,0.366593026110802,0.112298614195005,-0.420161735385884,0.173116171287699,0.0417419897655157,-0.228693486248194,-0.236606924928951,-0.206436565576908,0.00682392768137915,-0.123920874942723,-0.125180665592831,-0.109354160764787,0.0412759038619908,NA,NA,NA,-0.0477087228881299,-0.00151014552435147,0.00798255455054412,-0.00310976180360066,-0.0145267916763836,0.618869577043924,0.598756139784115,0.547396357428576,-0.00989829051110946,0.156523333158172,0.166220818629349,0.198611126805095,-0.118984699908789,-0.0827346719761848,-0.0636284570126481,-0.00674713360736673,NA,NA,NA,0.0386866561948782,0.00872740353943336,-0.00678399825188422,-0.00751139145383723,-0.00964982528259059
"zeta_IgPare",0.251967365981073,0.216069313453517,0.064981364241347,0.197760244159308,-0.11182079541926,-0.100594904441108,-0.00422396199678713,-0.0962103592738533,-1.43718309966283,0.132611225090431,-0.135348076235983,0.113104534478109,0.0721150617110295,-0.184689611493722,0.129711712044201,-0.108022712229642,-0.186632741480324,0.0524045882589574,-0.12017404113997,-0.207918452449671,-0.0858048506316911,0.109293517732099,0.0666779517808743,0.0315346186224789,-0.0626221924205417,-0.0721565688202395,0.163085795880049,NA,0.13636403271327,0.366593026110802,1,-0.167137845266972,1.25822756461603,0.154604552711032,-0.156316680160742,-0.292575181950446,-0.289744797378525,-0.361831975849163,-0.118363894175018,-0.0496005612590614,-0.0953775900711872,-0.120862647264164,-0.390622546886994,NA,NA,NA,-0.173215370010661,-0.231473261498974,-0.166667829293277,-0.111378913781597,-0.0573002870196674,0.12242857662971,0.147397502196529,0.150608967319157,-0.109164885579972,0.482650133824423,0.450076003844258,0.324254579209175,0.140259678191779,0.101613763617635,0.0423645053067378,-0.0289959866017048,NA,NA,NA,-0.183360532984894,-0.21839607308997,-0.145334954165341,-0.164035249098795,-0.16851593644539
"zeta_PasoPeaton",-0.253063537834745,-0.254783185967194,-0.120727080590357,-0.199047405375119,0.024601529224343,0.123160859868903,0.05903470265248,-0.176193058826553,-0.588648603826898,0.157512253611122,-0.0446493588224272,0.17818968885518,-0.130148480598299,-0.0755564802737197,0.0847698609951367,-0.0138221021539621,-0.109311287193069,0.162754654028122,-0.0365908365972913,-0.00452511791762855,-0.0233547203229695,0.231950966794987,0.0712263780391884,-0.189244458802518,-0.0191049776361765,-0.00453364263076775,-0.164474746032319,NA,-0.0260574896228984,0.112298614195005,-0.167137845266972,1,1.5586127338058,-0.135875852696054,-0.109242041093209,-0.0373527577747018,-0.0304936090484929,0.0338340289779484,-0.138359770262027,-0.154113550789571,-0.195006178616082,-0.145498258306701,-0.33885380701571,NA,NA,NA,-0.127779598565498,-0.108737105948847,-0.0583345081624427,0.0306119505081183,-0.0163767990689717,0.143347019627395,0.169858299760015,0.159845028203242,-0.0879268741859804,-0.145664114067025,-0.18278155424112,-0.257259297498433,-0.618673673958075,-0.558452179715068,-0.483840211263566,-0.152756167843595,NA,NA,NA,-0.415538913327485,-0.0727236968491613,-0.118222407007789,-0.131699914420665,-0.0535989301358867
