Model run using Apollo for R, version 0.1.0 
www.ApolloChoiceModelling.com

Model name                       : Prospective Simple 3Rutas
Model description                : Modelos Prospectivo en Eleccion de Ruta
Model run at                     : 2021-02-26 22:30:21
Estimation method                : bfgs
Model diagnosis                  : successful convergence 
Number of individuals            : 226
Number of observations           : 226

Number of cores used             :  1 
Model without mixing

LL(start)                        : -244.4702
LL(0)                            : -248.2864
LL(final)                        : -208.2218
Rho-square (0)                   :  0.1614 
Adj.Rho-square (0)               :  0.105 
AIC                              :  444.44 
BIC                              :  492.33 
Estimated parameters             :  14
Time taken (hh:mm:ss)            :  00:00:17.29 
Iterations                       :  22 
Min abs eigenvalue of hessian    :  0.642152 

Estimates:
           Estimate Std.err. t.ratio(0) p-val(0) Rob.std.err. Rob.t.ratio(0) Rob.p-val(0)
asc_ruta1    1.1575   0.2199       5.26    0.000       0.2327           4.97        0.000
asc_ruta2    0.0000       NA         NA       NA           NA             NA           NA
asc_ruta4    0.4009   0.5730       0.70    0.484       0.5697           0.70        0.482
b_gain      -1.5622   0.6966      -2.24    0.025       0.7457          -2.09        0.036
b_loss      -0.3235   0.1314      -2.46    0.014       0.1272          -2.54        0.011
b_dt         0.1256   0.2634       0.48    0.634       0.2565           0.49        0.624
b_Sem        0.3875   0.1991       1.95    0.052       0.1680           2.31        0.021
b_ACC_0      0.0000       NA         NA       NA           NA             NA           NA
b_ACC_1     -0.5876   0.3603      -1.63    0.103       0.3402          -1.73        0.084
b_ACC_2     -2.2587   1.2469      -1.81    0.070       0.7979          -2.83        0.005
b_NO_CAMFD   0.0000       NA         NA       NA           NA             NA           NA
b_SI_CAMFD  -0.4516   0.3412      -1.32    0.186       0.3502          -1.29        0.197
b_NO_PANEL   0.0000       NA         NA       NA           NA             NA           NA
b_SI_PANEL  -0.5014   0.2502      -2.00    0.045       0.2227          -2.25        0.024
b_NO_ZER     0.0000       NA         NA       NA           NA             NA           NA
b_SI_ZER     0.1145   0.2892       0.40    0.692       0.2689           0.43        0.670
b_No_MTRP    0.0000       NA         NA       NA           NA             NA           NA
b_Si_MTRP    0.3446   0.3827       0.90    0.368       0.4046           0.85        0.394
b_No_Info   -0.3656   0.3593      -1.02    0.309       0.3734          -0.98        0.328
b_Si_Info    0.0000       NA         NA       NA           NA             NA           NA
b_UsoCel_P   0.0000       NA         NA       NA           NA             NA           NA
b_UsoCel_F   0.1271   0.3817       0.33    0.739       0.3673           0.35        0.729

Overview of choices for model component "MNL"
                                  ruta1  ruta2 rutaEC
Times available                  226.00 226.00 226.00
Times chosen                      92.00  36.00  98.00
Percentage chosen overall         40.71  15.93  43.36
Percentage chosen when available  40.71  15.93  43.36


Classical covariance matrix:
            asc_ruta1  asc_ruta4     b_gain     b_loss       b_dt      b_Sem    b_ACC_1    b_ACC_2
asc_ruta1      0.0484     0.0268    -0.0208    -0.0056     0.0152     0.0045    -0.0047    -0.0031
asc_ruta4      0.0268     0.3283    -0.0198     0.0070     0.0130    -0.0020     0.0112    -0.0135
b_gain        -0.0208    -0.0198     0.4853    -0.0224    -0.0165     0.0282     0.0046     0.0172
b_loss        -0.0056     0.0070    -0.0224     0.0173     0.0013     0.0000    -0.0005     0.0006
b_dt           0.0152     0.0130    -0.0165     0.0013     0.0694     0.0135    -0.0082     0.0004
b_Sem          0.0045    -0.0020     0.0282     0.0000     0.0135     0.0397    -0.0049     0.0143
b_ACC_1       -0.0047     0.0112     0.0046    -0.0005    -0.0082    -0.0049     0.1298     0.0442
b_ACC_2       -0.0031    -0.0135     0.0172     0.0006     0.0004     0.0143     0.0442     1.5546
b_SI_CAMFD    -0.0036     0.1025    -0.0032    -0.0012    -0.0087    -0.0025     0.0102    -0.0096
b_SI_PANEL    -0.0006    -0.0037    -0.0120     0.0000     0.0036    -0.0008    -0.0041     0.0209
b_SI_ZER      -0.0023    -0.0098    -0.0090     0.0023    -0.0085    -0.0025    -0.0035     0.0114
b_Si_MTRP     -0.0082    -0.0187     0.0216    -0.0022    -0.0159    -0.0077     0.0087    -0.0139
b_No_Info     -0.0007    -0.1121     0.0131     0.0013    -0.0024    -0.0007    -0.0078     0.0058
b_UsoCel_F     0.0018    -0.1296     0.0045    -0.0028     0.0034    -0.0013    -0.0007     0.0079
           b_SI_CAMFD b_SI_PANEL   b_SI_ZER  b_Si_MTRP  b_No_Info b_UsoCel_F
asc_ruta1     -0.0036    -0.0006    -0.0023    -0.0082    -0.0007     0.0018
asc_ruta4      0.1025    -0.0037    -0.0098    -0.0187    -0.1121    -0.1296
b_gain        -0.0032    -0.0120    -0.0090     0.0216     0.0131     0.0045
b_loss        -0.0012     0.0000     0.0023    -0.0022     0.0013    -0.0028
b_dt          -0.0087     0.0036    -0.0085    -0.0159    -0.0024     0.0034
b_Sem         -0.0025    -0.0008    -0.0025    -0.0077    -0.0007    -0.0013
b_ACC_1        0.0102    -0.0041    -0.0035     0.0087    -0.0078    -0.0007
b_ACC_2       -0.0096     0.0209     0.0114    -0.0139     0.0058     0.0079
b_SI_CAMFD     0.1164    -0.0047    -0.0035    -0.0058    -0.0066    -0.0054
b_SI_PANEL    -0.0047     0.0626     0.0012    -0.0048     0.0073     0.0021
b_SI_ZER      -0.0035     0.0012     0.0836    -0.0038    -0.0005     0.0088
b_Si_MTRP     -0.0058    -0.0048    -0.0038     0.1465    -0.0005    -0.0019
b_No_Info     -0.0066     0.0073    -0.0005    -0.0005     0.1291     0.0078
b_UsoCel_F    -0.0054     0.0021     0.0088    -0.0019     0.0078     0.1457

Robust covariance matrix:
            asc_ruta1  asc_ruta4     b_gain     b_loss       b_dt      b_Sem    b_ACC_1    b_ACC_2
asc_ruta1      0.0541     0.0275    -0.0425    -0.0052     0.0236     0.0037    -0.0150     0.0096
asc_ruta4      0.0275     0.3246     0.0255     0.0106     0.0315    -0.0061    -0.0001    -0.0334
b_gain        -0.0425     0.0255     0.5561    -0.0161    -0.0234     0.0200     0.0254     0.0283
b_loss        -0.0052     0.0106    -0.0161     0.0162     0.0006     0.0019     0.0003    -0.0066
b_dt           0.0236     0.0315    -0.0234     0.0006     0.0658     0.0092    -0.0167     0.0164
b_Sem          0.0037    -0.0061     0.0200     0.0019     0.0092     0.0282    -0.0050     0.0031
b_ACC_1       -0.0150    -0.0001     0.0254     0.0003    -0.0167    -0.0050     0.1158     0.0104
b_ACC_2        0.0096    -0.0334     0.0283    -0.0066     0.0164     0.0031     0.0104     0.6367
b_SI_CAMFD    -0.0094     0.1001     0.0417     0.0030    -0.0049    -0.0009     0.0016    -0.0284
b_SI_PANEL     0.0032     0.0107     0.0054    -0.0011     0.0069     0.0010    -0.0034     0.0094
b_SI_ZER       0.0045    -0.0160    -0.0403     0.0028    -0.0042     0.0008    -0.0159     0.0202
b_Si_MTRP     -0.0196    -0.0513     0.0283    -0.0041    -0.0324    -0.0005     0.0262    -0.0180
b_No_Info     -0.0049    -0.1235     0.0217    -0.0063    -0.0103     0.0017    -0.0159     0.0154
b_UsoCel_F     0.0066    -0.0904     0.0053     0.0031     0.0068     0.0050    -0.0026     0.0275
           b_SI_CAMFD b_SI_PANEL   b_SI_ZER  b_Si_MTRP  b_No_Info b_UsoCel_F
asc_ruta1     -0.0094     0.0032     0.0045    -0.0196    -0.0049     0.0066
asc_ruta4      0.1001     0.0107    -0.0160    -0.0513    -0.1235    -0.0904
b_gain         0.0417     0.0054    -0.0403     0.0283     0.0217     0.0053
b_loss         0.0030    -0.0011     0.0028    -0.0041    -0.0063     0.0031
b_dt          -0.0049     0.0069    -0.0042    -0.0324    -0.0103     0.0068
b_Sem         -0.0009     0.0010     0.0008    -0.0005     0.0017     0.0050
b_ACC_1        0.0016    -0.0034    -0.0159     0.0262    -0.0159    -0.0026
b_ACC_2       -0.0284     0.0094     0.0202    -0.0180     0.0154     0.0275
b_SI_CAMFD     0.1226     0.0033    -0.0087    -0.0157    -0.0037     0.0115
b_SI_PANEL     0.0033     0.0496    -0.0081    -0.0036     0.0037     0.0013
b_SI_ZER      -0.0087    -0.0081     0.0723    -0.0059     0.0006     0.0159
b_Si_MTRP     -0.0157    -0.0036    -0.0059     0.1637     0.0013     0.0015
b_No_Info     -0.0037     0.0037     0.0006     0.0013     0.1395    -0.0011
b_UsoCel_F     0.0115     0.0013     0.0159     0.0015    -0.0011     0.1349

Classical correlation matrix:
            asc_ruta1  asc_ruta4     b_gain     b_loss       b_dt      b_Sem    b_ACC_1    b_ACC_2
asc_ruta1      1.0000     0.2126    -0.1360    -0.1940     0.2623     0.1025    -0.0594    -0.0114
asc_ruta4      0.2126     1.0000    -0.0496     0.0936     0.0860    -0.0177     0.0542    -0.0189
b_gain        -0.1360    -0.0496     1.0000    -0.2452    -0.0901     0.2033     0.0182     0.0198
b_loss        -0.1940     0.0936    -0.2452     1.0000     0.0369    -0.0017    -0.0100     0.0039
b_dt           0.2623     0.0860    -0.0901     0.0369     1.0000     0.2576    -0.0869     0.0013
b_Sem          0.1025    -0.0177     0.2033    -0.0017     0.2576     1.0000    -0.0677     0.0576
b_ACC_1       -0.0594     0.0542     0.0182    -0.0100    -0.0869    -0.0677     1.0000     0.0983
b_ACC_2       -0.0114    -0.0189     0.0198     0.0039     0.0013     0.0576     0.0983     1.0000
b_SI_CAMFD    -0.0475     0.5245    -0.0133    -0.0262    -0.0963    -0.0368     0.0829    -0.0227
b_SI_PANEL    -0.0112    -0.0257    -0.0688     0.0014     0.0547    -0.0157    -0.0456     0.0671
b_SI_ZER      -0.0361    -0.0591    -0.0445     0.0612    -0.1111    -0.0428    -0.0333     0.0317
b_Si_MTRP     -0.0972    -0.0852     0.0809    -0.0440    -0.1573    -0.1004     0.0632    -0.0291
b_No_Info     -0.0090    -0.5447     0.0523     0.0285    -0.0257    -0.0091    -0.0606     0.0130
b_UsoCel_F     0.0220    -0.5926     0.0169    -0.0566     0.0342    -0.0168    -0.0048     0.0167
           b_SI_CAMFD b_SI_PANEL   b_SI_ZER  b_Si_MTRP  b_No_Info b_UsoCel_F
asc_ruta1     -0.0475    -0.0112    -0.0361    -0.0972    -0.0090     0.0220
asc_ruta4      0.5245    -0.0257    -0.0591    -0.0852    -0.5447    -0.5926
b_gain        -0.0133    -0.0688    -0.0445     0.0809     0.0523     0.0169
b_loss        -0.0262     0.0014     0.0612    -0.0440     0.0285    -0.0566
b_dt          -0.0963     0.0547    -0.1111    -0.1573    -0.0257     0.0342
b_Sem         -0.0368    -0.0157    -0.0428    -0.1004    -0.0091    -0.0168
b_ACC_1        0.0829    -0.0456    -0.0333     0.0632    -0.0606    -0.0048
b_ACC_2       -0.0227     0.0671     0.0317    -0.0291     0.0130     0.0167
b_SI_CAMFD     1.0000    -0.0556    -0.0358    -0.0447    -0.0542    -0.0413
b_SI_PANEL    -0.0556     1.0000     0.0163    -0.0506     0.0812     0.0220
b_SI_ZER      -0.0358     0.0163     1.0000    -0.0341    -0.0049     0.0794
b_Si_MTRP     -0.0447    -0.0506    -0.0341     1.0000    -0.0037    -0.0131
b_No_Info     -0.0542     0.0812    -0.0049    -0.0037     1.0000     0.0571
b_UsoCel_F    -0.0413     0.0220     0.0794    -0.0131     0.0571     1.0000

Robust correlation matrix:
            asc_ruta1  asc_ruta4     b_gain     b_loss       b_dt      b_Sem    b_ACC_1    b_ACC_2
asc_ruta1      1.0000     0.2078    -0.2447    -0.1742     0.3950     0.0939    -0.1895     0.0518
asc_ruta4      0.2078     1.0000     0.0601     0.1462     0.2156    -0.0640    -0.0004    -0.0735
b_gain        -0.2447     0.0601     1.0000    -0.1701    -0.1225     0.1593     0.1002     0.0475
b_loss        -0.1742     0.1462    -0.1701     1.0000     0.0198     0.0872     0.0062    -0.0645
b_dt           0.3950     0.2156    -0.1225     0.0198     1.0000     0.2130    -0.1919     0.0800
b_Sem          0.0939    -0.0640     0.1593     0.0872     0.2130     1.0000    -0.0873     0.0232
b_ACC_1       -0.1895    -0.0004     0.1002     0.0062    -0.1919    -0.0873     1.0000     0.0382
b_ACC_2        0.0518    -0.0735     0.0475    -0.0645     0.0800     0.0232     0.0382     1.0000
b_SI_CAMFD    -0.1154     0.5016     0.1597     0.0679    -0.0543    -0.0153     0.0137    -0.1017
b_SI_PANEL     0.0627     0.0844     0.0324    -0.0378     0.1209     0.0272    -0.0454     0.0531
b_SI_ZER       0.0714    -0.1044    -0.2012     0.0826    -0.0602     0.0171    -0.1743     0.0940
b_Si_MTRP     -0.2085    -0.2227     0.0937    -0.0793    -0.3118    -0.0081     0.1904    -0.0559
b_No_Info     -0.0560    -0.5806     0.0778    -0.1334    -0.1077     0.0266    -0.1250     0.0517
b_UsoCel_F     0.0773    -0.4318     0.0193     0.0661     0.0718     0.0812    -0.0211     0.0938
           b_SI_CAMFD b_SI_PANEL   b_SI_ZER  b_Si_MTRP  b_No_Info b_UsoCel_F
asc_ruta1     -0.1154     0.0627     0.0714    -0.2085    -0.0560     0.0773
asc_ruta4      0.5016     0.0844    -0.1044    -0.2227    -0.5806    -0.4318
b_gain         0.1597     0.0324    -0.2012     0.0937     0.0778     0.0193
b_loss         0.0679    -0.0378     0.0826    -0.0793    -0.1334     0.0661
b_dt          -0.0543     0.1209    -0.0602    -0.3118    -0.1077     0.0718
b_Sem         -0.0153     0.0272     0.0171    -0.0081     0.0266     0.0812
b_ACC_1        0.0137    -0.0454    -0.1743     0.1904    -0.1250    -0.0211
b_ACC_2       -0.1017     0.0531     0.0940    -0.0559     0.0517     0.0938
b_SI_CAMFD     1.0000     0.0422    -0.0921    -0.1105    -0.0286     0.0893
b_SI_PANEL     0.0422     1.0000    -0.1355    -0.0398     0.0440     0.0154
b_SI_ZER      -0.0921    -0.1355     1.0000    -0.0545     0.0057     0.1610
b_Si_MTRP     -0.1105    -0.0398    -0.0545     1.0000     0.0084     0.0103
b_No_Info     -0.0286     0.0440     0.0057     0.0084     1.0000    -0.0081
b_UsoCel_F     0.0893     0.0154     0.1610     0.0103    -0.0081     1.0000

 20 worst outliers in terms of lowest average per choice prediction:
 row Avg prob per choice
 127          0.05659020
 149          0.06373803
 167          0.07544477
  84          0.09208835
  28          0.10240521
   6          0.11304059
  73          0.11937483
 210          0.12077252
 175          0.12171051
 134          0.12361133
 204          0.12374413
  14          0.12398198
  11          0.14336030
  47          0.14984302
  33          0.15371101
  41          0.15425937
  38          0.16570426
 105          0.16733898
  49          0.16787837
  53          0.17228628

Changes in parameter estimates from starting values:
           Initial Estimate Difference
asc_ruta1        0   1.1575     1.1575
asc_ruta2        0   0.0000     0.0000
asc_ruta4        0   0.4009     0.4009
b_gain           0  -1.5622    -1.5622
b_loss           0  -0.3235    -0.3235
b_dt             0   0.1256     0.1256
b_Sem            0   0.3875     0.3875
b_ACC_0          0   0.0000     0.0000
b_ACC_1         -1  -0.5876     0.4124
b_ACC_2          0  -2.2587    -2.2587
b_NO_CAMFD       0   0.0000     0.0000
b_SI_CAMFD       0  -0.4516    -0.4516
b_NO_PANEL       0   0.0000     0.0000
b_SI_PANEL      -1  -0.5014     0.4986
b_NO_ZER         0   0.0000     0.0000
b_SI_ZER         0   0.1145     0.1145
b_No_MTRP        0   0.0000     0.0000
b_Si_MTRP        0   0.3446     0.3446
b_No_Info        0  -0.3656    -0.3656
b_Si_Info        0   0.0000     0.0000
b_UsoCel_P       0   0.0000     0.0000
b_UsoCel_F       0   0.1271     0.1271
