"","asc_ruta2","asc_ruta3","asc_rutaEC","b_time","b_dist","b_clima","b_cong","b_Hvalle","b_T_prof","b_Hor_trab","b_EduBasica","b_Info_traf","b_Joven30","b_Adulto40","b_Adulto60","b_USOCINTURON","b_USODISPMOB","lambda1","lambda2","gamma_EDUBASICA","gamma_CSECO","gamma_CONG_EF","gamma_SININFO","gamma_HORAS_TRABAJO","gamma_HPICO","gamma_CONG_CD","gamma_USOCINTURON","gamma_USODISPMOB","zeta_FRbr","zeta_EnfCond","zeta_AFrSem","zeta_CulFr","zeta_OmLmVel","zeta_IgPare","zeta_UsoCel","tau_FRbr_1","tau_FRbr_2","tau_FRbr_3","tau_FRbr_4","tau_EnfCond_1","tau_EnfCond_2","tau_EnfCond_3","tau_EnfCond_4","tau_AFrSem_1","tau_AFrSem_2","tau_AFrSem_3","tau_AFrSem_4","tau_CulFr_1","tau_CulFr_2","tau_CulFr_3","tau_CulFr_4","tau_OmLmVel_1","tau_OmLmVel_2","tau_OmLmVel_3","tau_OmLmVel_4","tau_IgPare_1","tau_IgPare_2","tau_IgPare_3","tau_IgPare_4","tau_UsoCel_1","tau_UsoCel_2","tau_UsoCel_3","tau_UsoCel_4"
"asc_ruta2",1,0.232575196492918,0.0402775462883458,-0.144713171404369,0.0331545749816443,0.0272858106540584,0.0776263218244986,0.011255108628213,-0.00383140019679882,0.0161170071002087,0.00458993075867771,0.00476060474691062,-0.00518873257212053,-0.00231491997126612,-0.00255278826504508,0.0223964331364334,-0.0258373095277967,-0.00564298836965788,0.00556658317026716,0.000217458878285823,0.000197681518274638,0.000223802977876164,-0.000206001896947989,-0.00012179517316715,1.9336670201437e-05,-0.000109736549727781,0.00036013131452744,NA,0.000322713869052702,0.000106416087188652,-0.000220790915548915,4.81301220618287e-05,-5.03949123250014e-06,NA,-0.000190890907428657,0.000166035424094342,0.000236434681883127,0.000254233175699923,0.000294977228643057,0.000122090612852884,7.27631899879903e-05,7.48289278446381e-05,9.34856390925945e-05,0.000135338349534037,-0.000197227910492917,-0.000196597437517681,-0.000199219303954849,4.35880099806252e-05,7.45787797645187e-05,7.26500393513429e-05,5.69778674163357e-05,-5.15049536473731e-07,6.22114099396193e-05,4.14340743596992e-05,8.41783745144394e-06,-4.48284262671825e-05,0.000352584702661951,NA,5.90600777565046e-05,0.000177439977453707,0.000138888402625117,0.000106123784301783,1.48989781864749e-05
"asc_ruta3",0.232575196492918,1,0.0240044822690335,-0.215706779258111,0.0944151979449145,0.0290451135299214,0.0766345202240952,0.00335651622220046,-0.00322894248101966,0.0279459705062381,0.00251616181123245,0.00403912006897572,-0.00313877785484922,-0.00472357243499222,-0.00446903220099137,0.0247437358532788,-0.0269705475566058,-0.00328832735016986,0.00415819498972288,0.000152281930215055,9.85887698956082e-05,0.000109109892187212,-0.000120751530882492,-6.68616730052032e-05,1.51261273251384e-05,-4.75314515473429e-05,0.000203752835263214,NA,0.000175686985413298,5.7181482246265e-05,-0.000114087252618993,1.67349460872931e-05,6.28022086738101e-06,NA,1.85926023329092e-05,0.000114932278403214,0.000137960288468529,0.000146261647753105,0.00016463360816761,8.64669936188319e-05,4.89207741942978e-05,4.86407206994947e-05,5.71739881144504e-05,0.000100267353985541,-9.83184744509969e-05,-9.84952573257425e-05,-0.000101076952604184,3.92940541782681e-05,5.12247542271343e-05,4.760556466998e-05,3.25077525634111e-05,5.61492982587576e-06,4.66186975422555e-05,3.21640085399289e-05,8.06914546399343e-06,-2.2449607113694e-05,0.000220773519174744,NA,2.51629671366483e-05,2.20736891152061e-05,3.76131668142667e-05,3.24848113117528e-05,9.89192251050858e-06
"asc_rutaEC",0.0402775462883458,0.0240044822690335,1,0.0890503052119757,-0.0456663092820982,-0.39974315238511,-0.0730582579925904,0.0181015962737874,-0.19557966842924,-0.702506019739355,-0.0263163339966198,-0.149704271390357,-0.295538054217313,-0.272797019806613,-0.269037252025933,-0.287001787254237,-0.0867003242373948,-0.150346066854368,0.0808050823197537,0.00256658387161423,0.00265122942757448,0.00552836440664177,-0.00429972801765622,-0.00313540434792513,0.000405603415271789,-0.00286908552306081,0.00893629714645087,NA,0.00772119953648196,0.00232472833913031,-0.00519996474942516,0.000839358180854079,-0.000938944275223676,NA,-0.00358021657462829,0.00149136586055447,0.00412497867204067,0.00472958734938231,0.00622132655113268,0.000543150921200531,-0.000114693175448495,0.000109190435257135,0.000988279982801183,0.000788829156551607,-0.00524373355243525,-0.00516140766374029,-0.00501465832155158,-0.00107274367290789,-0.000378416081311056,-0.000282530173645992,-5.86914457835724e-05,0.000774882468048603,0.00124584888939098,0.000660760870833694,-2.95401588808831e-05,-0.000726101009671441,0.0077904293452757,NA,0.00147431781258183,0.00296343791859181,0.00246480829295699,0.0019742267124485,0.000369798346470869
"b_time",-0.144713171404369,-0.215706779258111,0.0890503052119757,1,-0.485777304866512,-0.0992707959821437,-0.379657079298045,-0.0378588472217617,-0.00747073775084471,-0.131426633586593,-0.00896913595080612,-0.0178285128183173,-0.0290804313413641,-0.00223183980925246,-0.0202073123339508,-0.098985816569426,0.133786726584613,0.00418068034823864,-0.00786839525852005,-0.000452276406635757,-0.000230054450343701,-0.000220466558708804,0.000148066153467402,0.000181276430509073,-4.03714662454418e-05,0.000138951462546574,-0.000358413727800946,NA,-0.000319410697982939,-0.00010778129086688,0.000264800354448398,-3.49486361238917e-05,-9.05436521931666e-05,NA,-0.000159269218994073,-0.00033511039270706,-0.00034499532494099,-0.000354002368926574,-0.00035853140287876,-0.000283931428255164,-0.000197038500941384,-0.000187522941058455,-0.000183492684700077,-0.000299474326075027,0.000190610975571211,0.000198031728792045,0.000215262029662862,-0.000194144542537001,-0.000213395098421078,-0.00020031097949441,-0.000141413275930331,3.84572257974245e-05,-5.73538168384651e-05,-6.40172353108375e-05,-4.28635830862335e-05,-5.29212217915466e-05,-0.000417474414961061,NA,-2.37207997722245e-05,1.18308747253662e-05,-3.30982155480121e-05,-1.5809774917754e-05,-2.62865142399668e-06
"b_dist",0.0331545749816443,0.0944151979449145,-0.0456663092820982,-0.485777304866512,1,0.0870153036422055,0.0164320065516453,0.00319056633029258,0.0170139863859192,0.0738076425527369,0.00920908170444578,-0.00814505377248945,0.0166010763083172,0.0303250348998676,0.0270459051767649,0.0246981323844731,0.0125680235654719,-0.0199537069499009,0.0122598505561831,0.000857060414505842,0.000644206230743179,0.000787697858355644,-0.000606456258547146,-0.000488264475531758,0.00012188053838213,-0.000400812769397431,0.00119491714905904,NA,0.00126211020777782,0.00041842035724126,-0.000810959822678114,0.000144962945398788,7.47439753589332e-05,NA,-0.000124251199859803,0.000617393414674578,0.000949911116521396,0.00102039097622185,0.00117657911857768,0.000468404294395643,0.000312802383872374,0.000322465163436055,0.000393881896372025,0.000494331152131029,-0.00071094312470762,-0.000713142519608684,-0.000720974694302142,0.000222434776271163,0.000296490258376602,0.000283451101753243,0.000215890587903146,-6.67130503110837e-05,0.000248283024591495,0.000192342499082587,9.01420613954582e-05,-0.000104653127002211,0.00127371580260235,NA,0.000200614220587305,0.000169116937704681,0.000204161609646368,0.000180976175349898,4.94562781759153e-05
"b_clima",0.0272858106540584,0.0290451135299214,-0.39974315238511,-0.0992707959821437,0.0870153036422055,1,0.0667538955459797,-0.075617668406797,-0.0193581163955526,-0.0143569465146717,-0.145160565175191,-0.039452640622853,0.00230130738110178,-0.0682730975660908,-0.0370525776152357,0.159349861194755,-0.0043454387577459,0.112786695229007,-0.0798463601703414,-0.00284879701496287,-0.00304709886934662,-0.0041267459173648,0.00333346538112664,0.00216513510065304,-0.000284599119836721,0.00213330782788895,-0.00646907952040347,NA,-0.00586241747971421,-0.00178367249859961,0.00368033679435428,-0.000579817510908658,0.0008531712431723,NA,0.00372372400788563,-0.00228477785324445,-0.00385042383471283,-0.00422640753627991,-0.00512497751963661,-0.00149894420998476,-0.000727761335607366,-0.000816000866967776,-0.00127970132706869,-0.00179043979404567,0.00346535019328595,0.00341839709939699,0.00340240253603963,-0.000133768801507291,-0.000647782723968407,-0.000637991575466549,-0.000508266466351529,-0.000570591687967758,-0.000839306062750781,-0.000392728243767521,0.000140008696472963,0.000931838244040543,-0.00621499502486773,NA,-0.000897332320193728,-0.00298214999343117,-0.00233603378847284,-0.00182739185377825,-0.000274064189246681
"b_cong",0.0776263218244986,0.0766345202240952,-0.0730582579925904,-0.379657079298045,0.0164320065516453,0.0667538955459797,1,-0.0633105919204277,-0.0264552922134304,0.0106263412685349,0.120743563608071,0.0688248890428914,0.127661872481607,0.105367746623935,0.0820353507107657,0.114573364014926,-0.164049757628756,-0.114024750669363,0.0468712478233747,0.0021094498319662,0.00204598132364656,0.00409610781692521,-0.00265734054811136,-0.00192441580668626,1.80487956617816e-05,-0.00219454065516219,0.00575843209546202,NA,0.00565276310365569,0.0015770578399987,-0.00342563907785976,0.000641829651212337,-0.000512958403619559,NA,-0.0027170207476336,0.00139154629019991,0.00327284593041549,0.00369205620365829,0.00469669858179297,0.000702610676230326,0.000124664971438213,0.000255226543242481,0.0008199101741739,0.000924523294511402,-0.00339805962594528,-0.00333965371382544,-0.00324745099835408,-0.000447961091875265,3.8050913739783e-05,9.06566258885386e-05,0.000166299623106576,0.000204693754464285,0.000329415574638766,0.000163728585015175,-4.8780301327413e-05,-0.000884256044759124,0.00501902971969904,NA,0.000717469447320756,0.00223076235924231,0.00160487639587602,0.00117304656717134,0.000127074463348599
"b_Hvalle",0.011255108628213,0.00335651622220046,0.0181015962737874,-0.0378588472217617,0.00319056633029258,-0.075617668406797,-0.0633105919204277,1,0.0161761100553346,-0.0929238281671081,0.0562504616947724,0.028578643396585,-0.00620092442512249,0.0545725520375726,0.037361954041515,-0.026280339828813,0.01579343088641,-0.117432395781876,0.16295457379405,0.00391282281076933,0.00419391651184751,0.0053509246910669,-0.00524464046946548,-0.00300103049208412,0.000627515470616662,-0.00263060894844831,0.00918530958705389,NA,0.00653126650137535,0.00232169411312964,-0.00511570880038125,0.00132929056966145,-0.000822070531906877,NA,-0.00597979043691294,0.00302577417243857,0.00431640611748064,0.00471484866092373,0.00566674395979984,0.00209820875225604,0.00106043811330079,0.00113925852084921,0.00163732579689958,0.00235820660849148,-0.00476930680539655,-0.00473013035622151,-0.00477314326186705,0.00034570124839264,0.00118157321588034,0.00117820526594541,0.00101099940192959,0.00077135968449774,0.00181781061191365,0.00103597722264375,-2.04910508063019e-05,-0.00117961354174546,0.00951498789280485,NA,0.00153464658685447,0.00503069769998785,0.00397124421543847,0.00314830585261836,0.000517205820052662
"b_T_prof",-0.00383140019679882,-0.00322894248101966,-0.19557966842924,-0.00747073775084471,0.0170139863859192,-0.0193581163955526,-0.0264552922134304,0.0161761100553346,1,-0.0560388158146223,-0.114082767902317,0.010596273300991,0.34103440575237,0.314526042907929,0.163919516903967,0.0275542589702884,0.00160934731267285,-0.108168415222301,0.120044480726244,0.00301200148543724,0.00357822155566159,0.0044505576171035,-0.00370661445694072,-0.00231541282399368,0.000386400811942204,-0.00222112797440878,0.00730897616713208,NA,0.00589450071467649,0.00189393394746829,-0.00418052868350578,0.00109753497895486,-0.000509808396265648,NA,-0.00526876561678006,0.00267245784912859,0.00403969141476536,0.00440083988518597,0.00524251920698884,0.00186783497352848,0.000982155581845506,0.00105447755750882,0.00149026463143724,0.00210780811721261,-0.00384723598896515,-0.00381117904806911,-0.00384943961566558,0.000403305396284569,0.00109904513371896,0.00110632597595368,0.000965840490287966,0.000322503045709705,0.00144737017895138,0.000893101120692324,0.000117701507315378,-0.00112918415716458,0.00757374757183015,NA,0.00116461133975413,0.00434147426216468,0.00334146632162827,0.00261653694216539,0.000396088062426215
"b_Hor_trab",0.0161170071002087,0.0279459705062381,-0.702506019739355,-0.131426633586593,0.0738076425527369,-0.0143569465146717,0.0106263412685349,-0.0929238281671081,-0.0560388158146223,1,-0.091017436195576,0.115562514526883,0.018815831346488,-0.0394600110116115,-0.0809628431608881,-0.0284646329573055,0.0166127362919731,-0.0144135029072515,0.0769232724314031,0.00182613819716085,0.00178201868394176,0.000949558628710345,-0.00174629083357566,-0.0003269562728217,0.000199005850253362,-0.000363792667036706,0.00171910285231793,NA,0.000774574879845685,0.00038395138842037,-0.000755273239081248,0.000517386990103128,-0.000169343256141073,NA,-0.00226486661159642,0.00153096127919344,0.00106727038286032,0.00104270910458163,0.000988180031527418,0.00131793606280428,0.000824548584567389,0.000763423533762427,0.00067287537774512,0.00145238371652547,-0.000491233769962986,-0.000495848593405009,-0.000586889994979492,0.000818421447091863,0.00109043200353462,0.00104536560761063,0.000812368964172539,0.000279864237352503,0.000740315050488716,0.0004265514832183,-9.39110864522852e-06,-0.000815377185703241,0.0025578023766964,NA,0.000227043489619794,0.00195823861847548,0.0015893588397282,0.00129857975042992,0.000210334115872249
"b_EduBasica",0.00458993075867771,0.00251616181123245,-0.0263163339966198,-0.00896913595080612,0.00920908170444578,-0.145160565175191,0.120743563608071,0.0562504616947724,-0.114082767902317,-0.091017436195576,1,0.0194633694342803,-0.0146578574805163,-0.0411249720981242,-0.0116967954431833,0.16088567814357,-0.0162584135243502,-0.110309926839958,0.0818480134715979,0.00260030846447438,0.0026205603336144,0.00414536749194612,-0.00331676798957887,-0.00211475938448872,0.000350212901634039,-0.00214563238054076,0.00632577239369825,NA,0.0058237072623562,0.00179531629801967,-0.00379309519596165,0.000796260005655433,-0.00057229548292349,NA,-0.00203820519159227,0.00196590758270251,0.00361855183713753,0.00401580967452972,0.00493245293211969,0.00122169725167284,0.000514918853327663,0.000622395933783995,0.00111332635966473,0.00143363475586906,-0.00364471522604925,-0.003599038321133,-0.00357228759309103,-6.81794689195952e-05,0.000471118721603281,0.000494390289059468,0.000447931401757575,0.00035557024884008,0.000725214884740591,0.000397882881440221,-6.80695053303397e-05,-0.00104977724489474,0.00633405272690465,NA,0.000932036930758908,0.00163498489786574,0.00136708507579093,0.00114714941571813,0.000231082888718782
"b_Info_traf",0.00476060474691062,0.00403912006897572,-0.149704271390357,-0.0178285128183173,-0.00814505377248945,-0.039452640622853,0.0688248890428914,0.028578643396585,0.010596273300991,0.115562514526883,0.0194633694342803,1,0.0360567542274213,0.0848239499706021,0.0325056208942351,0.0668233705470993,-0.112041311566959,-0.11146813990733,0.0941873289646077,0.00253659951471802,0.00259383024116292,0.00461235278060075,-0.0037959806532683,-0.00235141238674123,0.00042271506157118,-0.00247041582683379,0.00701640681174319,NA,0.0057564170115607,0.00179300139948315,-0.00417635458374049,0.000863672514267764,-0.000722631469801472,NA,-0.0035977878749663,0.00163108890496745,0.00328542743041118,0.00370989551516639,0.00471339527486701,0.000856193087653508,0.000194081814514999,0.000328553705310195,0.000907415161640207,0.00109470652131516,-0.0041004814280995,-0.00404256198666618,-0.00399223590235949,-0.000523746302429295,0.000137706557951376,0.000198535035117106,0.000273398203291932,0.000515636661990979,0.000956158511865553,0.000490905089432719,-8.42605250453029e-05,-0.00115550886511117,0.00688532375365914,NA,0.0011771722182713,0.00306860338070099,0.00235381803436319,0.00186574085527846,0.000323336011838933
"b_Joven30",-0.00518873257212053,-0.00313877785484922,-0.295538054217313,-0.0290804313413641,0.0166010763083172,0.00230130738110178,0.127661872481607,-0.00620092442512249,0.34103440575237,0.018815831346488,-0.0146578574805163,0.0360567542274213,1,0.558351168012761,0.544233442719848,0.0378322545561399,-0.144694290658372,-0.0697406481743203,0.0862789248115046,0.00212664903756414,0.00205870994815801,0.00318330527969386,-0.00266146424520059,-0.00173478675391047,0.000312354799564224,-0.00167093501652108,0.00531581526913301,NA,0.00384540020411522,0.00134768147411277,-0.00301985891898342,0.000815717132150433,-0.000387763102582917,NA,-0.00347000347627196,0.00153807909796981,0.00244874049692213,0.00270319738015809,0.00329831630576268,0.00102139882621499,0.000502979998779697,0.000569622813251213,0.00090289713957374,0.00114073665068351,-0.00284669001054628,-0.00282070233139876,-0.00283427376406488,5.09882169679042e-05,0.000554826092538357,0.000574989588777354,0.000539788781349658,0.000311095278263273,0.000926766238447282,0.000551092381058577,3.04884864228055e-05,-0.000684247576484131,0.00522701761130136,NA,0.000737798167542551,0.00289750912148245,0.00221019604371884,0.00172267206351357,0.000268217291135222
"b_Adulto40",-0.00231491997126612,-0.00472357243499222,-0.272797019806613,-0.00223183980925246,0.0303250348998676,-0.0682730975660908,0.105367746623935,0.0545725520375726,0.314526042907929,-0.0394600110116115,-0.0411249720981242,0.0848239499706021,0.558351168012761,1,0.742893187198416,-0.0307182349704924,-0.189632570111447,-0.0945383778682617,0.118791434656954,0.00311638976256837,0.00310308251589565,0.00437368673099814,-0.00399562754646974,-0.00243099043517706,0.000562153703648028,-0.0023086509499933,0.00733181387249638,NA,0.00522728649914928,0.00185040259124316,-0.00419726717574875,0.00110370219518243,-0.000396889439456369,NA,-0.00474636355063505,0.00223725349205843,0.00340997510263978,0.00374684365553852,0.00453629088601448,0.00152036553600708,0.000790720532216361,0.000869274379796355,0.00129279681601313,0.00168244754699895,-0.00392186940451761,-0.00388832686643284,-0.00392250031529899,0.000170918301122696,0.000855751337846463,0.000878117020093068,0.000804820264890728,0.000320837427188484,0.00127969331871915,0.00080816031707528,0.000112599009559507,-0.00101184390251595,0.0074430300356155,NA,0.00122532415471129,0.00400159178926093,0.0030690165560245,0.00237741542015278,0.00035288981085661
"b_Adulto60",-0.00255278826504508,-0.00446903220099137,-0.269037252025933,-0.0202073123339508,0.0270459051767649,-0.0370525776152357,0.0820353507107657,0.037361954041515,0.163919516903967,-0.0809628431608881,-0.0116967954431833,0.0325056208942351,0.544233442719848,0.742893187198416,1,-0.0776801645593119,-0.0613905871587349,-0.00441123580224356,0.0114417710743317,0.000390293804283639,0.000227073465099013,0.000633767322733026,-0.000205975344611925,-0.000504199941783553,8.42910230882631e-05,-0.000480271562939568,0.00103737174832882,NA,0.000496968479163225,0.000243448752361964,-0.000683891822318024,0.000112035310319311,-2.04138418005053e-05,NA,-0.00018463162775842,0.00024750567952628,0.00038909124162906,0.000423349347358051,0.00045653583561078,0.00019924470571487,0.000187544694741182,0.000194946968615381,0.00021465867343396,0.000157184525885184,-0.000598788104661916,-0.000602012004132034,-0.000639107538300597,9.08025402029785e-05,0.000165058491728841,0.000160456842199054,0.000134402649375666,9.17744598089275e-05,6.3088510708704e-05,6.57908701710999e-05,4.19571837630665e-05,0.000176764652049428,0.000740494397248916,NA,0.000113455433411296,0.000249925511102962,0.000189944860497193,0.000126640632747652,2.40039045695392e-05
"b_USOCINTURON",0.0223964331364334,0.0247437358532788,-0.287001787254237,-0.098985816569426,0.0246981323844731,0.159349861194755,0.114573364014926,-0.026280339828813,0.0275542589702884,-0.0284646329573055,0.16088567814357,0.0668233705470993,0.0378322545561399,-0.0307182349704924,-0.0776801645593119,1,0.0237800965135745,-0.0616740948098474,0.154150708882298,0.0028238899509224,0.00317936255288774,0.00340440272799234,-0.00407469708582462,-0.00205139272274559,0.000665742774657385,-0.00156871724474174,0.00662321540343863,NA,0.00359797774227755,0.00157432322274232,-0.00346736263153021,0.00133943513567026,-0.000563481457636563,NA,-0.00520565104698466,0.00235183653948322,0.00258394274044083,0.00277277918394066,0.00323336509873855,0.00176967500192833,0.00100406828475044,0.0010260976384852,0.0012624498124022,0.00191324240083873,-0.00313888096546351,-0.00312066727306649,-0.00321563362766223,0.000563847397261098,0.00125710713770321,0.00126196033001787,0.00111900684143945,0.000606815012451212,0.0017665844196626,0.00102661707257235,-1.0163135323646e-05,-0.000926855380144605,0.00708880001087948,NA,0.00110737910783905,0.00447774895214606,0.00356097670924877,0.00286787266977628,0.000489445719302383
"b_USODISPMOB",-0.0258373095277967,-0.0269705475566058,-0.0867003242373948,0.133786726584613,0.0125680235654719,-0.0043454387577459,-0.164049757628756,0.01579343088641,0.00160934731267285,0.0166127362919731,-0.0162584135243502,-0.112041311566959,-0.144694290658372,-0.189632570111447,-0.0613905871587349,0.0237800965135745,1,0.0465878948221696,-0.0780303793406928,-0.00195285489187734,-0.0017646865328232,-0.00247164010912879,0.00233346596984335,0.00141964004235099,-0.000319235512284295,0.00124581664623927,-0.00388815692400955,NA,-0.00267963321220275,-0.00107479132003177,0.00235884539581804,-0.000731631597432255,0.000753704394750923,NA,0.0017572231319234,-0.00132135517126393,-0.00181084176943438,-0.00197607701820868,-0.00232994987716721,-0.000950527617903924,-0.000548781333651318,-0.000582165171593669,-0.000773975480594799,-0.00101123063853428,0.00217286705338968,0.00215911435654818,0.00220805525604928,-0.000177521753756734,-0.000601848108217497,-0.000620907076523931,-0.000559554287359633,-0.000776963396258419,-0.000847615574177999,-0.000366576951691562,0.000231292252905143,0.000432302305145746,-0.0044506035898956,NA,-0.000547168969777698,-0.00163907273665237,-0.00146200277299698,-0.00126251300020613,-0.000291499331859064
"lambda1",-0.00564298836965788,-0.00328832735016986,-0.150346066854368,0.00418068034823864,-0.0199537069499009,0.112786695229007,-0.114024750669363,-0.117432395781876,-0.108168415222301,-0.0144135029072515,-0.110309926839958,-0.11146813990733,-0.0697406481743203,-0.0945383778682617,-0.00441123580224356,-0.0616740948098474,0.0465878948221696,1,-0.782306060426264,-0.0232601202374789,-0.0234743401070495,-0.0384640396123871,0.0315387078978658,0.0199260393112188,-0.00265562987147482,0.0196350578305617,-0.0614218855611261,NA,-0.0511322513119259,-0.0156892084697666,0.0346789370829292,-0.00747988218835371,0.00517754137599595,NA,0.0300064741454375,-0.0159702561865573,-0.030501461316511,-0.0341163103887181,-0.0429658868389818,-0.00923855088724474,-0.00302230796504662,-0.00410382280114638,-0.00905462063986582,-0.0113461073644797,0.0337442710644023,0.033259876184176,0.0327450088615749,0.00265070243926946,-0.00274466758338291,-0.00314348057876938,-0.00342072331953689,-0.00331766893252642,-0.00827596076921942,-0.00465049309103393,0.000149380192305401,0.00887786946287391,-0.0577762993760691,NA,-0.00923646700490122,-0.0246823472183808,-0.0194568052664082,-0.0153560855164327,-0.00245228745081587
"lambda2",0.00556658317026716,0.00415819498972288,0.0808050823197537,-0.00786839525852005,0.0122598505561831,-0.0798463601703414,0.0468712478233747,0.16295457379405,0.120044480726244,0.0769232724314031,0.0818480134715979,0.0941873289646077,0.0862789248115046,0.118791434656954,0.0114417710743317,0.154150708882298,-0.0780303793406928,-0.782306060426264,1,0.0245376714751144,0.025959476618158,0.0339820253488726,-0.0326066488118131,-0.0182562818423508,0.00397919322706777,-0.0168794417144611,0.0571323119293682,NA,0.042270560879617,0.0147930673675056,-0.0321249450917888,0.00908274311277815,-0.00617128794118169,NA,-0.0370391639965463,0.0187885242967704,0.027670389953397,0.0303320669829548,0.0367386618394704,0.0128534856976679,0.00640345619600362,0.00701234764326586,0.010416355872658,0.0145405597276063,-0.0300733875685866,-0.0297737909876543,-0.0299569942607743,0.00163523021708714,0.00719600332265855,0.00735337227308613,0.00666117269863642,0.00416167976569038,0.0106163585010514,0.00586163491056103,-0.000529916245175656,-0.00892396041208277,0.058252845897348,NA,0.00957720398859058,0.0298839107276325,0.023867568042942,0.0190061785570192,0.00305698981682242
"gamma_EDUBASICA",0.000217458878285823,0.000152281930215055,0.00256658387161423,-0.000452276406635757,0.000857060414505842,-0.00284879701496287,0.0021094498319662,0.00391282281076933,0.00301200148543724,0.00182613819716085,0.00260030846447438,0.00253659951471802,0.00212664903756414,0.00311638976256837,0.000390293804283639,0.0028238899509224,-0.00195285489187734,-0.0232601202374789,0.0245376714751144,1,0.356547858102644,-0.0076419974276647,-0.0241254326552846,0.0365749808699697,-0.0703444646257249,0.0110621907460544,-0.147665005638048,NA,0.057332690006913,0.0321041290503198,0.0425263333209318,0.0166243937404939,-0.0142568031149969,NA,-0.00325432451292187,0.551718850574489,0.428930164054881,0.401114076155159,0.310784224783149,0.535163365214801,0.451232910979436,0.421578631931987,0.333826617542763,0.547515596042075,0.195712831320265,0.185972403332022,0.142850184104952,0.486160347651871,0.499955065206323,0.473350087043548,0.346736038785606,0.00768177265204584,-0.0271382384958338,-0.0204833006867352,-0.00939244825037523,0.0111379564159606,-0.0709664434221166,NA,-0.18805895763468,-0.00771922979464103,-0.00491204115778087,-0.00608485985516748,-0.00327738822250337
"gamma_CSECO",0.000197681518274638,9.85887698956082e-05,0.00265122942757448,-0.000230054450343701,0.000644206230743179,-0.00304709886934662,0.00204598132364656,0.00419391651184751,0.00357822155566159,0.00178201868394176,0.0026205603336144,0.00259383024116292,0.00205870994815801,0.00310308251589565,0.000227073465099013,0.00317936255288774,-0.0017646865328232,-0.0234743401070495,0.025959476618158,0.356547858102644,1,-0.0664224488820979,0.0631708298076033,0.0177217868894501,-0.0087788269074465,0.0960196837684522,-0.187091135091678,NA,0.0651772673015487,0.0141894220327235,0.108443294994785,0.0318130906860753,-0.0326317827303165,NA,-0.00637450621134274,0.690822306780762,0.53339633458108,0.491547294592514,0.357132583142716,0.670007808900997,0.548638597215457,0.50392487190232,0.382487285703006,0.69116746256295,0.291434335388116,0.27769537595654,0.219353014439511,0.614585880182734,0.628321804059024,0.594847794105076,0.424217150359414,0.0200322921863273,-0.0246980567290675,-0.0201809752193977,-0.011324416935688,-9.83426453099246e-05,-0.0130085993611906,NA,0.0991812252215252,-0.00555598595855259,-0.00517134398512123,-0.0042716520931782,-0.00216439958387797
"gamma_CONG_EF",0.000223802977876164,0.000109109892187212,0.00552836440664177,-0.000220466558708804,0.000787697858355644,-0.0041267459173648,0.00409610781692521,0.0053509246910669,0.0044505576171035,0.000949558628710345,0.00414536749194612,0.00461235278060075,0.00318330527969386,0.00437368673099814,0.000633767322733026,0.00340440272799234,-0.00247164010912879,-0.0384640396123871,0.0339820253488726,-0.0076419974276647,-0.0664224488820979,1,0.000963026719606997,-0.490261459767503,-0.148754098502582,-0.743149827044685,1.32317445709623,NA,0.191360757215048,0.121519970671078,-0.482523707163612,0.120887074534499,0.0159612880599128,NA,0.00107629574549317,-0.0992521929539613,0.0257865303920156,0.0603504549611475,0.113171306759086,-0.09708867204359,-0.0460415232103806,-0.0282989796268867,0.0198708154559611,-0.169537830249461,-0.473227504818445,-0.473328771277851,-0.480675799072999,-0.111150719273001,-0.0681348807309215,-0.0487360753420831,0.00554745883492943,-0.0108423207724293,0.0156526879360748,0.0211820909390541,0.0185774425515844,0.0114828948789044,0.359780296562492,NA,-0.00530931094473653,0.00190828493892671,0.00222717904463099,0.00296637964048375,0.00258501421172352
"gamma_SININFO",-0.000206001896947989,-0.000120751530882492,-0.00429972801765622,0.000148066153467402,-0.000606456258547146,0.00333346538112664,-0.00265734054811136,-0.00524464046946548,-0.00370661445694072,-0.00174629083357566,-0.00331676798957887,-0.0037959806532683,-0.00266146424520059,-0.00399562754646974,-0.000205975344611925,-0.00407469708582462,0.00233346596984335,0.0315387078978658,-0.0326066488118131,-0.0241254326552846,0.0631708298076033,0.000963026719606997,1,0.0989936245365721,-0.153547675274089,0.0197818580097928,-0.175294482274289,NA,0.0328104821191714,0.0169992870893474,0.100562437089091,0.0545772967294991,-0.0183288336970263,NA,0.00922334535575658,0.483562487912286,0.379962842583105,0.350612632233284,0.219693027406192,0.473898229724833,0.401535990000031,0.368524224887277,0.277042600444486,0.483863923171631,0.232790341322244,0.223424648332624,0.165556271984736,0.436211216814888,0.455182926416842,0.437202080680507,0.3163722205792,0.00893048471352603,-0.0219926073199168,-0.0183049581085052,-0.0103276456166207,-0.00903228116457342,-0.228388057955912,NA,-0.320521005711721,-0.0108433525243737,-0.0110870112933258,-0.00944228481668565,-0.00160292482903301
"gamma_HORAS_TRABAJO",-0.00012179517316715,-6.68616730052032e-05,-0.00313540434792513,0.000181276430509073,-0.000488264475531758,0.00216513510065304,-0.00192441580668626,-0.00300103049208412,-0.00231541282399368,-0.0003269562728217,-0.00211475938448872,-0.00235141238674123,-0.00173478675391047,-0.00243099043517706,-0.000504199941783553,-0.00205139272274559,0.00141964004235099,0.0199260393112188,-0.0182562818423508,0.0365749808699697,0.0177217868894501,-0.490261459767503,0.0989936245365721,1,-0.91192104907739,0.434016518351285,-2.50158422109858,NA,-0.185893734657168,-0.0949725366448517,0.359085523874303,-0.103720515465752,-0.0266401738263209,NA,-0.00814798374691112,0.107759998756068,-0.0140846726146248,-0.0422395129542201,-0.113816319931696,0.10790590504143,0.0682702676409798,0.0498635343135937,-0.00249043880607695,0.161496534991704,0.367463690455739,0.366426432527047,0.358109616844635,0.11709427940202,0.0827460325981383,0.0659447923199498,0.0093943282539207,-0.00747208070840171,-0.0368620320672647,-0.0389389297271688,-0.0347207284417825,-0.139867516389845,-1.83279289454173,NA,-1.51815234116445,-0.00648143583751368,-0.0130499934268272,-0.0135899552327696,-0.00736588360317395
"gamma_HPICO",1.9336670201437e-05,1.51261273251384e-05,0.000405603415271789,-4.03714662454418e-05,0.00012188053838213,-0.000284599119836721,1.80487956617816e-05,0.000627515470616662,0.000386400811942204,0.000199005850253362,0.000350212901634039,0.00042271506157118,0.000312354799564224,0.000562153703648028,8.42910230882631e-05,0.000665742774657385,-0.000319235512284295,-0.00265562987147482,0.00397919322706777,-0.0703444646257249,-0.0087788269074465,-0.148754098502582,-0.153547675274089,-0.91192104907739,1,-0.432114182716327,2.4093744130586,NA,0.0669454885816623,0.0267632128511724,-0.162846396013037,0.021746948962919,0.00212039627489174,NA,0.000579629410371323,-0.113266200059487,-0.0472653152103137,-0.0337404546521092,0.0206598871856735,-0.111581954395672,-0.0833748123105232,-0.0695104574741719,-0.0335737477409021,-0.135954333869284,-0.183802635094618,-0.182626576786623,-0.168151634309515,-0.10706100702,-0.0990233666819681,-0.0901281614149556,-0.0499637945108785,-0.00027451205943872,0.0112384740432907,0.0121812836704903,0.0121608964735237,9.40298519140218e-05,-0.116129525774644,NA,0.350938743416758,0.00121188824357921,0.00272236052499161,0.00342474126096216,0.00205998441126663
"gamma_CONG_CD",-0.000109736549727781,-4.75314515473429e-05,-0.00286908552306081,0.000138951462546574,-0.000400812769397431,0.00213330782788895,-0.00219454065516219,-0.00263060894844831,-0.00222112797440878,-0.000363792667036706,-0.00214563238054076,-0.00247041582683379,-0.00167093501652108,-0.0023086509499933,-0.000480271562939568,-0.00156871724474174,0.00124581664623927,0.0196350578305617,-0.0168794417144611,0.0110621907460544,0.0960196837684522,-0.743149827044685,0.0197818580097928,0.434016518351285,-0.432114182716327,1,1.61084524286323,NA,-0.161768901645862,-0.104112377368386,0.396552042451116,-0.100590649844428,-0.0122888354800724,NA,-0.000237553964497634,0.11353024876872,0.00226966863126361,-0.0279257615676388,-0.0819892443039917,0.111322700973927,0.06430209560011,0.0475968664613071,0.000456792952067219,0.170778712491545,0.400247313336025,0.399673591841419,0.400214530686486,0.120969769405922,0.0862190861019069,0.0687617572220149,0.0157254694925245,0.0103277767796324,-0.00810923428916623,-0.0129566738725474,-0.0122319880905359,0.039805228003376,-0.219506392865058,NA,0.0686616720059048,-0.000825264955403721,-0.000469495547831321,-0.000753489521081203,-0.000968812668628386
"gamma_USOCINTURON",0.00036013131452744,0.000203752835263214,0.00893629714645087,-0.000358413727800946,0.00119491714905904,-0.00646907952040347,0.00575843209546202,0.00918530958705389,0.00730897616713208,0.00171910285231793,0.00632577239369825,0.00701640681174319,0.00531581526913301,0.00733181387249638,0.00103737174832882,0.00662321540343863,-0.00388815692400955,-0.0614218855611261,0.0571323119293682,-0.147665005638048,-0.187091135091678,1.32317445709623,-0.175294482274289,-2.50158422109858,2.4093744130586,1.61084524286323,1,NA,0.344400739489092,0.186795204919473,-0.878414199952014,0.197717362581489,0.0297962272031153,NA,0.0024360570767745,-0.355988516603932,-0.0867074418980229,-0.0189417887799706,0.145002771577495,-0.350327030581684,-0.247583111975348,-0.201511452645826,-0.067920850609503,-0.480955792315409,-0.917270052011793,-0.912776289554223,-0.893586543902984,-0.355138141843465,-0.288747178350278,-0.24798185489435,-0.100991696461668,0.00665641841675392,0.0767149158036376,0.0847795585809466,0.0719367962694787,0.305612937810037,0.875096119626275,NA,0.836968219878422,0.0159042829797893,0.0248032837622675,0.0266234174734687,0.0139978422535273
"gamma_USODISPMOB",NA,NA,NA,NA,NA,NA,NA,NA,NA,NA,NA,NA,NA,NA,NA,NA,NA,NA,NA,NA,NA,NA,NA,NA,NA,NA,NA,NA,NA,NA,NA,NA,NA,NA,NA,NA,NA,NA,NA,NA,NA,NA,NA,NA,NA,NA,NA,NA,NA,NA,NA,NA,NA,NA,NA,NA,NA,NA,NA,NA,NA,NA,NA
"zeta_FRbr",0.000322713869052702,0.000175686985413298,0.00772119953648196,-0.000319410697982939,0.00126211020777782,-0.00586241747971421,0.00565276310365569,0.00653126650137535,0.00589450071467649,0.000774574879845685,0.0058237072623562,0.0057564170115607,0.00384540020411522,0.00522728649914928,0.000496968479163225,0.00359797774227755,-0.00267963321220275,-0.0511322513119259,0.042270560879617,0.057332690006913,0.0651772673015487,0.191360757215048,0.0328104821191714,-0.185893734657168,0.0669454885816623,-0.161768901645862,0.344400739489092,NA,1,0.177129729349445,-0.436059451614941,0.141022614599106,0.00521698044079374,NA,-0.00157190857828594,0.140853739571259,0.706279654288708,0.761953841393148,0.847377129668155,0.102478954502122,0.113423235172221,0.116278669719162,0.131285970726565,0.033839185622408,-0.388552223709072,-0.397702584206493,-0.415235355709379,0.0729454331674881,0.11186378753331,0.11368150657627,0.106861772244463,0.00165446319200735,0.00800941721771879,0.00865357263690598,0.00681231267552518,0.06658705848115,0.130903803911059,NA,0.134247921097883,0.00196547943549502,0.00317130563142062,0.00313737716340184,0.00160082958726218
"zeta_EnfCond",0.000106416087188652,5.7181482246265e-05,0.00232472833913031,-0.00010778129086688,0.00041842035724126,-0.00178367249859961,0.0015770578399987,0.00232169411312964,0.00189393394746829,0.00038395138842037,0.00179531629801967,0.00179300139948315,0.00134768147411277,0.00185040259124316,0.000243448752361964,0.00157432322274232,-0.00107479132003177,-0.0156892084697666,0.0147930673675056,0.0321041290503198,0.0141894220327235,0.121519970671078,0.0169992870893474,-0.0949725366448517,0.0267632128511724,-0.104112377368386,0.186795204919473,NA,0.177129729349445,1,-0.232545969626243,0.15014606609798,-0.00619244783824175,NA,-0.00191758463660692,0.0890968650484377,0.11804479526873,0.126606991684177,0.139326576157798,0.158909300531059,0.578812346185212,0.630495410257795,0.650814897030083,0.0462830830874055,-0.213664872246604,-0.217488083880321,-0.226706263529306,0.0560102067485715,0.0874986043451888,0.0916053112034072,0.0885251872102191,0.0054830256389863,0.00161825527322917,0.00149225807723741,0.000638007472423887,0.0358770433950912,0.169315837717062,NA,0.0242872537482256,-0.000130730363902259,0.00140755016732948,0.00148214183858753,0.00079971485767337
"zeta_AFrSem",-0.000220790915548915,-0.000114087252618993,-0.00519996474942516,0.000264800354448398,-0.000810959822678114,0.00368033679435428,-0.00342563907785976,-0.00511570880038125,-0.00418052868350578,-0.000755273239081248,-0.00379309519596165,-0.00417635458374049,-0.00301985891898342,-0.00419726717574875,-0.000683891822318024,-0.00346736263153021,0.00235884539581804,0.0346789370829292,-0.0321249450917888,0.0425263333209318,0.108443294994785,-0.482523707163612,0.100562437089091,0.359085523874303,-0.162846396013037,0.396552042451116,-0.878414199952014,NA,-0.436059451614941,-0.232545969626243,1,-0.168241321595298,-0.0230922162205794,NA,-0.00323221268493272,0.185952917418391,-0.129049756407492,-0.192892946180832,-0.309392502976864,0.180792262649559,0.0519005519239245,0.013452213644359,-0.072894444566372,0.337277166266852,0.962452426947235,0.967918042588846,0.980924814654628,0.20386915956658,0.126316860835052,0.0916825887791595,-0.00319357349994493,0.00199657015087339,-0.0388208167330643,-0.0365989162998386,-0.0261235454995207,-0.11101274105521,-0.567826697196529,NA,-0.33162303354443,-0.00733405148409576,-0.0109725130306167,-0.0122925394968051,-0.0071063758833864
"zeta_CulFr",4.81301220618287e-05,1.67349460872931e-05,0.000839358180854079,-3.49486361238917e-05,0.000144962945398788,-0.000579817510908658,0.000641829651212337,0.00132929056966145,0.00109753497895486,0.000517386990103128,0.000796260005655433,0.000863672514267764,0.000815717132150433,0.00110370219518243,0.000112035310319311,0.00133943513567026,-0.000731631597432255,-0.00747988218835371,0.00908274311277815,0.0166243937404939,0.0318130906860753,0.120887074534499,0.0545772967294991,-0.103720515465752,0.021746948962919,-0.100590649844428,0.197717362581489,NA,0.141022614599106,0.15014606609798,-0.168241321595298,1,0.00111258619874767,NA,-0.00174633862779828,0.0991767418039293,0.105354383841348,0.111225277617267,0.119411785361366,0.0979676292451957,0.0998974406701606,0.101142199005075,0.104547463830768,0.0653187872790535,-0.149861700765777,-0.152530293060897,-0.160532685757078,-0.0455632175284948,0.348058105175642,0.44800522749156,0.576334565199103,0.00267203529743373,0.00443375662760174,0.00497324647314361,0.00389362904941926,0.0410637095029006,0.0574818648002393,NA,0.0523141516015177,0.00155494408827754,0.00280229696361779,0.00252557873897188,0.000875170903041354
"zeta_OmLmVel",-5.03949123250014e-06,6.28022086738101e-06,-0.000938944275223676,-9.05436521931666e-05,7.47439753589332e-05,0.0008531712431723,-0.000512958403619559,-0.000822070531906877,-0.000509808396265648,-0.000169343256141073,-0.00057229548292349,-0.000722631469801472,-0.000387763102582917,-0.000396889439456369,-2.04138418005053e-05,-0.000563481457636563,0.000753704394750923,0.00517754137599595,-0.00617128794118169,-0.0142568031149969,-0.0326317827303165,0.0159612880599128,-0.0183288336970263,-0.0266401738263209,0.00212039627489174,-0.0122888354800724,0.0297962272031153,NA,0.00521698044079374,-0.00619244783824175,-0.0230922162205794,0.00111258619874767,1,NA,0.0154157727518188,-0.0314068849803233,-0.0153880536834805,-0.0128581491046753,-0.00893483049720521,-0.0303091195254874,-0.0251203087847882,-0.0237041274062678,-0.0198214104491865,-0.0345586849357967,-0.0278107842491722,-0.0278277833896229,-0.0269809062080997,-0.0272417680769091,-0.0254952403625198,-0.0233998466466937,-0.0160411695872394,-0.785952249411442,0.404221525409074,0.478411812756458,0.519572176119572,0.0319621590015291,0.0376109424357875,NA,-0.00631705622535644,0.012266943139512,0.0078767108165719,0.00473941177083633,0.00123099310365169
"zeta_IgPare",NA,NA,NA,NA,NA,NA,NA,NA,NA,NA,NA,NA,NA,NA,NA,NA,NA,NA,NA,NA,NA,NA,NA,NA,NA,NA,NA,NA,NA,NA,NA,NA,NA,NA,NA,NA,NA,NA,NA,NA,NA,NA,NA,NA,NA,NA,NA,NA,NA,NA,NA,NA,NA,NA,NA,NA,NA,NA,NA,NA,NA,NA,NA
